0 69
0 334
0 464
0 465
0 554
0 565
0 628
0 844
1 153
1 644
1 715
2 104
2 132
2 327
2 799
3 77
3 787
3 823
4 19
4 454
4 522
5 178
5 188
5 727
5 854
6 18
6 35
6 156
6 319
7 24
7 161
7 222
7 600
7 603
7 671
7 694
7 880
7 990
8 150
8 166
8 279
8 407
8 599
8 877
8 932
9 522
9 756
9 834
9 859
10 54
10 462
10 545
10 548
10 713
10 819
10 964
11 59
11 65
11 423
11 457
11 585
12 175
12 373
12 385
12 571
12 598
12 756
12 864
12 889
12 949
13 53
13 148
13 163
13 428
13 455
13 482
13 741
14 45
14 572
15 34
15 101
15 318
15 375
15 530
15 560
15 581
15 791
15 794
15 984
16 103
16 399
16 483
16 514
16 712
16 809
16 953
16 962
16 971
17 149
17 168
17 500
18 215
18 251
18 327
18 551
18 827
18 925
19 407
19 562
20 41
20 209
20 469
20 565
20 838
20 850
20 875
21 179
21 450
21 697
21 927
22 69
22 134
22 432
22 540
22 907
23 79
23 90
23 235
23 271
23 439
23 531
23 620
23 634
23 757
24 56
24 338
24 367
24 512
25 331
25 370
26 218
26 221
26 496
26 511
26 546
26 548
26 917
27 333
27 398
27 459
27 879
28 34
28 91
28 131
28 186
28 296
28 319
28 387
28 528
28 670
28 764
28 843
28 871
29 217
29 368
29 407
29 470
29 518
29 637
30 172
30 302
30 634
30 711
30 959
31 118
31 245
31 387
31 587
31 745
32 447
32 605
32 841
32 913
33 146
33 176
33 263
33 787
33 848
34 221
34 372
34 757
34 782
35 151
35 340
35 846
36 127
36 194
36 506
36 593
36 646
36 687
36 963
36 986
37 809
37 888
37 944
38 122
38 668
38 821
38 891
38 987
39 261
39 344
39 345
39 436
39 556
39 675
39 859
40 54
40 317
40 622
41 74
41 273
41 660
41 753
41 888
41 961
42 208
42 547
42 638
42 749
42 852
42 898
43 245
43 254
43 382
43 505
44 573
44 807
44 999
45 50
45 82
45 122
45 308
45 482
45 547
45 771
45 833
45 836
46 105
46 184
46 264
46 422
46 464
46 509
46 577
46 610
46 812
47 288
47 389
47 455
48 55
48 492
48 663
48 821
49 65
49 187
49 483
49 810
49 939
50 116
50 262
50 397
50 609
50 623
50 777
51 95
51 260
52 384
52 515
52 755
52 871
52 873
52 962
53 98
53 110
53 113
53 306
53 736
54 130
54 395
54 426
54 808
55 198
55 261
55 437
55 484
55 540
55 551
55 641
55 799
55 856
55 968
56 58
56 186
56 263
56 575
56 589
56 641
56 652
56 896
56 952
56 990
57 80
57 459
57 528
57 695
57 863
58 132
58 164
58 210
58 623
58 838
58 867
59 260
59 383
59 405
59 657
59 774
59 795
59 870
59 947
60 372
60 411
60 474
60 617
60 641
60 645
60 667
60 791
61 126
61 360
61 456
61 673
61 989
62 109
62 128
62 231
62 631
62 864
63 115
63 652
63 725
63 763
64 410
64 585
64 879
64 921
64 994
65 132
65 230
65 432
65 694
65 809
65 899
65 946
65 961
65 965
66 142
66 277
66 630
66 777
66 791
66 868
67 241
67 830
67 865
68 380
68 503
68 547
68 719
68 795
69 85
69 181
69 197
69 257
69 298
69 733
70 109
70 225
70 425
70 515
70 582
70 677
71 272
71 308
71 343
71 430
71 452
71 919
72 402
72 533
72 581
72 597
72 629
72 723
72 764
72 992
73 137
73 179
73 418
73 438
73 588
73 671
73 971
74 151
74 295
75 231
75 399
75 689
76 156
76 388
76 642
76 728
77 148
77 190
77 306
77 533
77 537
77 653
78 98
78 137
78 146
78 246
78 483
78 581
78 614
78 657
78 806
78 907
78 947
79 124
79 267
79 987
80 262
80 346
80 437
80 459
80 519
80 552
81 202
81 615
81 808
81 975
82 890
82 988
83 273
83 429
83 452
83 500
83 929
84 434
84 565
84 598
84 616
84 721
84 797
84 872
84 918
84 997
85 123
85 514
86 127
86 399
86 474
86 679
86 741
86 910
86 967
87 124
87 282
87 519
87 556
87 585
87 700
87 714
87 735
87 910
87 998
88 203
88 293
88 607
88 629
88 746
88 958
89 156
89 306
89 751
89 896
90 187
90 270
90 436
90 923
91 155
91 185
91 673
91 697
91 975
92 547
92 627
92 739
92 761
93 306
93 331
93 547
93 674
93 748
93 931
94 166
94 328
94 608
94 679
95 161
95 314
95 332
95 388
95 783
95 852
96 379
96 519
96 746
96 790
96 832
96 909
96 924
97 115
97 151
97 318
97 405
97 406
97 418
97 625
97 773
98 160
98 387
98 961
99 191
99 332
99 923
100 105
100 516
100 617
100 685
100 815
101 268
101 366
101 414
101 533
101 588
101 597
101 663
101 760
101 798
102 712
103 139
103 254
103 421
103 459
103 566
103 833
103 977
104 197
104 483
104 518
104 539
104 662
104 799
105 272
105 349
105 395
105 450
105 735
106 371
106 456
106 865
106 872
107 338
107 419
107 449
107 527
107 662
107 681
107 743
107 952
108 113
108 253
108 271
108 276
108 320
108 376
108 430
108 452
108 562
108 836
108 985
109 142
109 432
109 539
109 557
109 706
109 899
109 939
110 325
110 600
110 771
110 799
110 939
111 207
111 513
111 719
111 773
112 363
112 594
112 758
112 762
113 174
113 196
113 244
113 514
113 779
113 938
114 622
114 726
115 224
115 600
115 706
115 714
116 236
116 274
116 311
116 417
116 469
116 480
116 597
116 662
116 828
117 191
117 341
117 434
117 959
118 128
118 153
118 165
118 277
118 321
118 861
119 264
119 492
119 570
119 781
119 822
120 155
120 282
120 310
120 505
120 713
120 735
120 876
120 916
121 432
121 503
121 588
121 628
121 769
121 883
121 887
121 912
121 932
121 974
122 230
122 369
122 562
122 744
123 147
123 200
123 492
124 137
124 339
124 377
124 405
124 427
124 514
124 718
124 784
124 803
124 850
125 127
125 226
125 581
125 835
126 161
126 321
126 344
126 374
126 411
126 495
126 633
126 693
126 917
126 922
127 371
127 373
127 743
127 805
127 907
128 184
128 197
128 472
128 496
128 714
128 966
128 985
129 375
129 522
129 533
129 714
130 142
130 349
130 389
130 530
130 709
131 137
131 305
131 482
131 561
132 136
132 369
132 422
132 429
132 650
132 973
133 300
133 342
133 719
133 943
133 978
134 171
134 573
134 640
134 844
135 225
135 398
135 402
135 566
135 772
135 929
136 402
136 547
136 578
136 669
136 690
136 718
137 362
137 495
137 773
137 774
137 904
138 217
138 617
139 379
139 400
139 679
139 693
140 240
141 314
141 319
141 484
141 490
141 686
141 941
142 862
143 359
143 575
143 683
143 855
143 961
143 993
143 998
144 343
144 532
144 691
144 881
144 964
145 333
145 681
146 235
146 278
146 322
146 626
146 717
146 863
147 386
147 388
147 412
147 650
147 738
147 881
148 443
148 595
148 603
148 950
149 365
149 616
149 874
150 427
150 663
151 216
151 238
151 259
151 737
151 745
151 764
151 786
152 494
152 815
152 820
153 350
153 432
153 438
153 565
153 641
153 855
153 949
153 951
153 963
154 234
154 245
154 360
154 399
154 799
154 990
155 404
155 463
155 478
155 642
156 275
156 642
156 654
156 666
156 929
156 995
157 381
157 410
157 538
157 553
157 672
157 758
157 813
158 201
158 331
158 601
158 745
158 918
159 386
159 454
159 817
160 252
160 377
160 472
160 479
160 589
160 591
160 647
160 886
160 942
160 959
161 229
161 254
161 395
161 408
161 582
161 742
161 901
161 907
161 984
162 295
162 346
162 636
162 677
162 886
162 898
163 172
163 271
163 500
163 577
163 758
163 835
164 233
164 281
164 573
164 632
164 738
164 974
165 607
165 711
165 860
166 217
166 466
166 538
166 865
166 925
167 210
167 339
167 368
167 740
167 794
168 233
168 506
168 713
168 836
168 943
168 953
169 249
169 389
169 424
169 767
169 844
170 177
170 402
170 553
170 582
171 378
171 616
171 652
171 699
171 757
171 777
171 974
172 347
172 433
172 606
172 655
172 892
172 908
173 520
173 694
173 758
174 210
174 311
174 500
174 647
174 667
174 922
175 217
175 286
175 591
175 996
176 222
176 340
176 439
176 471
176 662
176 671
176 681
176 938
177 208
177 246
177 300
177 310
177 517
177 573
177 592
177 625
177 646
177 859
178 326
178 352
178 431
178 591
178 754
178 769
178 943
179 503
179 628
179 724
179 880
179 984
180 248
180 651
180 754
180 846
181 409
181 420
181 531
181 969
182 282
182 386
182 409
182 578
182 649
182 749
182 758
182 797
182 986
183 361
183 394
183 480
183 641
183 741
184 844
185 558
185 822
185 849
186 269
186 569
186 627
186 894
186 980
187 213
187 287
187 317
187 347
187 707
188 264
188 395
188 510
188 549
188 778
188 956
188 983
189 261
189 416
189 527
189 932
189 964
190 316
190 468
190 705
190 761
190 948
191 576
191 774
191 954
192 459
192 475
192 972
192 992
193 401
193 588
193 590
193 804
193 815
193 887
194 316
194 550
194 926
195 307
195 460
195 591
195 622
195 912
195 962
196 601
196 688
196 913
197 364
197 467
197 683
197 915
198 217
198 239
198 302
198 516
198 537
198 614
199 362
199 372
199 598
199 705
199 770
199 831
200 249
200 572
200 587
200 693
200 715
201 390
201 412
201 494
201 504
201 521
201 557
201 850
201 876
202 337
202 377
202 455
202 501
202 543
203 422
203 515
204 507
204 612
204 653
204 684
204 788
204 923
205 305
205 453
205 490
205 731
205 765
205 866
206 305
206 337
206 354
206 364
206 631
206 748
206 849
206 855
207 213
207 215
207 441
207 588
207 603
207 604
207 782
207 790
207 958
208 361
208 518
208 660
208 874
208 883
209 253
209 422
209 533
209 598
209 870
209 935
210 230
210 573
210 623
210 880
211 341
211 501
211 588
211 750
212 281
212 676
212 927
213 307
213 485
213 502
214 439
214 510
214 641
214 697
214 771
214 864
214 992
215 250
215 623
216 511
216 526
216 678
216 817
217 372
217 724
218 412
218 459
218 522
218 747
219 230
219 234
219 306
219 524
219 690
219 790
220 357
220 603
220 758
220 811
220 926
221 446
222 376
222 736
222 891
222 892
223 381
223 446
223 460
223 825
223 896
224 427
224 430
224 606
224 678
224 930
226 699
226 873
227 489
227 706
227 895
228 262
228 483
228 502
228 709
228 952
229 278
229 665
229 676
229 747
230 349
230 465
230 667
230 820
230 865
231 451
231 786
232 644
232 719
233 353
233 361
233 455
233 487
233 597
233 604
233 798
233 870
233 901
234 604
234 989
235 251
235 289
235 306
235 469
235 562
235 730
235 783
236 844
236 998
237 242
237 303
237 410
237 840
237 846
237 959
238 377
238 380
238 671
238 786
238 940
239 457
239 821
239 949
240 291
240 465
240 477
240 519
240 638
240 648
240 713
240 821
241 297
241 395
241 487
241 491
241 611
241 661
241 893
242 448
242 564
242 617
242 689
242 862
242 983
243 250
243 266
243 274
243 507
243 683
243 710
243 737
243 813
244 336
244 366
244 420
244 666
244 677
244 700
244 706
244 736
244 752
245 338
245 480
245 654
245 667
245 673
245 731
245 778
245 892
246 289
246 369
246 583
246 752
246 776
246 855
246 963
247 490
247 527
247 667
248 264
248 315
248 336
248 543
248 844
249 937
250 282
250 394
250 422
250 649
251 289
251 892
251 999
252 429
252 654
252 955
252 971
253 860
253 902
253 984
253 989
254 453
254 487
254 864
255 422
255 462
255 496
255 561
255 704
255 707
255 727
256 292
256 404
256 521
256 589
256 694
256 781
256 990
257 320
257 636
257 867
258 318
258 320
258 424
258 464
258 609
258 845
258 957
259 634
259 960
260 327
260 363
260 414
260 488
260 500
260 700
260 866
260 877
261 415
261 452
261 785
261 912
262 498
262 505
262 545
262 774
263 390
263 642
263 676
263 714
263 868
263 896
264 320
264 530
264 623
264 706
265 704
265 866
265 905
266 487
266 610
266 885
267 283
267 543
267 727
267 855
268 329
268 740
268 753
268 851
269 351
269 451
269 710
269 902
270 546
270 928
270 979
271 280
271 502
271 574
271 575
271 583
271 631
271 839
272 292
272 726
272 746
272 756
272 775
272 927
273 380
273 639
273 829
273 834
273 883
274 336
274 371
274 556
274 626
274 687
274 774
275 393
275 521
275 608
276 510
276 712
276 865
276 928
277 472
277 674
277 873
278 600
278 654
278 741
278 764
278 883
278 894
278 937
278 952
279 352
279 510
279 721
279 790
279 861
279 903
280 511
280 542
280 658
280 738
280 889
280 987
281 486
281 579
281 946
282 379
282 727
282 835
282 839
283 410
283 699
283 720
283 750
284 662
284 970
285 368
285 717
286 307
286 373
286 400
286 518
286 525
286 737
286 781
286 935
287 293
287 315
287 395
287 478
287 588
287 703
287 718
287 873
288 453
288 491
288 521
288 532
288 543
288 817
288 973
289 620
289 872
290 688
290 906
291 756
291 885
292 477
292 484
292 636
292 637
292 698
292 786
293 329
293 460
293 592
293 593
293 646
293 917
294 420
294 935
295 464
295 484
295 595
295 707
295 804
295 898
296 321
296 441
296 630
296 650
297 558
298 583
298 654
298 758
299 356
299 428
299 754
299 928
300 398
300 863
300 949
300 976
301 311
301 313
302 331
302 732
302 908
302 980
303 678
303 864
303 866
303 915
304 341
304 592
304 699
304 824
304 884
304 929
304 978
304 983
305 306
305 347
305 429
305 484
305 563
305 722
305 808
305 839
305 849
305 889
305 911
306 502
306 533
306 545
306 741
306 842
306 964
307 342
307 462
307 609
307 854
308 564
308 651
309 321
309 531
310 367
310 440
311 581
311 743
311 831
311 900
312 474
312 596
312 682
312 910
312 948
313 340
313 509
313 513
313 599
314 394
315 709
316 776
317 388
317 669
318 517
318 581
318 583
318 632
318 634
318 671
318 863
318 983
319 418
319 604
320 400
320 441
320 626
320 701
320 835
321 452
321 508
321 859
321 883
322 567
322 572
323 473
323 523
323 737
323 822
323 872
324 388
324 395
324 396
324 607
324 814
325 344
325 584
325 626
325 655
325 861
326 387
326 460
326 501
326 644
326 741
326 942
326 949
327 534
327 566
327 596
327 713
327 885
327 905
328 423
328 603
328 860
328 987
329 454
329 621
329 663
329 810
329 913
329 928
330 557
330 766
330 768
330 854
330 972
331 564
331 811
331 909
332 457
332 523
332 914
333 603
333 786
333 809
333 830
333 873
333 875
333 905
333 985
334 584
334 596
334 777
334 834
335 456
335 560
335 590
335 648
335 714
335 737
336 663
336 824
336 909
336 987
337 391
337 433
337 639
337 839
338 408
338 798
339 560
339 675
339 971
340 422
340 551
340 747
340 960
341 640
341 767
342 365
342 641
342 677
342 689
342 991
343 622
343 762
343 824
343 928
344 730
344 762
344 799
344 901
345 406
345 737
346 685
346 862
346 906
346 959
347 354
347 598
347 619
347 845
347 911
347 964
348 435
348 457
348 510
348 648
348 754
348 879
348 997
349 480
349 484
349 693
349 799
349 912
350 893
351 489
351 512
351 825
351 926
352 939
353 379
353 533
353 906
354 405
354 421
354 519
354 754
354 824
355 482
355 853
356 427
356 488
356 839
357 383
357 978
358 503
358 507
358 529
358 895
359 574
359 611
359 672
359 861
360 366
360 463
360 586
360 751
360 908
361 393
361 409
361 517
361 576
361 598
362 611
362 705
362 990
363 633
363 912
363 920
364 473
364 584
364 689
364 815
365 410
365 444
365 679
365 692
365 846
365 885
365 894
365 902
365 958
365 985
366 491
366 758
366 944
366 983
367 401
367 594
367 865
368 544
368 907
368 923
369 510
369 523
369 749
369 923
370 422
370 532
370 667
370 777
370 877
371 453
371 612
371 642
371 685
371 722
372 458
372 586
372 664
372 807
373 482
373 621
373 752
373 877
374 481
375 531
375 625
375 765
375 921
376 736
376 819
377 485
377 608
377 728
378 520
378 594
378 904
379 723
379 732
379 762
380 397
380 411
380 669
380 868
381 417
381 736
381 818
381 901
381 938
382 400
382 478
382 748
382 870
382 957
383 426
383 695
383 764
383 780
383 846
383 897
383 994
384 791
384 862
385 611
386 820
387 679
387 712
387 721
387 991
388 829
388 944
389 420
389 796
390 429
390 475
390 547
390 560
390 602
390 769
390 882
391 412
391 886
391 929
392 645
392 679
392 892
393 647
393 897
394 598
394 794
395 409
395 490
395 896
396 544
396 624
397 524
397 712
397 754
397 756
398 524
398 583
398 602
398 645
398 675
398 792
398 841
398 848
398 893
398 950
399 518
399 900
399 987
400 413
400 494
400 674
400 978
401 427
401 749
402 759
402 913
403 508
403 514
403 568
403 690
403 706
403 709
403 781
403 889
403 975
404 447
404 686
406 814
406 917
407 452
407 583
407 725
407 806
408 953
409 825
409 859
410 479
410 570
410 762
410 781
411 477
411 540
411 653
411 841
412 489
412 527
412 625
412 808
412 812
412 991
413 613
413 655
413 693
413 727
414 526
414 835
415 596
416 501
416 852
416 868
417 540
417 621
417 947
418 431
418 693
418 736
418 941
419 674
419 737
419 787
419 820
420 959
421 782
422 426
422 724
423 730
423 930
423 997
424 427
424 793
424 828
425 479
425 693
425 761
425 916
426 472
426 709
426 848
427 457
427 963
427 993
428 617
428 705
428 758
428 814
428 982
429 526
429 563
429 566
429 623
429 798
429 873
430 570
430 740
430 919
430 965
431 513
431 591
432 673
432 743
432 774
432 883
433 743
434 560
435 836
435 886
436 504
436 590
436 706
436 814
436 824
437 472
437 550
437 714
437 812
438 510
439 517
439 563
439 782
439 943
440 577
441 620
441 667
441 732
441 873
441 922
442 630
442 711
442 965
443 664
443 880
444 901
445 507
445 545
446 891
447 615
447 650
447 716
447 780
447 827
447 860
448 519
448 541
448 778
449 506
449 606
449 790
449 861
450 787
450 947
452 509
452 617
453 456
453 478
453 493
453 503
453 652
453 724
454 503
454 547
454 663
454 837
454 893
454 948
455 791
455 809
455 904
456 459
456 514
456 638
456 644
456 677
456 919
457 901
457 915
458 515
458 992
459 523
459 793
459 800
459 851
460 797
460 808
460 812
460 861
461 813
461 926
462 608
462 775
462 860
462 872
462 920
463 524
463 855
464 573
464 630
464 708
464 726
465 507
465 595
465 643
465 681
465 734
465 764
466 576
466 755
466 770
466 868
466 896
467 693
468 531
468 621
468 941
469 490
469 508
469 523
469 638
469 713
469 769
470 479
470 605
470 635
470 757
471 589
471 768
471 780
471 826
472 812
472 893
472 958
473 520
473 778
473 924
474 604
474 793
475 745
475 884
476 772
476 987
477 702
477 805
477 819
477 873
477 912
478 510
478 560
478 996
479 611
479 765
479 977
480 994
481 635
481 839
482 576
482 779
482 959
483 925
484 590
484 736
485 519
486 751
486 782
486 806
488 655
488 887
489 490
489 491
489 541
489 559
489 561
489 864
490 625
490 657
490 693
490 892
490 900
490 987
491 736
492 650
492 729
492 807
493 564
493 879
493 897
493 955
493 990
494 755
494 760
494 846
494 901
494 963
495 566
496 522
496 669
496 940
496 958
497 528
497 781
498 527
498 536
498 547
498 972
499 556
499 630
500 502
500 513
500 630
500 667
501 603
501 659
501 724
501 890
502 684
502 716
502 732
503 553
503 754
504 677
505 663
505 976
506 764
506 964
507 756
507 856
507 875
508 598
509 661
509 759
509 765
509 950
509 957
510 530
510 589
510 803
510 965
511 729
511 975
512 612
512 976
513 720
513 891
514 638
514 656
514 682
514 725
514 727
514 916
514 925
515 661
515 683
515 712
515 750
515 778
515 859
516 530
516 573
516 633
516 693
516 859
517 526
517 532
517 558
517 616
517 701
517 742
517 754
517 889
518 652
518 819
519 538
519 646
519 839
520 930
521 733
522 981
523 755
523 822
523 891
525 691
526 551
526 823
527 769
528 590
528 714
528 948
529 614
530 943
531 660
531 764
533 684
533 708
533 726
534 744
534 882
534 991
535 552
535 560
535 797
536 552
536 565
536 578
537 986
538 893
538 898
538 966
539 578
539 654
539 844
539 914
540 625
540 726
540 755
540 761
540 869
541 701
542 962
543 744
543 759
543 831
544 837
545 652
545 702
545 771
545 789
545 932
545 939
545 971
546 751
546 972
547 747
547 763
549 823
549 864
550 562
550 848
550 903
551 660
551 733
551 815
551 951
552 780
553 648
553 820
553 911
553 934
554 586
554 595
554 942
554 989
555 568
555 827
556 973
557 702
557 705
558 562
558 739
558 741
558 874
559 652
559 699
559 747
559 957
560 707
560 815
560 976
561 615
561 778
561 874
562 895
563 583
563 869
563 972
564 823
565 694
565 820
566 929
566 948
567 784
567 814
568 637
569 775
569 871
569 919
570 780
570 989
571 598
571 894
572 777
572 790
572 845
573 605
573 685
573 696
573 747
573 760
573 997
574 729
574 752
576 708
576 884
577 648
577 756
578 666
578 757
578 944
579 632
579 879
579 971
580 640
580 743
580 824
580 893
580 962
581 678
581 744
581 775
581 954
582 662
582 737
582 776
583 626
583 911
584 607
584 611
584 709
584 779
584 882
585 828
585 938
585 941
586 636
586 648
586 893
586 894
587 652
587 960
587 988
588 625
588 699
588 846
588 993
589 788
589 889
589 915
590 706
590 713
590 802
591 815
591 958
592 656
592 732
592 736
592 806
593 616
593 740
593 974
594 635
595 734
595 766
595 829
595 939
596 612
596 812
596 837
598 608
598 618
599 625
599 648
599 935
600 797
601 667
601 669
601 681
601 771
601 814
601 854
601 918
601 943
602 618
602 634
602 792
603 687
603 736
603 764
603 861
604 765
604 881
605 969
606 778
606 853
607 673
608 626
608 862
609 765
610 949
611 713
613 762
613 765
614 994
615 883
616 946
617 833
618 645
618 862
618 999
619 761
619 802
621 683
622 623
622 829
622 915
623 681
623 835
623 846
623 863
624 668
624 780
625 812
625 962
626 661
626 670
626 844
626 869
626 905
626 973
626 988
627 837
627 945
628 820
628 884
628 905
629 675
629 745
629 863
630 655
630 759
630 927
630 955
630 965
631 878
631 883
631 956
631 979
632 725
632 945
632 968
633 702
633 727
634 730
634 873
636 937
637 761
638 900
638 936
639 777
639 858
640 900
641 666
641 721
641 756
641 799
641 832
642 724
643 854
644 737
645 694
645 725
645 948
646 756
646 918
646 923
646 940
646 954
647 768
647 926
649 770
649 820
650 670
650 933
650 963
651 878
652 663
652 747
653 686
653 809
654 699
654 825
654 905
655 688
655 764
655 772
655 935
656 681
656 712
657 724
657 741
658 878
658 905
658 924
658 939
659 665
659 685
659 878
659 927
660 846
660 893
660 975
661 695
661 773
661 967
664 856
665 697
665 820
665 841
665 892
666 722
666 802
666 834
666 920
666 986
667 842
667 872
668 830
668 862
669 727
669 744
669 778
669 912
669 957
672 893
673 699
673 859
674 849
674 958
675 944
676 731
676 784
676 828
676 999
677 882
678 745
678 985
680 699
680 741
681 693
682 858
683 733
683 972
684 690
684 936
686 788
686 816
686 823
686 931
687 883
687 965
687 969
687 974
689 847
689 906
692 769
692 771
692 883
693 723
693 764
694 801
694 850
694 994
695 765
695 894
695 903
697 808
698 703
698 852
698 869
699 758
701 767
701 830
701 928
701 939
702 715
702 784
702 796
702 870
702 954
703 798
704 721
704 923
704 944
705 817
705 909
705 956
706 774
706 777
706 782
706 861
707 729
707 745
707 779
707 849
707 915
708 814
708 815
708 840
708 850
708 856
709 796
709 877
710 761
711 784
711 919
711 949
712 716
712 764
712 833
713 715
713 939
714 773
714 922
715 718
715 787
715 898
716 953
717 740
717 946
718 989
719 927
719 938
720 800
720 828
721 848
722 755
722 853
724 767
724 894
724 947
725 811
725 995
726 962
727 856
727 953
728 815
729 918
729 990
730 743
730 932
731 787
732 747
732 748
732 807
732 828
732 867
732 908
732 920
732 987
732 992
735 751
735 886
736 908
736 956
738 772
740 855
740 914
741 879
741 884
741 908
742 840
742 995
743 776
743 960
743 993
744 916
745 754
745 981
747 817
747 833
747 835
748 847
748 848
748 918
749 829
751 768
751 891
751 899
751 909
751 965
752 916
753 796
753 901
753 910
754 806
754 841
754 988
755 897
755 932
756 781
756 972
757 862
758 827
760 813
760 839
763 770
765 801
766 887
767 794
767 796
767 861
768 843
768 886
769 923
771 911
771 988
775 851
775 974
776 946
777 790
777 871
778 908
779 942
781 803
781 881
781 894
781 904
781 921
781 995
782 805
782 932
783 892
783 963
783 991
784 807
784 967
785 805
785 816
786 944
787 871
788 801
792 806
792 847
792 900
792 995
793 803
793 851
793 953
794 981
796 902
797 799
798 836
801 836
805 847
806 980
807 870
808 979
811 985
815 891
815 964
816 874
816 897
816 966
816 975
818 889
820 899
820 952
821 931
821 967
822 956
823 981
824 869
825 834
825 905
826 867
829 877
829 880
829 980
830 987
832 863
833 929
833 930
833 967
834 978
835 907
836 874
837 857
838 848
838 941
839 840
839 846
839 859
839 869
841 870
842 886
842 889
842 919
846 875
847 931
849 909
850 903
852 901
853 970
856 884
857 925
857 931
858 874
858 923
858 941
858 965
861 892
861 965
862 933
864 899
865 935
866 871
866 917
867 895
867 972
869 900
869 920
872 929
873 905
873 913
876 901
876 931
879 889
880 997
882 989
883 933
886 913
887 976
890 952
890 987
893 903
893 932
895 926
901 910
906 979
907 941
908 964
909 933
914 992
915 917
915 996
921 938
923 954
923 967
927 952
939 950
943 952
946 966
948 969
951 978
954 999
959 962
963 989
963 995
966 987
968 996
974 987
977 990
978 988
