0 147
0 165
0 187
0 365
0 432
0 480
0 487
0 513
0 720
0 747
0 972
1 467
1 799
2 156
2 175
2 285
2 752
3 51
3 105
3 122
3 233
3 280
3 526
3 542
3 543
3 738
3 998
4 201
4 263
4 521
4 562
4 577
4 651
5 22
5 30
5 300
5 632
5 801
5 833
5 905
5 971
5 979
6 215
6 299
6 505
6 777
6 975
7 53
7 174
7 426
7 536
7 707
7 841
8 215
8 408
8 779
9 14
9 230
9 405
9 576
9 781
9 941
10 409
10 445
11 72
11 199
11 544
11 580
11 666
11 909
12 163
12 311
12 381
12 402
13 307
13 502
13 800
13 909
14 353
14 918
15 73
15 113
15 679
15 703
16 170
16 318
16 615
16 993
17 46
17 63
17 378
17 709
18 85
18 382
18 450
18 485
18 559
18 959
19 453
19 978
20 700
20 901
20 925
21 142
21 391
21 497
21 580
21 627
21 633
21 755
22 143
22 242
22 256
22 502
22 558
22 800
22 922
23 380
23 802
23 904
23 954
24 93
24 450
24 533
24 593
24 618
24 704
24 868
24 940
25 156
25 305
25 429
25 595
25 700
25 851
26 290
26 330
26 443
26 449
26 658
26 659
26 663
26 999
27 100
27 176
27 303
27 322
27 412
27 555
27 692
27 769
27 901
28 46
28 215
28 480
28 762
28 790
28 976
29 94
29 755
29 782
29 984
30 209
30 305
30 502
30 532
30 731
30 760
30 796
30 818
30 822
31 246
31 548
31 581
32 185
32 332
32 450
32 930
33 255
33 731
33 757
33 921
34 141
34 195
34 436
34 794
34 795
35 257
35 361
35 529
35 590
35 697
35 768
36 60
36 150
36 259
36 317
36 345
36 827
36 993
37 71
37 215
37 272
37 427
37 487
37 674
37 706
37 874
38 460
38 782
39 65
39 370
39 680
40 131
40 154
40 195
40 263
40 298
40 397
40 424
40 754
40 788
40 907
41 496
41 641
41 793
41 826
41 853
41 859
41 877
41 983
42 94
42 102
42 122
42 451
42 522
42 528
42 544
42 907
42 993
43 166
43 665
43 808
43 894
43 928
43 938
44 200
44 314
44 690
44 815
44 851
44 994
45 55
45 123
45 257
45 336
46 135
46 176
46 595
46 855
47 116
47 170
47 366
47 703
47 817
47 984
48 132
48 326
48 408
48 532
48 533
48 820
48 888
48 947
49 223
49 367
49 454
49 475
49 527
49 592
49 808
49 969
49 977
49 980
50 164
50 255
50 908
51 394
51 715
52 70
52 230
52 268
52 550
52 823
52 849
52 992
53 109
53 325
53 431
53 477
53 526
53 561
53 728
53 922
54 422
54 481
54 669
55 91
55 100
55 488
55 611
55 668
55 793
56 276
56 485
56 922
57 102
57 796
57 843
57 859
58 98
58 305
58 411
58 421
58 427
58 744
59 247
59 439
59 611
59 647
59 693
59 808
60 117
60 169
60 301
60 482
60 676
60 744
61 128
61 466
61 475
61 679
61 711
61 918
61 954
61 974
61 987
62 82
62 283
62 341
62 497
62 813
62 827
62 892
63 146
63 259
63 325
63 508
63 535
63 560
63 569
63 588
63 769
63 881
63 946
63 950
64 213
64 481
64 700
65 243
65 294
65 763
65 848
66 777
66 781
66 892
66 896
67 109
67 226
67 426
67 734
67 784
68 321
68 343
68 353
68 621
68 720
68 776
68 833
68 949
69 152
69 531
69 764
69 784
69 857
69 946
70 212
70 342
70 759
70 904
70 936
71 170
71 427
71 816
71 858
72 109
72 724
72 754
73 362
73 389
73 568
73 626
73 773
73 878
73 982
74 231
74 465
74 520
75 230
75 842
76 162
76 164
76 347
76 773
76 797
76 856
77 87
77 141
77 304
77 403
77 444
77 490
77 675
78 253
78 438
78 578
78 659
78 767
78 867
78 934
78 947
78 969
79 235
79 362
79 577
79 954
79 986
80 317
80 649
81 192
81 503
81 586
81 658
82 121
82 410
82 418
82 689
82 777
82 926
83 84
83 155
83 179
83 285
83 322
83 526
83 688
83 796
84 86
84 387
84 402
84 404
84 586
84 636
84 687
84 714
84 793
84 806
84 845
84 850
85 248
86 136
86 284
86 706
86 808
86 811
87 122
87 128
87 133
87 292
87 334
87 817
87 867
88 214
88 766
88 890
89 322
89 542
89 560
89 610
89 669
89 736
89 869
90 124
90 165
90 186
90 213
90 322
90 370
90 667
90 780
90 784
90 969
91 175
91 537
91 802
91 962
91 989
92 116
92 290
92 543
92 586
92 795
92 831
93 115
93 120
93 270
93 318
93 517
93 564
93 673
94 368
94 482
94 586
94 680
94 820
94 955
94 974
95 830
95 912
96 143
96 235
96 291
96 370
96 393
96 684
96 719
96 905
96 932
97 271
97 613
97 647
97 650
97 700
97 997
98 138
98 480
98 874
98 963
98 968
99 119
99 508
99 571
99 754
99 755
100 471
100 553
100 762
100 763
100 851
100 890
101 187
101 681
101 865
102 750
102 763
102 925
103 159
103 295
103 787
103 952
104 122
104 193
104 228
104 243
104 345
104 467
104 942
104 982
105 365
105 404
105 484
105 678
105 781
106 340
106 341
106 522
106 719
106 769
107 194
107 347
107 358
107 420
107 741
107 905
108 371
108 877
108 881
108 928
108 958
109 247
109 369
109 907
110 236
110 340
110 457
110 529
110 698
110 781
111 190
111 689
111 868
111 923
112 210
112 235
112 239
112 271
112 282
112 287
112 345
112 479
112 526
112 698
112 848
112 889
113 674
113 806
113 956
113 958
114 220
114 231
114 347
114 398
114 424
114 746
115 190
115 549
115 921
116 776
116 950
117 377
117 573
117 631
118 602
118 843
118 924
119 267
119 299
119 436
119 568
119 570
120 148
120 587
120 630
120 857
121 245
121 309
121 434
121 858
122 539
122 864
123 340
123 435
123 463
123 677
123 791
123 856
124 159
124 225
124 724
125 375
125 471
125 626
125 632
125 739
125 865
125 940
125 983
126 462
127 134
127 209
127 248
127 322
127 404
127 603
127 705
128 176
128 248
128 488
128 849
129 356
129 453
129 479
129 692
129 723
129 906
130 302
130 376
130 453
130 513
130 810
130 852
130 872
131 597
132 456
132 493
132 500
133 575
134 171
134 289
134 825
134 827
134 874
135 464
135 521
135 739
135 814
135 999
136 279
136 505
136 739
137 252
138 620
138 745
138 902
139 280
139 504
139 566
139 567
139 673
139 857
140 290
140 353
140 435
140 819
141 188
141 393
141 589
142 189
142 329
142 504
142 763
142 830
142 986
143 196
143 300
143 303
143 572
143 581
143 608
143 689
143 728
143 757
143 888
143 931
143 955
143 975
144 307
144 326
144 847
145 186
145 401
146 148
146 338
146 378
147 713
148 475
148 485
148 500
148 511
148 856
149 418
149 501
149 666
149 859
149 875
149 910
149 995
150 607
150 625
150 783
150 905
150 915
151 310
151 556
151 622
151 896
151 954
152 434
152 953
153 647
153 744
154 466
154 533
154 574
154 772
154 874
155 308
155 383
155 544
155 645
155 756
155 877
155 988
156 241
156 248
156 387
156 500
156 571
156 628
156 631
157 288
157 546
157 658
157 731
157 736
157 820
157 962
158 183
158 233
158 398
158 406
158 458
158 468
158 633
158 726
158 875
159 169
159 278
159 300
159 357
159 385
159 851
160 269
160 329
161 196
161 243
161 267
161 438
161 583
161 912
162 199
162 248
162 770
163 177
163 199
163 669
163 872
163 893
164 410
164 465
164 946
165 188
165 189
165 264
165 404
165 454
165 558
165 592
165 657
165 699
166 315
166 348
166 490
166 616
166 896
166 978
166 996
167 397
167 543
167 731
167 787
167 854
168 266
168 457
168 678
168 800
168 863
169 193
169 238
169 539
169 715
169 891
170 206
170 328
170 421
170 460
170 474
170 521
170 656
170 997
171 224
171 381
171 639
171 689
171 848
171 853
172 181
172 347
172 549
172 586
172 589
172 600
172 711
172 783
172 901
173 559
174 359
174 460
174 521
174 555
174 717
175 228
175 284
175 862
175 863
175 887
176 370
176 586
176 737
176 893
177 312
177 499
177 502
177 539
177 718
177 883
177 953
178 252
178 463
178 482
178 881
179 338
179 718
179 812
179 836
180 191
180 241
180 250
180 468
180 476
180 530
180 551
180 570
180 701
181 190
181 262
181 282
181 551
181 567
181 675
181 937
181 941
181 973
182 203
182 385
182 518
182 745
182 865
182 871
183 393
183 843
184 211
184 366
184 609
184 681
184 804
184 824
184 856
184 932
185 401
185 781
185 975
186 642
186 837
187 456
187 664
188 248
188 556
188 645
188 790
188 975
189 327
189 504
189 597
190 205
190 266
190 440
190 887
191 239
191 346
191 357
191 571
191 602
191 663
191 771
191 789
191 866
191 990
191 999
192 309
192 600
193 351
193 401
193 445
193 632
193 845
194 328
194 391
194 415
194 445
194 472
194 490
194 619
194 659
194 818
194 920
194 953
195 585
195 602
195 727
195 837
195 904
195 908
196 375
196 452
196 799
197 303
197 316
197 381
197 645
197 655
197 727
198 238
198 241
198 344
198 480
198 537
198 746
198 747
198 918
198 998
199 232
199 340
199 489
199 787
200 534
200 570
200 733
200 779
200 885
201 215
201 309
201 391
201 652
201 715
201 871
202 355
202 364
202 496
202 569
202 636
202 829
202 890
203 246
203 266
203 294
203 378
203 776
203 785
204 294
204 350
204 375
204 518
204 580
204 599
204 626
204 674
204 879
205 849
205 903
206 394
206 729
206 769
206 928
207 566
207 581
207 599
207 658
207 673
207 901
208 377
208 901
208 907
208 911
209 211
209 279
209 561
209 711
209 822
209 934
210 381
210 455
210 733
210 747
210 893
211 235
211 359
211 595
211 641
211 741
212 239
212 307
212 536
212 656
212 673
213 222
213 230
213 422
213 511
213 546
213 567
213 595
213 908
213 936
213 940
213 945
214 242
214 572
215 337
215 388
215 405
215 522
215 641
215 854
215 952
216 237
216 331
216 452
216 956
217 346
217 755
217 812
217 855
217 873
218 307
218 390
218 449
218 451
218 757
219 366
219 589
219 678
220 328
220 348
220 356
220 615
220 833
221 588
221 632
221 737
221 860
221 936
222 290
222 793
223 240
223 635
223 755
223 958
224 484
224 513
224 586
225 332
225 623
226 313
226 477
226 533
226 701
226 839
227 296
227 493
227 598
227 703
227 712
227 738
228 301
228 304
228 527
228 761
228 964
229 401
229 433
229 509
229 737
229 878
229 929
230 328
230 391
230 500
230 644
230 667
230 790
230 845
231 462
231 463
231 674
231 769
231 972
231 989
232 338
232 818
232 983
233 570
233 609
234 242
234 423
234 625
234 991
235 734
236 532
236 711
236 765
236 811
236 865
236 924
237 323
237 390
237 397
237 738
237 853
238 272
238 548
238 637
238 680
238 764
239 360
239 384
239 409
239 570
239 622
239 795
241 425
241 497
241 643
242 981
243 716
244 520
244 632
245 503
245 687
246 503
246 582
246 815
246 951
247 277
247 447
248 715
248 843
248 888
248 906
249 262
249 436
249 769
249 917
250 434
250 549
250 780
250 888
251 295
251 730
251 859
252 533
252 757
253 634
253 716
253 747
253 899
253 905
253 951
253 981
254 401
254 565
254 601
255 540
255 891
256 386
256 413
256 516
256 602
256 683
256 850
256 921
256 962
256 976
257 667
258 350
258 568
258 590
259 263
259 447
259 625
259 805
260 467
260 843
261 282
261 324
261 619
261 714
261 786
261 986
262 369
262 419
262 489
262 614
262 747
263 266
263 319
263 458
263 835
263 864
265 349
265 735
266 495
266 528
266 825
266 871
266 944
267 290
267 432
267 776
267 787
268 297
268 394
268 466
268 528
269 298
269 329
269 587
269 693
269 711
269 764
270 480
270 513
270 695
271 706
271 758
271 760
271 821
271 873
271 892
272 380
272 583
272 751
272 885
272 979
273 410
273 421
273 557
273 917
273 996
274 291
274 629
274 926
275 788
276 636
276 730
276 825
277 313
277 467
277 468
277 524
277 655
277 659
277 886
278 465
278 493
278 804
278 943
278 998
279 405
279 469
279 511
279 798
280 369
280 430
280 454
280 575
280 650
280 812
280 991
281 850
281 924
282 647
282 987
283 574
283 595
283 838
283 864
283 900
284 348
284 466
284 505
284 645
284 965
285 385
285 550
285 570
285 650
285 657
285 926
286 289
286 303
286 707
286 891
286 904
286 911
286 959
287 431
287 781
287 984
288 290
288 525
289 319
289 712
290 382
290 400
290 679
290 713
291 341
291 353
291 595
291 881
291 978
292 447
293 428
293 638
293 780
293 910
293 940
294 358
294 457
294 463
294 465
294 553
294 603
294 622
295 361
295 911
296 521
296 536
296 660
296 733
296 788
296 843
297 300
297 403
297 456
297 631
297 852
297 875
298 403
298 674
298 961
298 986
299 316
299 366
299 508
299 651
299 769
300 463
300 781
300 868
301 709
301 734
302 521
302 562
303 357
303 729
303 910
304 318
304 550
304 816
304 879
304 961
305 832
305 999
306 458
306 630
306 953
307 362
307 470
307 852
307 882
308 460
308 582
308 899
308 966
308 993
309 531
309 687
309 732
309 874
309 919
310 346
310 536
310 553
310 594
310 595
310 721
310 724
310 893
310 940
311 341
311 346
311 605
311 730
311 879
312 354
312 637
312 805
312 962
313 373
313 460
313 591
313 746
313 767
313 845
314 395
314 680
314 713
314 953
315 583
315 630
315 759
315 818
316 323
316 581
316 670
316 851
316 878
316 918
316 948
317 406
317 723
317 898
318 390
318 402
318 738
318 770
319 520
319 650
319 938
319 954
320 512
320 655
320 688
321 455
321 484
321 664
321 764
321 911
322 372
322 612
322 643
322 773
322 895
322 983
323 389
323 494
323 579
323 620
324 381
324 869
325 332
325 359
325 503
325 516
325 799
325 870
326 377
326 533
326 621
326 650
326 724
326 843
326 904
327 858
327 889
327 892
327 959
327 975
328 383
328 509
328 766
328 928
329 374
329 375
329 377
329 448
329 725
329 741
329 758
329 793
329 801
330 335
330 612
330 740
330 763
330 802
331 450
331 690
331 717
331 769
332 388
332 704
332 713
332 726
332 758
332 911
332 980
333 435
333 570
333 723
333 858
334 739
335 775
335 845
336 427
336 683
336 842
336 853
336 948
337 467
337 495
338 379
338 471
338 525
338 777
338 988
339 467
339 482
339 526
339 616
339 717
339 754
339 764
339 856
339 893
340 602
340 948
341 406
341 559
341 660
341 945
342 363
342 551
342 649
342 814
342 838
342 867
343 397
343 495
343 641
343 897
343 950
344 371
344 414
344 681
344 924
344 948
345 394
345 420
345 531
345 677
345 679
345 701
345 895
345 918
346 385
346 733
347 442
347 955
347 990
348 623
348 672
348 676
348 777
348 971
349 746
349 962
350 770
350 808
350 975
351 604
351 759
351 765
351 788
351 856
351 939
352 760
352 807
352 811
352 901
353 680
353 685
353 763
353 789
353 845
353 973
354 358
354 423
354 540
354 566
354 706
354 880
354 970
354 974
355 423
355 528
355 625
355 633
355 834
355 894
356 920
357 485
357 552
357 633
357 730
357 837
357 981
358 484
358 589
359 411
359 529
359 541
359 894
360 553
360 978
361 541
361 622
361 759
362 484
362 953
363 518
363 589
363 674
363 706
363 852
364 376
364 446
364 936
365 454
365 620
365 841
365 846
365 892
365 911
366 525
366 564
366 778
367 408
367 411
367 577
367 859
367 923
368 424
368 523
368 607
368 767
368 915
369 627
369 872
369 875
370 459
370 463
370 543
370 812
371 510
371 686
371 724
372 417
372 500
372 682
372 933
372 954
372 960
373 507
373 532
373 851
373 946
373 969
374 480
374 508
374 744
374 866
374 902
374 979
375 689
375 850
375 975
376 886
376 995
377 571
377 751
378 673
378 735
378 773
378 807
378 827
378 944
378 945
378 952
379 575
379 722
379 758
379 964
380 802
381 605
381 694
381 787
382 451
382 640
382 707
382 838
382 989
383 402
383 437
383 600
383 785
383 904
383 910
384 436
384 582
384 727
384 789
384 839
384 855
384 966
385 757
385 843
385 929
386 391
386 459
386 473
386 570
386 626
386 694
386 849
386 962
387 485
387 511
387 586
387 667
387 933
387 948
388 549
388 592
389 748
389 799
389 999
390 541
390 670
390 822
390 880
390 915
391 405
391 772
391 896
391 905
391 963
392 425
392 713
392 739
392 785
392 788
393 567
393 603
393 690
393 921
393 950
394 413
394 456
394 591
394 657
394 729
395 464
395 557
395 742
396 680
397 542
397 567
397 884
398 708
399 421
400 436
400 729
400 816
400 828
401 437
401 607
401 665
401 985
401 994
402 531
402 548
402 665
402 915
402 925
402 933
402 943
403 577
403 642
403 653
403 711
403 756
403 889
403 899
404 431
404 450
404 453
404 505
404 986
405 448
405 475
405 508
405 842
405 887
405 965
406 741
407 846
407 963
407 968
408 432
408 461
408 505
408 611
408 704
408 879
408 977
409 506
409 538
409 967
410 901
411 443
411 502
411 799
411 808
413 684
413 888
413 905
413 915
413 920
414 753
414 847
414 849
414 860
415 479
416 655
416 820
417 444
417 499
417 745
418 478
418 516
418 560
418 724
418 915
419 686
419 961
420 535
421 571
421 630
421 663
421 794
421 832
421 949
422 721
423 677
424 595
424 876
425 444
425 788
426 468
426 848
427 441
427 913
428 662
428 744
428 786
428 835
428 867
428 935
429 708
429 759
429 763
429 790
429 814
429 910
429 935
429 968
430 598
430 615
430 703
430 975
431 929
432 473
432 474
432 690
432 885
433 694
433 763
434 496
434 498
434 637
434 652
434 917
435 610
435 612
435 716
435 935
436 700
437 580
437 791
438 739
438 817
438 959
438 972
439 701
439 861
439 894
439 987
440 442
440 529
440 535
440 588
440 908
441 447
441 683
442 821
442 958
443 513
443 578
443 881
444 536
444 798
444 921
445 878
445 881
445 914
446 557
446 660
447 967
448 584
448 854
448 916
449 503
449 568
449 847
450 517
451 471
451 502
452 481
452 523
452 580
452 583
452 624
452 783
452 958
453 486
453 807
453 811
454 676
454 693
454 876
454 936
454 943
454 989
456 764
456 906
457 544
457 917
458 463
458 545
458 902
459 496
459 519
459 996
460 640
460 714
461 528
461 649
461 673
461 868
461 905
461 926
461 948
462 552
462 994
463 608
463 661
463 687
463 805
464 680
464 700
465 640
465 957
465 973
466 622
466 852
467 607
467 653
467 656
467 805
467 891
467 908
468 710
468 850
468 963
469 488
469 650
469 690
469 747
469 752
469 877
469 899
470 594
470 680
470 732
470 806
470 945
471 501
471 517
471 520
471 744
471 855
471 871
471 959
471 967
472 609
472 611
472 735
472 741
472 784
473 630
473 794
474 486
474 805
475 575
475 692
475 723
476 637
477 501
477 582
477 629
477 725
477 764
477 812
477 850
478 886
479 583
479 699
479 731
479 788
479 881
479 946
479 947
480 861
481 601
481 713
482 598
483 605
483 792
483 855
483 936
484 545
484 804
484 937
484 953
486 669
486 963
486 992
487 525
487 701
487 770
487 911
487 917
488 502
489 632
489 723
489 777
490 736
490 949
491 762
491 811
491 915
492 603
492 615
493 823
493 999
494 512
494 551
494 594
494 680
494 890
495 522
496 503
496 571
496 605
496 787
496 842
496 983
496 987
497 517
497 968
498 624
498 991
499 752
499 765
500 523
500 764
500 810
500 949
501 513
501 854
501 901
502 631
502 662
502 720
502 925
502 984
503 543
503 565
503 599
503 867
504 509
504 582
504 738
504 816
505 538
505 787
505 952
506 548
506 746
506 784
506 916
507 711
507 757
507 963
508 547
508 857
509 668
509 807
509 888
509 947
510 539
510 642
510 698
510 838
511 991
512 636
512 875
513 612
513 890
513 930
514 682
514 725
514 828
514 852
514 906
514 951
514 994
515 588
515 631
515 893
515 970
516 556
516 566
516 623
516 629
516 836
516 904
516 908
517 600
518 949
519 843
520 521
520 636
520 668
520 713
520 801
521 605
521 692
521 752
521 831
521 835
521 876
522 580
522 708
522 871
522 884
523 640
523 967
524 902
524 967
525 881
525 980
526 948
527 562
527 614
527 711
527 813
527 969
528 562
528 661
528 898
529 670
530 984
532 629
532 764
533 889
534 554
534 569
534 582
534 847
534 868
535 805
535 893
536 687
537 593
537 861
538 804
539 838
539 923
539 939
540 735
540 775
540 817
540 864
542 713
543 838
543 919
543 936
545 725
545 732
545 852
545 911
546 577
546 766
546 791
546 912
547 723
547 796
548 850
548 936
549 798
549 839
549 916
550 618
550 651
550 656
550 697
551 573
552 766
552 781
552 987
553 591
553 594
553 978
554 670
554 700
554 721
554 781
554 850
554 987
555 575
555 964
556 797
556 859
556 860
556 883
557 581
557 675
557 841
557 879
558 850
558 918
559 566
559 919
559 925
560 628
560 732
560 760
560 814
561 760
561 806
561 832
561 934
562 741
563 707
563 973
564 883
565 973
566 569
566 859
566 914
568 641
568 681
568 692
568 859
569 841
569 905
569 962
570 655
571 687
571 786
571 852
571 899
572 585
573 920
574 652
574 715
574 819
574 856
574 866
574 872
576 725
576 819
577 809
577 993
578 727
578 841
578 984
579 602
580 917
581 809
581 812
581 828
581 930
581 983
583 602
583 908
583 962
584 801
584 965
584 989
585 604
585 665
585 702
585 767
585 958
586 727
586 735
586 763
586 826
586 882
587 854
588 676
589 880
590 594
590 648
590 777
590 974
591 628
591 701
591 716
591 731
591 987
592 711
593 674
593 801
593 844
593 915
594 848
595 652
595 654
596 798
597 673
597 932
599 860
600 931
601 621
601 675
601 802
601 854
601 900
602 732
602 880
602 905
602 919
603 676
603 824
603 944
605 867
605 937
606 630
606 864
607 665
607 691
607 729
608 690
608 727
608 745
608 901
609 636
609 746
609 964
610 621
610 709
610 767
611 701
611 796
611 876
612 711
612 989
615 638
615 645
615 675
615 784
617 919
618 650
618 838
619 770
619 959
619 963
620 862
621 752
621 882
621 931
621 995
622 729
622 770
622 886
623 857
624 700
625 661
625 712
625 755
625 958
626 716
626 723
626 761
627 707
628 830
628 846
629 673
629 756
629 803
629 844
630 680
631 739
631 947
631 953
632 698
633 655
633 951
634 703
634 757
635 903
635 924
636 669
636 697
637 896
638 743
638 878
638 938
639 918
640 653
640 724
640 775
640 790
641 809
641 847
641 946
642 667
643 881
644 896
645 712
645 871
646 759
647 716
649 838
649 943
650 943
652 663
652 722
653 761
653 918
653 931
654 693
654 762
655 823
655 945
655 949
656 820
657 752
657 927
658 987
659 724
659 735
659 774
659 814
659 987
660 699
660 743
660 807
660 933
661 706
661 763
661 927
662 712
663 726
663 897
666 980
667 739
668 993
669 718
669 811
669 860
669 979
671 681
671 717
671 759
671 861
672 967
673 779
673 943
674 715
675 779
675 802
675 891
675 952
675 956
676 729
676 810
676 932
676 982
676 984
679 712
680 835
682 804
683 890
683 900
684 772
685 729
685 790
686 699
686 757
686 793
686 878
686 959
687 754
687 807
688 740
688 752
688 941
690 768
690 836
690 988
691 880
692 804
692 852
693 757
693 836
694 728
694 999
695 778
696 759
696 824
696 951
696 957
698 984
699 931
700 908
700 918
701 889
702 713
702 908
702 964
703 714
703 766
703 912
704 777
704 925
705 781
706 771
706 841
706 936
708 804
708 838
708 946
710 803
710 920
711 798
712 747
712 906
713 765
713 915
714 781
715 976
716 790
716 796
716 834
716 877
716 930
717 811
717 817
717 836
717 840
718 898
719 729
720 798
720 804
720 844
721 835
721 861
724 862
724 984
725 930
725 963
726 909
727 853
727 971
728 730
728 733
728 808
729 775
729 987
730 920
730 993
731 828
733 760
734 738
735 923
735 970
736 912
737 898
737 975
738 900
739 764
740 968
741 872
742 809
743 878
745 801
745 833
745 880
745 888
746 767
746 848
747 784
748 760
748 770
748 908
749 800
751 772
752 888
753 859
753 926
756 820
756 912
756 913
756 917
757 774
758 795
758 969
759 793
762 997
764 873
764 891
764 893
766 940
768 964
769 943
770 982
770 999
772 852
774 812
774 846
775 868
776 831
776 914
776 919
777 937
778 860
778 951
779 873
780 994
781 886
783 919
784 909
784 925
785 914
785 981
786 787
786 792
786 856
786 951
788 945
790 860
791 799
791 950
791 985
792 919
793 908
794 827
795 927
795 945
795 999
796 829
796 866
796 919
797 872
797 888
797 930
799 916
800 897
800 951
800 975
802 831
802 982
804 976
805 862
805 871
806 936
806 962
807 842
807 988
808 853
809 881
810 943
811 812
811 856
811 938
813 886
813 898
814 869
815 854
815 865
818 841
818 936
821 847
821 934
821 973
821 999
822 996
823 838
824 835
825 861
826 889
826 967
827 940
828 882
829 838
829 841
829 872
829 898
831 894
831 997
832 838
833 836
833 906
834 983
835 939
836 870
836 893
836 931
836 956
836 989
837 896
839 846
841 966
842 862
842 901
843 973
845 954
848 882
848 947
850 977
851 875
852 883
852 906
853 948
853 973
854 870
854 994
855 863
856 931
858 896
858 941
862 863
862 932
863 870
867 927
868 880
868 942
869 901
870 873
870 934
870 960
872 942
872 974
878 899
878 913
880 952
881 890
881 978
882 991
885 913
886 912
888 893
890 935
892 999
894 938
896 939
901 921
901 946
901 998
905 982
910 949
915 933
925 959
934 945
934 954
936 958
943 949
945 975
945 995
946 970
946 988
960 999
977 984
978 981
