0 1
0 2
0 3
0 4
0 5
0 6
0 7
0 9
0 12
0 327
0 16
0 842
0 46
0 50
0 95
0 105
0 134
0 136
0 153
0 155
0 176
0 198
0 199
0 267
0 314
0 328
0 376
0 426
0 429
0 500
0 513
0 516
0 542
0 595
0 603
0 169
0 615
0 630
0 777
0 805
0 820
0 861
0 207
0 895
0 929
0 982
1 2
1 18
1 4
1 5
1 8
1 17
1 22
1 23
1 32
1 35
1 48
1 75
1 84
1 91
1 449
1 13
1 778
1 963
1 147
1 166
1 172
1 179
1 56
1 60
1 826
1 709
1 57
1 268
1 113
1 15
1 20
1 401
1 120
1 452
1 460
1 697
1 330
1 376
1 9
1 36
1 335
1 904
1 284
1 98
1 31
1 145
1 488
1 229
1 182
1 283
1 390
1 291
1 16
2 3
2 4
2 5
2 7
2 10
2 16
2 18
2 20
2 571
2 26
2 31
2 36
2 375
2 42
2 43
2 49
2 61
2 66
2 68
2 25
2 285
2 79
2 123
2 84
2 87
2 37
2 119
2 121
2 314
2 19
2 447
2 475
2 263
2 90
2 698
2 319
2 234
2 147
2 284
2 28
2 117
2 335
2 348
2 56
2 658
2 935
2 611
2 459
2 479
2 712
2 85
2 129
2 592
2 96
2 48
2 604
2 627
2 517
2 668
2 323
2 600
2 115
2 927
2 14
2 44
2 237
2 424
2 494
2 17
2 103
3 487
3 121
3 10
3 11
3 14
3 168
3 25
3 34
3 36
3 53
3 54
3 17
3 114
3 148
3 921
3 736
3 705
3 199
3 312
3 340
3 346
3 874
3 382
3 127
3 397
3 158
3 197
3 545
3 64
3 39
3 552
3 986
3 620
3 683
3 117
3 665
3 317
3 229
3 254
3 536
3 498
3 274
3 232
3 135
3 43
3 185
3 723
4 6
4 7
4 13
4 17
4 18
4 19
4 31
4 188
4 35
4 579
4 51
4 54
4 271
4 751
4 59
4 654
4 73
4 80
4 886
4 95
4 530
4 116
4 963
4 125
4 133
4 63
4 141
4 11
4 72
4 8
4 10
4 163
4 166
4 175
4 182
4 142
4 389
4 792
4 361
4 904
4 286
4 364
4 272
4 64
4 847
4 23
4 298
4 308
4 427
4 692
4 324
4 337
4 514
4 793
4 310
4 354
4 330
4 365
4 387
4 400
4 445
4 355
4 737
4 550
4 434
4 633
4 505
4 455
4 845
4 478
4 418
4 758
4 501
4 771
4 302
4 522
4 523
4 250
4 541
4 543
4 470
4 178
4 196
4 316
4 147
4 678
4 422
4 715
4 24
4 88
4 561
4 68
4 34
4 33
4 814
4 711
4 258
4 177
4 293
4 987
4 906
4 683
4 993
4 975
4 977
5 6
5 8
5 13
5 16
5 20
5 21
5 22
5 973
5 364
5 40
5 792
5 714
5 75
5 197
5 93
5 101
5 106
5 277
5 151
5 161
5 92
5 191
5 393
5 153
5 18
5 67
5 442
5 460
5 468
5 599
5 235
5 516
5 391
5 17
5 116
5 917
5 64
6 8
6 149
6 14
6 382
6 118
6 123
6 46
6 452
6 77
6 585
6 127
6 985
6 137
6 106
6 16
6 36
6 371
6 375
6 414
6 501
6 511
6 311
6 520
6 591
6 265
6 66
6 588
6 687
6 789
6 672
6 466
6 185
7 882
7 432
7 12
7 19
7 22
7 723
7 34
7 37
7 957
7 41
7 515
7 50
7 53
7 163
7 73
7 54
7 88
7 980
7 90
7 99
7 100
7 52
7 910
7 123
7 150
7 132
7 245
7 11
7 192
7 453
7 397
7 685
7 250
7 61
7 94
7 142
7 354
7 604
7 581
7 321
7 131
7 493
7 707
7 699
7 179
7 169
7 115
7 560
7 611
7 650
7 761
7 379
7 718
7 632
7 63
7 285
7 46
7 836
7 125
7 387
7 562
7 556
7 878
7 59
7 419
7 51
7 670
8 136
8 916
8 42
8 52
8 59
8 65
8 161
8 68
8 80
8 72
8 364
8 334
8 139
8 185
8 40
8 104
8 262
8 300
8 572
8 594
8 797
8 648
8 468
8 494
8 453
8 563
8 78
8 240
8 656
8 782
8 299
9 856
9 563
9 23
9 44
9 538
9 378
9 105
9 71
9 272
9 128
9 151
9 189
9 18
9 235
9 430
9 674
9 677
9 115
9 962
9 34
10 498
10 194
10 17
10 26
10 698
10 286
10 510
10 57
10 60
10 12
10 65
10 85
10 137
10 404
10 359
10 424
10 400
10 30
10 721
10 27
10 329
10 98
10 15
10 338
10 281
10 23
10 14
10 378
10 300
10 694
10 397
10 452
10 655
10 36
10 331
10 506
10 79
10 552
10 268
10 353
10 11
10 167
10 838
10 142
11 574
11 156
11 15
11 137
11 47
11 44
11 65
11 23
11 92
11 106
11 194
11 202
11 43
11 167
11 752
11 338
11 195
11 204
11 579
11 83
11 280
11 374
11 999
11 620
11 408
11 121
11 524
11 549
11 434
11 95
11 19
11 850
11 896
11 787
11 776
12 684
12 15
12 19
12 285
12 24
12 28
12 602
12 888
12 92
12 562
12 337
12 853
12 150
12 743
12 333
12 402
12 451
12 35
12 23
13 59
13 572
13 808
13 92
13 17
13 294
13 168
13 193
13 170
13 248
13 749
13 128
13 724
13 24
13 336
13 781
13 166
13 640
13 120
14 23
14 36
14 248
14 89
14 83
14 930
14 196
14 199
14 206
14 169
14 345
14 790
14 889
14 139
14 571
14 658
14 563
14 737
15 337
15 370
15 78
15 799
15 578
15 186
15 198
15 284
15 240
15 379
15 676
15 454
15 701
15 64
15 446
15 364
15 137
15 778
15 305
15 969
15 165
16 27
16 30
16 33
16 237
16 52
16 65
16 397
16 382
16 926
16 97
16 23
16 123
16 484
16 35
16 700
16 62
16 226
16 31
16 230
16 231
16 990
16 43
16 55
16 282
16 285
16 26
16 763
16 630
16 78
16 779
16 216
16 495
16 510
16 550
16 616
16 121
16 518
16 418
16 835
16 266
16 764
16 350
16 841
16 143
16 91
16 942
16 474
17 891
17 347
17 868
17 263
17 90
17 130
17 155
17 219
17 754
17 18
17 577
17 402
17 251
17 237
17 86
17 439
17 95
17 367
17 313
17 48
17 664
17 41
17 745
18 24
18 981
18 996
18 60
18 64
18 247
18 69
18 136
18 29
18 185
18 251
18 170
18 254
18 565
18 85
18 389
18 502
18 399
18 203
18 52
18 59
18 397
18 230
18 169
18 213
18 579
18 490
18 686
18 822
18 163
18 87
18 849
18 374
18 267
18 106
19 29
19 45
19 42
19 95
19 107
19 138
19 452
19 151
19 393
19 938
19 22
19 303
19 178
19 338
19 373
19 454
19 489
19 378
19 386
19 437
19 147
19 148
19 618
19 919
19 24
19 330
19 846
19 192
19 244
20 676
20 470
20 401
20 317
20 746
20 942
20 584
20 221
20 286
20 151
20 294
20 183
21 32
21 983
21 411
21 28
21 102
21 178
21 359
21 700
21 387
21 579
21 138
21 331
21 918
21 89
21 903
21 438
22 423
22 37
22 41
22 452
22 78
22 60
22 247
22 156
22 653
22 170
22 182
22 194
22 74
22 69
22 330
22 46
22 437
22 512
22 176
22 178
23 26
23 512
23 237
23 221
23 76
23 298
23 107
23 191
23 185
23 133
23 161
23 52
23 861
23 558
23 262
23 700
23 308
23 89
23 541
23 467
23 529
23 546
23 333
23 125
23 182
23 915
23 978
23 66
24 38
24 160
24 527
24 235
24 272
24 518
24 133
24 581
24 566
24 769
24 358
25 59
25 536
25 66
25 622
25 601
25 96
25 425
25 828
25 763
25 649
25 118
25 192
25 61
26 373
26 47
26 166
26 214
26 484
26 237
26 585
26 64
26 444
26 213
26 553
26 840
26 133
26 278
27 28
27 245
27 468
27 448
27 252
27 307
27 727
28 702
28 432
28 350
28 318
28 157
28 305
28 470
28 154
28 511
29 271
29 352
29 298
29 442
29 49
29 68
29 99
29 62
29 144
29 189
29 179
29 65
29 528
29 561
29 34
29 130
29 126
29 64
29 740
29 190
29 274
30 809
30 293
30 51
30 164
30 47
30 198
30 117
30 146
30 223
30 229
30 444
30 586
30 403
30 380
30 481
30 88
30 619
30 707
30 886
30 458
31 180
31 35
31 63
31 693
31 70
31 38
31 120
31 873
31 486
31 158
32 738
32 470
32 174
32 149
32 411
32 253
32 227
33 395
33 597
33 35
33 96
33 533
33 110
33 950
33 125
33 341
33 658
33 881
33 933
33 690
33 627
34 486
34 64
34 228
34 290
34 640
34 391
34 244
34 403
34 52
35 51
35 39
35 119
35 45
35 90
35 73
35 188
35 178
35 321
35 330
35 333
35 362
35 366
35 115
35 177
35 100
35 159
35 86
35 126
36 490
36 80
36 156
36 163
36 134
36 115
36 717
36 137
36 673
36 52
36 44
37 47
37 54
37 61
37 57
37 908
37 770
37 481
37 243
37 85
37 364
37 667
37 381
37 42
37 317
38 272
38 695
38 968
38 58
39 429
39 242
39 372
40 431
40 796
40 567
41 789
41 747
41 496
41 562
41 685
41 67
41 170
41 559
41 839
41 929
41 911
42 53
42 61
42 736
42 86
42 117
42 401
42 568
42 523
42 289
43 778
43 748
43 488
43 966
43 654
43 625
44 532
44 613
44 135
44 63
44 115
44 70
44 937
44 139
44 177
44 339
44 671
44 264
45 655
45 611
45 473
45 543
45 565
46 162
46 247
46 410
46 212
46 268
46 492
46 282
46 372
46 975
47 480
47 156
47 78
47 149
47 608
47 934
47 346
47 757
48 972
48 578
48 221
48 123
48 711
49 112
49 747
49 390
49 196
49 428
49 152
49 193
49 985
50 798
50 171
50 186
50 117
50 310
50 188
50 88
50 198
50 405
50 218
51 72
51 62
51 866
51 183
51 235
51 259
51 356
51 378
51 383
51 522
51 418
51 333
51 750
51 395
51 404
51 137
51 657
52 182
52 342
52 477
52 290
52 622
52 364
52 411
52 408
52 897
52 499
52 196
52 589
52 100
52 803
52 643
52 139
53 78
53 138
53 915
53 656
53 321
53 80
53 981
53 101
53 382
53 922
53 61
53 190
54 92
54 272
54 94
54 600
54 909
54 213
54 65
54 392
55 680
55 718
55 275
55 916
55 848
56 508
56 280
56 791
56 164
56 255
56 683
56 213
56 808
56 609
57 802
57 444
57 308
57 187
57 340
57 252
58 534
58 443
58 105
58 207
58 833
59 313
59 806
59 753
59 294
59 453
59 65
59 644
59 206
60 401
60 588
60 987
60 295
60 488
61 864
61 219
61 785
62 148
62 104
62 124
62 159
62 398
62 782
62 389
62 838
62 81
63 386
63 709
63 134
63 204
63 909
63 296
63 230
63 64
63 590
64 940
64 547
64 89
64 250
64 354
64 106
64 120
64 357
64 367
64 67
64 543
64 831
64 332
65 101
65 83
65 832
65 120
65 498
65 163
65 106
65 354
65 531
65 623
66 67
66 444
66 874
66 139
66 282
66 246
66 360
66 182
66 242
66 249
66 933
66 863
66 525
66 245
66 840
67 250
67 88
67 459
67 753
67 709
67 632
67 93
68 732
68 182
68 164
68 678
68 965
68 225
69 704
69 551
69 178
69 877
69 221
69 91
69 492
69 335
69 196
69 946
70 256
70 463
70 682
70 282
71 304
71 507
71 745
71 836
72 138
72 894
72 142
72 306
72 433
72 283
72 411
72 946
72 794
73 840
73 131
73 408
73 992
73 478
73 121
73 244
73 319
73 96
74 441
74 156
74 166
74 787
74 242
74 137
75 172
75 215
76 111
76 270
77 346
77 756
77 449
77 317
77 503
77 84
77 322
78 148
78 174
78 178
78 104
78 933
78 299
78 86
79 682
79 93
79 117
79 178
79 85
79 250
79 235
79 266
79 636
79 114
79 388
79 287
79 183
79 384
80 531
80 82
80 836
80 297
80 475
80 518
80 261
81 547
81 140
81 420
81 408
82 390
82 201
82 240
82 333
82 645
82 641
82 189
83 146
83 632
83 952
83 248
83 599
83 313
83 392
84 355
84 812
84 745
85 743
85 376
85 130
85 368
85 104
85 920
86 399
86 94
86 614
86 568
86 293
86 911
86 438
86 100
86 115
86 637
87 781
87 204
87 884
87 562
87 794
87 88
87 243
88 351
88 182
88 243
88 126
88 943
88 432
88 613
88 348
88 456
89 214
89 547
89 320
89 821
89 549
90 214
90 645
90 974
90 103
90 526
91 615
91 291
91 166
91 229
91 283
91 400
91 435
91 520
91 506
91 178
91 779
92 412
92 152
92 370
92 251
92 292
92 216
92 148
92 206
92 690
92 731
92 188
92 875
92 889
93 250
93 176
93 401
93 303
93 808
93 106
93 342
93 901
94 538
94 278
94 570
94 574
94 361
94 409
94 260
94 126
94 923
95 103
95 751
95 892
95 347
95 417
95 510
95 414
95 151
95 212
96 124
96 135
96 571
96 134
96 392
96 842
96 364
96 504
96 187
96 315
96 307
97 398
97 997
97 539
97 454
97 343
97 123
97 928
98 462
98 215
98 316
98 104
98 112
98 449
98 193
98 828
98 612
98 401
98 629
98 297
99 735
99 274
99 258
99 310
99 311
100 396
100 716
100 225
100 399
100 255
100 373
100 706
100 274
100 271
100 749
101 195
101 422
101 216
101 313
101 257
101 553
101 900
101 791
101 858
101 115
102 284
102 909
102 503
102 484
102 174
102 755
103 996
103 972
104 366
104 490
104 652
104 628
104 211
105 673
105 198
105 960
105 341
106 948
106 115
106 255
106 212
106 116
106 619
106 133
106 606
107 966
107 841
107 821
108 629
108 502
108 441
108 384
108 286
109 210
109 161
109 156
109 120
110 572
110 255
110 416
110 912
111 241
111 967
111 562
112 535
112 427
112 989
113 572
113 688
113 192
113 236
113 829
114 312
114 314
115 420
115 340
115 243
115 184
115 318
115 456
115 436
115 359
115 216
115 139
115 655
115 361
116 635
116 267
116 576
116 524
116 475
117 913
117 329
117 816
117 646
118 392
118 173
118 482
119 944
119 187
119 397
119 240
119 241
119 953
119 164
119 162
119 988
119 186
119 208
119 715
120 947
120 887
120 189
120 135
120 293
120 152
120 361
121 226
121 298
121 504
122 524
122 579
122 259
122 876
122 134
122 281
122 476
123 514
123 404
123 963
123 453
123 621
123 343
124 902
124 564
124 373
124 686
124 697
125 442
125 127
125 237
125 215
125 448
125 205
125 317
125 364
126 215
126 319
126 936
126 407
126 413
127 410
127 692
128 788
128 227
128 182
128 713
129 649
129 137
129 497
129 881
130 405
130 759
130 457
130 310
130 801
130 912
131 196
131 638
131 469
131 518
131 504
132 393
132 156
132 892
132 176
133 796
133 138
133 707
133 455
133 368
134 548
134 221
136 482
136 205
136 798
136 183
136 921
136 299
136 246
136 575
136 372
136 251
136 794
137 405
137 327
137 145
137 770
137 726
137 661
138 256
138 872
138 417
138 759
138 803
139 985
139 898
139 268
139 515
140 332
140 220
140 460
141 142
141 306
141 438
142 952
142 591
142 342
142 662
142 205
142 183
142 693
142 819
142 822
143 765
143 853
143 767
143 176
144 193
144 497
144 968
145 360
145 200
145 506
145 929
145 633
146 799
146 522
146 957
146 208
147 642
147 656
147 613
147 774
148 391
148 213
148 858
148 289
148 795
148 373
148 911
148 785
148 855
148 852
148 376
149 300
149 433
149 332
149 405
149 178
149 676
149 900
149 642
149 452
150 194
150 774
150 558
151 461
151 904
151 188
151 263
151 860
151 421
152 469
152 649
152 680
152 391
152 529
152 328
152 241
153 973
153 648
153 200
153 262
153 570
153 939
154 220
154 849
154 375
155 473
155 458
155 686
155 540
155 516
156 626
156 554
156 955
156 196
156 833
156 389
157 364
157 763
157 305
157 507
158 986
158 811
158 227
159 618
159 922
159 795
160 654
160 178
160 623
160 639
160 198
162 925
162 229
162 951
162 664
162 637
163 970
163 509
163 593
163 748
163 210
163 394
164 593
164 383
164 273
164 201
164 971
164 396
165 735
165 832
165 306
165 278
165 912
166 464
166 175
166 213
166 471
166 508
166 377
166 873
167 586
167 463
167 571
168 217
168 583
168 772
168 367
169 367
169 735
169 304
169 312
169 915
170 325
170 330
170 242
170 299
170 970
170 650
171 837
171 174
171 684
172 647
172 456
172 438
172 478
173 747
173 251
174 504
174 729
174 412
174 966
174 456
174 863
174 881
175 954
175 928
176 537
176 661
176 919
176 249
177 879
177 648
177 283
177 779
178 200
178 214
178 419
178 495
179 263
179 588
179 554
179 517
179 850
180 742
180 583
180 443
181 895
181 781
181 793
182 846
182 406
182 207
182 382
182 389
183 669
183 539
183 224
183 467
183 234
184 993
184 718
184 450
184 228
185 535
185 274
186 446
186 634
186 338
186 213
188 224
188 448
188 554
189 844
189 384
189 284
189 797
189 331
190 906
191 899
191 357
191 326
191 291
191 313
192 968
192 335
192 263
193 358
193 685
193 531
193 303
193 369
193 258
194 201
194 352
194 240
194 499
194 623
194 213
194 732
194 675
195 888
195 366
195 313
195 551
196 352
196 371
196 824
196 438
196 753
197 989
197 493
197 276
198 813
198 992
198 265
199 938
199 303
199 488
200 506
200 623
200 274
200 364
201 263
201 348
202 702
202 869
203 372
203 490
203 621
203 497
204 564
205 523
205 628
205 330
205 255
205 388
206 548
206 816
206 272
206 923
206 829
206 762
207 323
207 291
207 286
207 253
207 946
207 487
207 243
208 631
208 299
209 245
209 412
209 339
210 725
210 350
210 733
210 920
210 293
210 575
211 948
211 467
211 293
212 600
212 770
213 249
213 351
213 823
213 624
213 471
213 389
213 485
213 801
214 468
214 653
215 662
215 615
215 675
216 779
216 566
217 637
217 862
217 329
217 310
217 614
217 621
218 912
218 792
218 783
218 493
218 812
218 642
218 327
219 554
220 515
220 714
221 630
222 822
222 337
222 502
222 399
223 313
223 743
223 265
223 411
223 700
224 395
224 299
224 454
225 301
225 934
225 739
225 982
225 737
226 431
226 419
227 477
228 976
228 592
228 340
228 610
228 309
229 884
229 738
229 722
229 248
229 307
229 642
229 379
229 651
229 936
230 521
230 961
231 756
231 502
231 269
231 536
232 472
232 396
232 739
232 268
233 248
233 279
233 829
233 263
234 299
234 656
235 659
235 303
235 286
235 405
235 893
236 354
236 518
236 649
237 481
237 994
237 990
238 301
238 376
238 289
239 445
239 672
239 356
239 983
240 334
240 297
240 491
241 282
241 630
241 826
241 877
242 276
242 387
242 326
242 476
243 951
244 716
244 404
244 652
244 844
245 924
245 530
245 602
245 760
246 965
246 413
246 610
246 274
246 443
247 304
247 334
247 466
247 831
248 426
248 691
248 273
248 462
248 970
248 369
249 932
249 420
250 611
251 416
252 629
252 767
252 406
252 597
252 281
252 585
252 705
252 620
253 512
253 262
253 459
253 356
253 362
254 801
254 604
254 487
255 285
256 576
256 773
256 834
256 913
256 638
257 727
257 637
257 937
258 461
258 332
259 879
260 826
260 849
260 331
261 988
261 907
261 924
262 746
263 465
263 768
263 650
263 795
264 619
264 447
265 671
265 539
265 750
266 965
266 724
266 816
266 446
266 440
267 478
268 679
268 481
268 814
268 687
269 706
269 950
269 624
270 988
270 315
271 394
271 811
272 560
272 406
273 344
273 526
274 496
274 350
274 644
274 493
275 330
275 802
276 712
277 403
277 795
277 712
278 522
278 775
278 641
279 634
279 292
280 399
280 605
282 500
282 288
282 306
282 851
282 420
283 720
283 900
283 647
283 404
285 319
287 862
287 885
287 958
288 472
288 836
288 403
288 835
289 720
289 600
290 466
290 728
290 947
290 372
291 343
291 890
291 788
291 557
291 476
292 868
292 710
293 568
293 339
293 855
294 646
294 397
295 738
295 903
296 318
296 886
296 389
297 829
298 570
299 748
299 716
300 566
300 573
300 611
300 502
301 917
301 971
302 848
302 694
302 435
303 751
303 609
303 813
304 553
304 686
304 704
305 935
305 417
305 347
305 814
305 671
306 730
307 591
307 329
308 741
308 944
308 453
308 941
308 310
309 694
309 684
309 515
309 349
310 756
310 832
311 500
311 578
312 362
312 805
313 509
315 562
316 616
316 728
316 601
317 942
317 901
317 971
318 384
318 329
319 706
319 542
320 841
320 482
320 505
321 343
321 670
322 555
322 492
323 495
323 541
324 595
324 386
325 765
325 455
326 400
326 645
328 430
329 867
329 550
329 398
330 491
330 742
330 440
330 617
330 665
330 790
332 959
332 474
332 899
332 862
333 823
333 468
333 859
335 818
336 870
336 391
336 784
337 512
337 589
338 770
338 950
338 475
339 473
339 700
339 364
340 363
340 961
340 761
341 601
341 777
342 587
343 691
343 520
344 766
344 800
345 417
345 423
345 377
346 722
347 842
347 689
348 462
349 726
349 955
350 783
350 629
351 806
352 733
353 384
353 872
353 390
354 383
355 992
356 398
357 689
357 859
358 666
360 569
360 444
361 606
361 758
362 654
362 419
363 887
363 443
363 425
364 852
364 366
364 561
364 369
364 790
364 848
365 883
365 878
366 520
366 581
366 410
367 651
367 375
367 681
367 453
368 683
370 564
371 380
371 720
372 667
372 536
372 848
373 890
374 667
375 984
375 435
377 577
377 547
378 937
378 487
379 523
379 556
379 744
379 634
379 893
379 508
380 505
380 643
381 573
381 678
382 389
382 494
383 545
383 460
383 703
384 464
384 776
385 679
385 803
385 991
385 407
385 507
386 681
388 427
389 590
390 974
390 787
392 976
392 882
393 891
393 433
394 626
394 451
396 509
397 795
397 403
398 784
398 433
398 979
399 407
400 621
402 426
402 843
403 882
404 677
404 601
406 657
407 691
409 483
409 708
409 543
409 818
410 817
410 430
411 495
411 635
412 672
413 854
413 762
413 636
414 771
414 819
415 977
415 856
415 637
416 471
416 967
417 421
418 939
418 767
418 954
420 665
420 736
420 537
421 445
421 696
421 943
422 775
422 995
422 678
422 534
423 443
424 473
425 569
425 573
425 514
425 995
426 955
428 456
428 666
428 450
429 704
430 595
431 459
432 720
433 608
433 679
434 998
434 483
434 875
435 485
436 535
436 620
436 503
436 897
436 456
437 949
437 883
438 654
439 864
439 555
440 786
440 722
441 644
443 855
443 953
443 886
444 908
446 740
447 750
447 701
448 896
450 462
450 603
451 974
452 983
452 465
455 519
457 871
457 665
458 932
459 555
460 823
460 776
460 575
460 724
461 564
462 577
463 835
464 628
465 587
465 544
466 517
466 480
467 984
467 788
467 884
468 539
468 628
468 666
469 633
472 805
472 876
472 718
473 674
474 699
475 752
477 632
479 964
479 567
480 607
482 804
483 995
483 825
483 978
483 699
484 771
485 705
485 657
486 860
487 558
488 772
489 860
489 615
489 865
491 800
492 559
494 898
495 993
495 527
496 949
497 987
498 572
498 711
499 749
500 538
501 906
501 605
501 991
503 905
503 757
504 561
505 784
506 663
507 864
509 639
509 764
509 762
511 873
511 729
512 604
512 760
513 902
513 693
514 741
515 947
516 686
518 758
519 766
519 699
521 551
521 896
522 847
522 896
525 731
525 721
526 528
527 806
527 918
527 825
528 944
528 905
528 925
528 834
529 799
529 723
530 858
530 783
532 623
532 597
532 555
533 982
533 899
534 786
536 542
537 843
537 722
538 846
539 675
539 617
540 718
540 837
541 856
542 664
544 857
544 821
544 703
544 552
545 666
546 917
546 596
547 626
548 991
549 755
550 719
551 880
551 952
552 962
552 719
554 570
556 730
557 979
557 885
557 582
558 566
559 742
559 879
560 869
562 721
565 651
565 935
566 931
567 645
567 677
569 743
569 612
569 603
570 675
572 827
572 894
573 882
573 914
574 997
575 661
576 880
578 610
579 920
579 696
580 662
580 734
580 958
581 893
582 726
582 607
583 658
583 868
584 605
584 914
584 708
586 693
587 660
589 883
590 940
591 791
592 885
593 850
594 727
594 618
595 961
596 615
596 815
598 655
598 745
598 695
599 698
599 755
599 780
602 788
603 895
604 916
605 627
606 642
607 807
608 976
608 671
609 872
609 660
611 838
612 639
614 800
616 625
616 682
617 799
617 980
617 639
619 657
621 994
622 903
623 777
623 686
624 956
625 928
626 772
627 945
628 734
629 673
631 830
631 725
633 989
635 969
635 725
636 754
638 817
639 695
639 898
640 734
641 945
642 714
642 663
643 919
644 718
645 936
645 872
646 652
647 975
648 780
653 729
654 969
659 967
659 984
660 938
661 780
661 672
663 980
664 892
665 958
668 804
668 927
669 854
669 951
670 962
672 924
672 887
674 768
675 752
675 717
679 764
680 740
681 940
682 972
682 719
686 744
687 833
688 977
688 757
688 930
689 900
690 846
690 713
692 885
692 913
693 811
696 954
697 857
698 865
701 715
702 707
703 910
705 828
708 999
709 964
710 956
710 820
713 981
714 888
717 878
717 978
720 787
721 945
723 731
724 998
727 801
727 865
728 786
729 730
730 827
730 809
732 824
733 889
737 782
739 932
740 941
741 807
744 903
746 999
747 805
747 853
753 905
754 860
759 855
760 863
761 931
765 845
765 852
766 848
768 830
769 783
769 794
770 864
773 939
773 837
774 902
775 926
784 931
785 812
786 876
787 923
789 874
790 922
793 866
796 871
797 839
798 857
798 918
802 960
804 820
807 915
807 986
808 851
809 867
810 869
810 866
810 877
813 876
814 949
815 870
815 827
817 890
818 959
819 891
822 854
824 875
825 930
826 927
826 926
830 834
831 871
839 943
843 934
844 925
845 870
847 897
851 861
859 956
867 964
874 948
880 921
894 901
907 990
907 960
908 979
910 941
914 997
953 994
957 996
959 973
978 998
