0 1
0 2
0 3
0 4
0 6
0 7
0 8
0 9
0 11
0 12
0 16
0 18
0 26
0 31
0 32
0 36
0 38
0 43
0 46
0 54
0 65
0 66
0 74
0 81
0 83
0 95
0 100
0 121
0 122
0 124
0 129
0 131
0 135
0 141
0 150
0 157
0 164
0 168
0 169
0 171
0 177
0 214
0 223
0 227
0 228
0 231
0 241
0 254
0 265
0 284
0 285
0 292
0 328
0 345
0 350
0 359
0 381
0 396
0 402
0 413
0 421
0 423
0 429
0 450
0 471
0 511
0 516
0 519
0 553
0 592
0 614
0 649
0 704
0 665
0 683
0 715
0 775
0 822
0 839
0 852
0 854
0 871
0 892
0 895
0 953
0 999
1 2
1 3
1 573
1 8
1 10
1 69
1 16
1 26
1 147
1 72
1 37
1 114
1 557
1 349
1 503
1 530
1 301
1 304
1 256
1 799
1 705
1 698
1 346
1 976
1 68
2 3
2 4
2 651
2 9
2 603
2 17
2 21
2 22
2 25
2 30
2 31
2 34
2 35
2 136
2 41
2 45
2 47
2 49
2 55
2 6
2 317
2 905
2 476
2 95
2 107
2 203
2 110
2 117
2 118
2 130
2 12
2 159
2 166
2 167
2 183
2 184
2 914
2 189
2 192
2 10
2 247
2 534
2 70
2 78
2 283
2 288
2 128
2 7
2 316
2 346
2 396
2 123
2 16
2 452
2 863
2 897
2 533
2 540
2 289
2 245
2 629
2 416
2 62
2 621
2 866
2 650
2 225
2 392
2 690
2 699
2 582
2 353
2 40
2 641
2 386
2 26
2 204
2 53
2 54
2 340
2 93
2 572
3 4
3 8
3 10
3 13
3 14
3 20
3 98
3 295
3 26
3 27
3 28
3 30
3 33
3 38
3 280
3 374
3 49
3 568
3 59
3 62
3 661
3 70
3 90
3 101
3 114
3 112
3 116
3 511
3 75
3 761
3 570
3 207
3 110
3 202
3 206
3 592
3 9
3 436
3 211
3 11
3 248
3 216
3 31
3 284
3 373
3 322
3 25
3 351
3 356
3 358
3 7
3 52
3 165
3 409
3 515
3 847
3 453
3 15
3 474
3 512
3 531
3 102
3 652
3 768
3 683
3 302
3 717
3 863
3 988
3 355
3 766
3 208
3 201
3 19
3 790
3 23
3 41
3 339
3 381
3 53
4 5
4 6
4 7
4 11
4 12
4 14
4 159
4 85
4 25
4 44
4 62
4 521
4 10
4 985
4 795
4 99
4 102
4 115
4 40
4 134
4 586
4 155
4 516
4 67
4 826
4 189
4 194
4 110
4 125
4 241
4 642
4 79
4 307
4 779
4 35
4 711
4 58
4 248
4 993
4 55
4 926
4 432
4 485
4 214
4 88
4 393
4 575
4 80
4 419
4 600
4 20
4 28
4 616
4 60
4 218
4 978
4 654
4 329
4 94
4 287
4 686
4 535
4 785
4 788
4 310
4 846
4 891
4 954
4 340
4 963
4 981
5 813
5 178
5 6
5 7
5 9
5 13
5 306
5 19
5 17
5 29
5 51
5 543
5 310
5 72
5 90
5 856
5 31
5 332
5 725
5 199
5 42
5 249
5 649
5 684
5 324
5 86
5 289
5 79
5 365
5 378
5 201
5 91
5 69
5 81
5 492
5 15
5 118
5 22
5 355
5 575
5 63
5 623
5 547
5 632
5 488
5 208
5 113
5 526
5 950
5 101
5 980
5 899
5 41
6 17
6 18
6 24
6 25
6 34
6 642
6 581
6 60
6 366
6 104
6 128
6 129
6 136
6 799
6 689
6 247
6 256
6 21
6 887
6 195
6 482
6 796
6 32
6 269
6 102
6 404
6 372
6 89
6 529
6 794
6 559
6 388
6 325
6 840
6 290
6 36
6 48
6 998
6 311
7 12
7 15
7 18
7 19
7 20
7 186
7 388
7 93
7 78
7 588
7 485
7 798
7 71
7 769
7 267
7 54
7 174
7 195
7 681
7 219
7 311
7 232
7 252
7 446
7 424
7 36
7 343
7 490
7 80
7 135
7 65
7 26
7 652
7 640
7 180
7 128
7 493
7 82
7 508
7 875
7 208
7 124
8 17
8 75
8 94
8 355
8 215
8 700
8 447
8 860
8 37
8 460
9 409
9 779
9 36
9 37
9 42
9 577
9 135
9 416
9 275
9 106
9 212
9 72
9 101
9 321
9 252
9 199
10 23
10 433
10 76
10 37
10 911
10 558
10 789
10 380
10 320
10 322
10 34
10 19
10 81
10 483
10 781
10 73
10 79
10 942
10 969
10 991
11 210
11 13
11 37
11 438
11 48
11 58
11 319
11 247
11 38
11 321
11 523
11 497
11 23
11 123
11 82
11 236
11 250
12 984
12 165
12 382
12 64
12 403
12 92
12 176
12 180
12 84
12 264
12 93
12 893
12 235
12 456
12 301
12 344
12 536
12 82
12 98
12 34
12 404
12 114
12 104
12 215
13 16
13 465
13 55
13 222
13 315
13 446
13 308
13 42
13 431
13 214
13 331
13 424
13 633
13 636
13 135
13 463
13 502
13 765
13 306
13 301
14 816
14 19
14 35
14 326
14 576
14 75
14 651
14 298
14 215
14 223
14 524
14 608
14 566
14 26
15 682
15 95
15 865
15 437
15 213
15 959
16 180
16 124
16 239
16 458
16 63
16 66
16 98
16 105
16 111
16 134
16 177
16 127
16 770
16 199
16 227
16 235
16 84
16 301
16 295
16 450
16 413
16 712
16 801
16 406
16 85
16 907
16 488
16 314
16 507
16 523
16 593
16 343
16 205
16 717
16 302
16 121
16 17
17 42
17 68
17 212
17 78
17 479
17 80
17 83
17 84
17 95
17 492
17 293
17 90
17 237
17 270
17 163
17 506
17 37
17 302
17 576
17 681
17 96
17 143
17 481
17 806
17 93
18 901
18 330
18 51
18 132
18 481
18 581
18 386
18 447
18 418
18 491
18 601
18 380
18 148
18 839
18 724
18 234
18 74
18 979
19 37
19 49
19 512
19 128
19 148
19 161
19 193
19 84
19 459
19 62
19 701
19 376
19 335
19 238
19 147
19 40
19 102
19 529
19 460
19 41
20 274
20 32
20 40
20 47
20 49
20 215
20 60
20 342
20 85
20 76
20 161
20 102
20 114
20 958
20 145
20 442
20 414
20 182
20 184
20 28
20 736
20 243
20 524
20 38
20 90
20 483
20 64
20 164
20 579
20 498
20 875
20 737
20 520
20 31
20 59
20 84
21 513
21 295
21 720
21 146
21 850
21 236
21 521
21 83
21 884
21 337
21 48
21 898
21 888
21 790
21 529
21 387
21 73
21 51
21 336
21 539
21 129
21 54
21 383
21 784
22 181
22 201
22 961
22 168
22 854
22 959
22 252
22 906
22 521
23 365
23 407
23 29
23 49
23 955
23 143
23 79
23 496
23 180
23 387
23 30
23 545
23 460
23 93
23 155
23 187
23 659
23 35
23 509
24 272
24 150
24 967
24 209
24 418
25 31
25 119
25 160
25 101
25 512
25 266
25 35
25 821
25 45
25 844
25 388
26 462
26 663
26 69
26 679
26 810
26 125
26 770
26 145
26 177
26 188
26 962
26 460
26 280
26 294
26 40
26 72
26 237
27 542
27 558
27 30
27 466
27 464
27 80
27 103
27 105
27 755
27 51
27 626
27 78
28 115
28 367
28 47
28 751
28 31
28 798
28 326
28 208
28 894
28 65
28 104
28 528
28 169
28 407
28 49
28 452
28 36
28 126
29 120
29 62
29 570
29 228
29 668
29 974
29 736
29 821
29 685
29 252
29 215
29 308
29 68
29 382
29 38
29 223
29 133
29 697
29 151
29 136
29 812
29 551
29 129
30 358
30 34
30 41
30 376
30 369
30 446
30 61
30 69
30 72
30 31
30 144
30 55
30 787
30 668
30 294
30 653
30 82
30 146
30 260
30 359
30 969
30 68
30 761
30 64
30 806
30 78
30 939
31 662
31 33
31 32
31 158
31 94
31 105
31 837
31 211
31 168
31 229
31 210
31 293
31 971
31 348
31 301
31 673
31 664
31 67
31 79
31 80
31 470
31 57
31 653
31 93
31 373
31 375
31 687
31 950
31 288
31 842
31 141
31 555
31 140
32 183
32 301
32 51
32 63
32 162
32 428
32 286
32 371
32 181
32 60
32 502
32 74
32 349
32 148
32 253
32 483
32 562
32 103
32 867
33 515
33 49
33 181
33 695
33 100
33 108
33 105
33 147
33 151
33 128
33 215
33 225
33 82
33 179
33 711
33 393
33 394
33 57
34 52
34 36
34 139
34 297
34 225
34 81
35 661
35 769
35 73
35 121
35 95
35 123
35 125
35 63
35 941
35 815
35 726
35 277
35 309
35 915
35 663
36 390
36 39
36 80
36 396
36 113
36 930
36 360
36 509
36 294
36 373
36 472
36 478
36 77
36 710
36 63
37 564
37 49
37 206
37 42
37 154
37 297
37 201
37 696
37 213
37 232
37 95
37 161
37 121
37 373
37 220
37 740
37 463
37 760
37 54
37 488
37 167
37 690
37 279
37 735
37 654
38 116
38 666
38 419
38 82
38 107
38 118
38 123
38 197
38 75
38 229
38 308
38 155
38 664
38 545
38 387
38 530
38 825
38 252
39 530
39 691
39 273
39 353
40 329
40 641
40 101
40 268
40 149
40 836
40 516
40 718
40 581
40 168
40 398
40 619
40 317
40 171
40 582
40 967
40 315
40 337
40 739
40 135
40 62
41 750
41 464
41 71
41 354
41 684
41 206
41 817
41 344
41 280
41 110
41 455
41 749
41 664
41 409
41 457
42 852
42 297
42 591
42 75
42 394
42 627
42 549
42 896
42 275
42 497
43 111
43 688
43 415
44 345
44 911
44 119
44 137
44 58
44 443
44 551
45 169
45 480
45 105
45 136
45 400
45 374
45 135
45 250
46 225
46 994
46 95
46 604
47 357
47 219
47 481
47 507
47 665
47 419
47 945
48 449
48 100
48 774
48 169
48 262
48 615
48 232
48 937
49 180
49 474
49 97
49 113
49 262
49 618
49 274
49 377
49 314
49 324
49 108
49 64
49 680
49 683
49 73
49 658
49 695
49 143
49 714
49 175
49 141
49 627
49 939
50 798
50 166
50 702
50 151
51 54
51 111
51 432
51 165
51 301
51 556
51 244
51 89
52 593
52 303
52 69
52 81
52 888
52 119
52 576
52 211
52 208
52 237
52 427
53 715
53 541
53 327
54 266
54 938
54 64
54 331
54 507
54 72
54 326
54 86
54 242
54 181
55 89
55 514
55 147
55 130
55 74
56 161
56 405
56 602
56 680
57 670
57 697
57 90
57 310
57 872
58 981
58 98
58 196
58 792
58 64
58 733
58 349
58 974
58 77
59 693
59 64
59 166
59 254
59 177
59 526
59 861
59 399
59 305
59 133
59 733
60 810
60 804
60 125
60 316
60 192
60 389
60 737
60 960
61 416
61 169
61 266
61 841
61 564
61 606
62 743
62 92
62 196
62 216
62 530
62 440
62 397
62 391
62 404
62 668
63 459
63 145
63 696
63 886
63 88
63 186
64 454
64 189
64 209
64 218
65 203
65 345
65 930
65 451
65 589
65 713
66 545
66 400
66 499
66 703
67 181
67 265
67 319
68 383
68 398
68 975
68 538
68 272
68 83
68 896
68 133
68 166
68 78
69 963
69 119
69 129
69 826
69 813
69 919
69 151
70 681
70 281
70 439
70 880
70 986
70 397
70 626
70 856
70 212
70 756
71 129
71 213
71 265
71 220
72 780
72 82
72 362
72 94
72 169
72 318
72 163
72 601
73 205
73 993
73 98
73 384
73 569
73 116
74 902
74 899
74 308
74 163
74 229
74 143
74 648
74 216
74 806
75 103
75 548
75 99
75 127
75 881
75 141
75 650
75 773
75 935
75 388
75 432
75 665
75 564
75 78
75 803
75 721
75 356
76 771
76 205
76 586
76 113
76 352
76 385
76 298
76 931
77 834
77 885
77 353
77 657
77 662
77 112
77 377
77 548
78 851
78 379
78 291
78 236
78 142
78 112
78 81
78 417
78 977
78 107
78 509
78 495
78 262
78 872
79 310
79 811
79 164
79 607
79 444
79 160
79 87
79 384
79 553
79 348
79 356
80 93
80 161
80 193
80 319
80 430
80 431
80 177
80 311
80 579
80 128
80 734
80 243
80 922
80 646
80 949
80 91
80 468
81 105
81 96
81 514
81 464
81 620
82 350
82 106
82 658
82 448
82 283
82 584
82 215
82 518
83 992
83 759
83 631
83 522
83 580
83 878
84 440
84 203
84 561
84 338
85 309
85 255
85 337
85 132
85 203
85 857
85 248
86 196
86 380
86 772
86 363
86 120
87 216
87 669
87 574
87 399
87 211
87 542
88 441
88 758
88 144
88 910
88 477
88 675
89 871
89 281
89 205
89 538
89 632
90 940
90 525
90 831
90 104
90 613
90 186
90 535
91 117
91 706
91 920
91 367
92 626
92 374
92 173
92 802
92 290
92 811
93 707
93 147
93 308
93 264
93 524
93 535
93 95
93 112
94 272
94 635
94 395
94 143
94 742
94 680
94 165
94 186
94 594
94 996
95 692
95 158
95 779
95 883
95 197
95 681
95 206
95 540
95 916
95 140
95 99
96 792
96 505
96 104
96 709
96 924
96 879
96 558
96 883
96 106
96 831
97 200
97 180
98 531
98 508
98 992
98 632
98 199
98 341
98 154
98 991
98 330
99 987
99 909
99 473
99 331
99 383
99 527
99 617
99 518
99 133
100 112
100 584
100 988
100 151
100 148
100 469
100 693
100 752
100 290
101 116
101 468
101 413
101 795
101 181
101 136
102 204
102 150
102 199
102 216
102 864
102 333
102 259
102 457
102 134
103 120
103 183
103 307
103 518
104 530
104 272
104 529
104 695
105 139
105 296
105 513
105 172
105 437
105 158
105 435
106 826
106 996
106 283
106 299
106 946
106 495
107 492
107 164
107 160
107 249
107 576
108 662
108 292
108 291
109 167
109 764
109 361
110 625
110 129
110 303
110 439
110 154
110 307
110 890
110 494
110 554
110 830
111 347
111 873
112 125
112 196
112 286
112 368
112 424
112 443
112 416
112 851
112 260
112 876
112 179
113 123
113 265
113 306
113 985
113 142
113 146
113 933
114 287
114 612
114 841
114 650
114 290
114 719
114 136
114 276
115 658
115 121
115 832
115 196
115 317
115 945
116 779
116 338
116 170
116 204
116 135
116 632
116 681
116 618
117 725
117 272
117 532
117 183
118 853
118 586
118 199
118 655
118 343
119 725
119 776
119 252
119 704
119 159
120 631
120 189
120 217
120 689
120 434
120 495
120 136
120 478
120 903
120 623
121 184
122 153
122 929
122 705
122 133
122 335
123 937
123 385
124 274
124 217
124 544
124 379
124 688
124 948
125 390
125 259
125 718
125 435
125 219
125 275
126 372
126 235
126 577
126 214
126 801
126 260
126 927
126 289
126 300
126 145
126 862
126 835
127 958
128 216
128 531
128 691
129 412
129 634
129 730
130 520
130 679
130 441
130 383
130 188
130 643
131 635
131 217
131 355
131 379
131 410
131 208
132 336
132 445
132 394
132 209
132 204
132 322
132 223
133 777
134 741
134 163
134 565
134 206
134 745
134 284
134 547
134 505
135 199
135 656
135 808
135 734
136 727
136 409
136 298
136 352
136 366
136 143
136 776
137 673
137 152
137 900
138 308
138 164
138 513
138 223
138 594
139 271
139 230
139 351
139 522
139 360
140 983
140 269
141 416
141 622
141 869
141 955
141 290
141 379
141 860
141 340
141 152
141 200
141 459
141 432
141 302
142 861
142 261
142 170
142 644
143 654
143 857
144 412
144 434
145 395
145 506
145 540
145 705
146 355
146 977
146 262
146 572
147 569
147 160
148 672
148 370
148 152
148 717
148 432
148 153
148 302
148 859
148 924
148 349
148 848
148 326
148 889
149 542
149 539
149 748
149 858
149 408
149 184
149 754
150 865
150 277
150 664
150 390
150 770
150 709
151 868
151 235
152 274
152 479
152 930
153 396
153 239
153 245
153 627
153 455
153 962
153 250
154 339
154 632
154 391
154 891
154 389
154 927
155 417
156 684
156 229
156 300
156 506
156 407
157 966
157 286
157 193
157 550
158 543
158 566
158 220
158 827
159 486
159 944
160 237
161 778
161 395
161 870
161 419
161 218
162 403
162 393
162 320
162 566
162 250
163 925
163 246
163 298
163 225
163 328
163 256
163 172
163 270
163 359
163 521
163 562
163 408
163 296
164 180
164 878
164 313
164 241
164 314
164 739
164 310
164 917
164 635
164 879
164 582
165 241
165 370
165 318
166 215
166 829
166 406
166 259
167 624
167 818
167 199
167 232
167 409
167 457
167 723
167 185
167 817
168 773
168 869
169 608
169 448
169 571
169 637
169 464
170 508
170 271
170 866
170 173
170 429
171 455
171 884
172 451
172 690
173 638
173 600
173 905
173 516
174 514
174 369
174 740
175 306
175 251
175 276
175 581
175 727
175 466
175 334
176 644
176 590
177 337
177 273
177 295
177 849
177 581
177 272
177 772
178 537
178 485
179 190
180 264
180 348
180 576
180 624
180 392
180 253
180 679
181 582
181 182
181 221
181 968
181 686
181 373
181 565
182 200
182 451
183 477
183 558
183 746
183 238
183 602
184 719
184 786
184 423
184 248
184 957
185 438
185 823
185 796
185 810
186 820
186 861
186 410
186 578
187 488
187 805
187 971
188 750
188 461
189 506
189 479
189 731
190 252
190 614
190 590
191 322
191 606
191 257
192 491
192 257
192 383
193 331
193 333
193 346
193 344
193 908
194 877
194 420
194 686
194 256
194 215
194 554
195 581
195 921
195 703
195 330
195 910
196 597
196 947
196 493
196 219
197 213
197 430
197 366
197 599
198 280
198 230
198 743
199 601
199 685
199 516
199 441
199 377
199 793
199 515
199 703
199 750
199 873
200 952
201 306
201 821
201 885
201 913
202 214
202 467
203 520
203 828
204 250
204 915
204 355
204 331
205 686
205 446
205 305
206 956
206 252
206 453
206 585
207 497
207 421
207 637
208 364
209 957
209 677
209 747
209 701
209 244
210 299
211 300
211 317
211 572
212 395
212 671
212 567
212 462
213 403
213 472
213 733
214 845
214 219
215 405
215 710
215 536
215 491
216 481
216 349
216 646
217 727
217 724
217 488
217 599
217 475
217 645
218 261
218 547
218 323
219 598
220 579
220 386
221 793
221 989
222 912
222 332
222 401
222 303
223 416
224 931
224 259
224 432
224 438
225 519
225 268
226 592
226 389
226 821
226 688
227 713
227 436
227 283
228 738
228 415
229 878
229 872
230 917
230 952
230 405
230 767
230 571
231 929
231 331
232 820
233 477
233 932
233 690
234 422
234 349
235 744
235 475
235 979
236 364
236 713
237 866
237 968
237 303
238 489
239 784
239 694
239 602
239 833
240 540
240 909
240 699
241 444
241 463
242 361
242 452
242 528
243 354
244 728
244 428
245 251
245 681
245 405
246 986
246 329
246 676
247 358
247 293
247 756
248 603
248 552
248 617
248 596
249 289
249 608
249 252
249 265
249 538
249 709
250 414
250 907
250 259
250 757
250 933
250 503
251 377
251 884
252 920
253 889
253 360
253 616
253 668
254 331
254 470
255 396
255 536
256 636
256 484
256 310
257 905
258 773
258 774
258 410
258 443
259 396
259 355
259 298
259 603
259 397
260 862
260 572
260 616
260 311
261 335
261 638
262 982
262 278
263 416
263 874
263 849
263 504
264 354
264 412
264 940
264 908
265 268
265 657
266 674
266 399
266 872
266 594
266 282
267 677
267 652
268 354
268 510
268 515
269 322
270 947
270 379
271 693
271 944
272 551
272 864
273 432
273 486
273 931
273 427
274 797
274 289
275 890
275 708
276 444
276 642
277 941
277 541
278 541
278 422
278 378
278 292
279 407
279 843
280 782
281 341
281 394
282 494
282 630
282 388
283 763
283 639
283 824
284 628
284 880
284 803
284 936
285 902
285 611
286 609
287 390
287 919
287 743
288 331
289 546
289 574
290 707
290 907
290 399
290 332
290 549
291 982
291 468
293 575
294 873
294 480
295 865
295 534
296 875
296 783
297 921
298 841
298 994
298 451
298 439
298 374
298 635
298 581
299 790
299 652
299 499
300 311
300 360
300 358
301 511
301 476
301 619
301 853
302 549
302 537
302 759
302 598
302 591
303 982
303 515
303 306
303 780
303 368
304 911
304 512
304 710
305 682
305 923
306 345
306 748
306 702
306 463
306 837
306 581
307 815
307 814
308 752
309 914
309 493
310 760
311 521
311 711
311 720
311 706
312 368
312 342
312 334
313 586
313 961
313 694
314 503
315 663
315 664
315 575
315 490
316 487
317 702
317 439
318 995
318 411
318 618
319 639
319 414
319 737
320 897
321 417
322 357
322 440
322 751
323 802
323 417
323 788
324 339
324 462
325 832
325 401
326 501
327 648
327 660
328 919
328 453
328 540
330 784
330 921
331 902
331 893
331 895
332 799
332 742
333 813
333 483
333 572
333 490
334 456
334 766
334 716
335 819
335 760
336 687
336 343
336 565
337 847
337 938
337 552
338 794
338 748
339 814
339 651
339 388
339 375
339 533
339 926
340 628
341 820
341 397
342 687
342 991
342 975
343 589
344 383
344 741
346 557
346 585
346 382
346 803
347 937
347 859
348 735
350 367
350 700
351 399
351 425
352 838
352 520
352 945
353 601
354 500
355 754
356 523
357 716
357 980
357 892
359 675
359 908
361 809
362 372
362 998
363 501
363 650
363 965
364 541
365 581
365 923
366 556
367 489
367 881
368 687
369 517
369 756
369 863
370 524
371 555
371 830
371 507
372 898
372 587
372 433
373 393
373 425
373 411
374 913
374 996
374 835
374 920
375 816
376 849
376 626
376 473
376 398
377 467
378 882
379 641
379 725
381 771
381 730
381 677
382 466
382 901
383 758
383 652
384 712
384 597
384 645
385 776
386 512
386 585
387 762
388 512
388 657
389 624
389 578
390 906
390 417
390 990
391 605
391 899
392 728
393 819
394 643
394 884
395 414
395 958
395 578
396 607
396 494
397 833
398 591
398 441
398 954
399 739
399 430
400 805
400 430
401 481
402 747
402 949
404 587
404 464
404 708
405 651
406 471
406 672
408 463
408 610
408 808
409 782
409 790
410 510
410 482
411 672
411 767
412 746
412 708
413 475
413 943
413 793
414 846
415 659
415 472
416 951
417 514
418 605
419 830
419 954
420 648
420 772
420 923
420 675
421 653
422 729
422 539
423 604
423 599
424 596
425 661
426 795
426 956
426 601
426 955
426 667
427 521
428 436
429 563
429 755
429 794
430 797
431 832
431 973
433 649
434 741
435 682
436 573
437 724
437 885
438 460
439 850
439 807
441 814
441 824
442 903
442 532
442 825
444 472
444 506
445 583
445 848
445 940
446 900
447 683
447 729
447 611
448 611
448 595
449 612
449 886
449 516
450 953
450 710
451 743
451 796
452 496
453 495
453 721
453 810
453 877
454 728
454 856
455 640
455 985
456 942
457 786
457 632
457 641
458 621
458 629
458 796
459 528
461 661
461 785
461 781
463 846
464 970
464 517
464 764
464 718
465 968
465 625
465 659
466 951
467 721
468 608
469 908
469 981
470 644
471 933
473 505
473 928
474 563
475 762
476 521
476 988
477 870
478 693
478 689
478 480
479 571
479 980
480 888
481 834
482 759
482 965
483 685
483 669
483 714
484 667
484 787
485 845
486 934
486 847
486 952
487 860
487 622
489 595
489 704
490 724
490 673
491 999
492 517
492 720
492 699
493 843
493 536
494 775
496 563
496 777
498 609
498 647
499 542
499 970
499 550
500 552
500 990
501 761
502 950
503 532
504 785
504 667
505 869
506 911
509 903
510 546
511 812
511 577
511 882
516 569
517 666
519 726
521 534
522 783
522 747
523 953
524 870
525 551
525 719
525 624
526 691
527 557
527 625
529 904
533 807
535 829
537 797
537 976
539 972
539 999
539 610
539 821
542 602
543 646
543 848
544 738
544 791
546 656
547 619
547 971
548 895
550 898
550 642
552 836
552 912
552 645
553 732
554 942
555 844
556 770
556 651
557 894
558 859
558 800
559 686
559 817
560 918
560 629
560 753
561 738
561 646
561 721
562 565
563 791
563 636
564 722
565 700
566 620
567 904
567 620
568 993
568 615
569 835
569 769
569 819
570 736
570 890
570 951
570 778
573 661
574 648
575 984
577 625
578 722
579 843
580 788
580 956
583 858
583 663
583 633
584 628
587 649
588 823
588 703
589 597
589 818
590 932
590 839
591 711
593 763
593 934
595 793
596 838
597 675
597 639
598 784
600 616
601 698
603 719
604 892
605 615
606 764
607 820
607 839
607 643
609 960
610 653
612 944
613 736
613 987
613 900
614 941
614 627
616 731
617 917
618 855
618 932
621 690
622 712
623 712
630 753
630 989
631 929
633 925
633 775
633 688
633 676
634 670
634 762
635 972
636 676
637 939
638 674
639 883
640 928
640 732
640 838
643 709
645 808
645 932
647 709
647 901
648 782
652 712
654 855
655 966
655 738
655 815
656 995
656 908
657 889
657 828
660 870
660 827
660 706
662 834
663 718
663 809
664 983
664 709
666 840
669 862
670 716
671 864
671 751
672 858
674 972
678 739
678 946
678 922
679 976
680 744
687 792
689 707
692 895
692 947
693 858
694 822
696 726
697 970
698 721
701 948
711 802
713 965
714 749
714 887
715 767
717 754
722 723
723 960
723 784
724 943
727 997
729 850
730 927
731 774
732 915
734 967
735 805
735 978
736 913
738 966
740 765
742 747
744 852
745 877
745 829
746 928
749 789
750 992
752 851
752 977
753 806
755 781
756 846
757 804
757 989
758 882
763 802
764 959
765 825
766 974
767 964
768 871
768 842
771 840
773 995
777 816
778 789
780 868
781 926
781 831
783 824
786 988
787 867
791 987
797 822
800 948
800 935
801 938
804 886
807 893
808 924
809 887
811 964
812 914
813 916
817 983
818 852
821 918
823 860
826 936
827 928
828 868
833 949
836 854
837 880
837 881
842 936
844 910
845 997
852 867
853 896
855 962
857 973
866 986
869 990
870 963
874 936
874 922
875 876
876 909
877 984
879 973
883 891
894 969
897 997
904 906
912 939
916 994
918 964
925 935
934 978
943 948
944 998
946 962
957 979
961 975
