0 1
0 2
0 3
0 4
0 6
0 7
0 325
0 10
0 13
0 14
0 15
0 16
0 17
0 18
0 21
0 22
0 27
0 39
0 46
0 52
0 60
0 64
0 79
0 80
0 88
0 91
0 106
0 108
0 164
0 228
0 239
0 243
0 271
0 278
0 280
0 680
0 285
0 293
0 304
0 94
0 346
0 347
0 352
0 355
0 389
0 395
0 418
0 420
0 423
0 429
0 441
0 465
0 492
0 508
0 515
0 516
0 521
0 523
0 531
0 538
0 555
0 562
0 592
0 596
0 630
0 823
0 646
0 710
0 771
0 773
0 963
0 802
0 814
0 821
0 831
0 833
0 881
0 884
0 897
0 909
0 916
0 944
1 977
1 3
1 4
1 5
1 6
1 7
1 751
1 10
1 11
1 13
1 14
1 18
1 19
1 21
1 9
1 84
1 25
1 2
1 31
1 33
1 43
1 430
1 83
1 59
1 62
1 200
1 71
1 47
1 95
1 428
1 128
1 132
1 151
1 29
1 541
1 191
1 192
1 260
1 112
1 216
1 54
1 261
1 267
1 77
1 269
1 408
1 290
1 298
1 231
1 409
1 346
1 362
1 919
1 61
1 179
1 545
1 509
1 136
1 429
1 506
1 67
1 122
1 34
1 572
1 524
1 707
1 103
1 731
1 347
1 745
1 20
1 30
1 41
1 78
1 677
1 52
1 875
1 716
1 661
2 596
2 3
2 884
2 286
2 6
2 494
2 19
2 20
2 40
2 50
2 63
2 373
2 75
2 119
2 150
2 58
2 127
2 35
2 515
2 567
2 828
2 307
2 308
2 224
2 89
2 724
2 7
2 186
2 566
2 686
2 530
2 78
2 18
2 692
2 937
2 361
3 492
3 21
3 579
3 28
3 25
3 31
3 40
3 438
3 54
3 58
3 118
3 69
3 15
3 85
3 101
3 120
3 290
3 154
3 133
3 622
3 198
3 209
3 324
3 57
3 292
3 255
3 635
3 326
3 138
3 378
3 27
3 191
3 452
3 607
3 175
3 531
3 351
3 94
3 900
3 78
3 586
3 212
3 696
3 782
3 7
3 555
3 740
3 205
3 14
3 475
3 167
3 757
3 77
3 50
3 958
3 623
4 915
4 5
4 6
4 7
4 8
4 12
4 14
4 15
4 24
4 39
4 41
4 43
4 51
4 654
4 25
4 88
4 90
4 121
4 148
4 144
4 156
4 159
4 424
4 170
4 976
4 778
4 561
4 211
4 693
4 33
4 71
4 904
4 58
4 353
4 369
4 835
4 375
4 433
4 292
4 397
4 9
4 981
4 606
4 61
4 593
4 122
4 722
4 679
4 63
4 34
4 50
4 861
4 143
4 747
4 527
4 793
4 182
4 127
4 19
4 168
4 157
4 82
4 546
4 30
5 450
5 11
5 30
5 20
5 26
5 31
5 37
5 41
5 490
5 17
5 45
5 6
5 107
5 402
5 165
5 372
5 129
5 15
5 198
5 618
5 151
5 253
5 87
5 226
5 250
5 70
5 207
5 480
5 375
5 371
5 212
5 34
5 230
5 448
5 946
5 559
5 597
5 551
5 303
5 609
5 404
5 713
5 71
5 526
5 7
5 156
5 121
5 868
5 908
5 911
6 8
6 34
6 294
6 54
6 75
6 266
6 554
6 132
6 666
6 247
6 738
6 300
6 499
6 906
6 9
6 795
6 410
6 56
6 967
6 46
6 950
6 95
6 117
6 309
6 823
6 44
6 462
6 249
7 63
7 11
7 12
7 90
7 222
7 587
7 46
7 78
7 249
7 898
7 65
7 73
7 213
7 106
7 150
7 765
7 258
7 57
7 234
7 245
7 976
7 186
7 16
7 301
7 207
7 359
7 319
7 416
7 9
7 185
7 597
7 539
7 535
7 545
7 77
7 566
7 376
7 340
7 310
7 20
7 299
7 193
7 801
7 177
7 136
7 714
8 721
8 9
8 205
8 28
8 847
8 37
8 57
8 74
8 18
8 260
8 414
8 78
8 93
8 542
8 388
8 219
8 40
8 622
9 20
9 405
9 15
9 906
9 27
9 62
9 393
9 85
9 225
9 120
9 49
9 135
9 607
9 69
9 211
9 391
9 289
9 445
9 34
9 941
9 940
9 140
9 74
9 455
9 534
9 134
9 147
9 711
9 961
10 720
10 118
10 56
10 988
10 797
10 466
10 485
10 186
10 182
10 365
10 921
10 221
10 19
10 218
11 25
11 57
11 620
11 92
11 151
11 12
11 69
11 480
11 47
11 762
11 622
11 205
11 124
11 203
12 100
12 18
12 138
12 37
12 61
12 80
12 91
12 16
12 134
12 665
12 199
12 53
12 213
12 444
12 234
12 63
12 339
12 410
12 207
12 734
12 271
12 102
12 132
12 810
12 845
12 583
12 480
12 70
12 317
12 589
12 635
12 303
12 806
12 164
12 891
12 334
13 607
13 17
13 27
13 32
13 67
13 26
13 853
13 36
13 770
13 426
13 125
13 379
13 953
13 633
13 555
13 120
13 157
13 272
13 219
13 508
13 374
13 236
13 672
14 24
14 855
14 38
14 868
14 53
14 61
14 63
14 67
14 108
14 364
14 163
14 60
14 207
14 377
14 138
14 176
14 604
14 668
14 105
14 681
14 68
14 873
15 25
15 915
15 30
15 52
15 68
15 70
15 72
15 84
15 109
15 141
15 734
15 214
15 257
15 307
15 342
15 395
15 155
15 262
15 700
15 590
15 39
15 67
15 69
15 605
15 73
16 55
16 20
16 36
16 126
16 180
16 244
16 242
16 172
16 37
16 47
16 464
16 487
16 282
16 414
16 24
17 20
17 268
17 318
17 582
17 164
17 569
17 932
17 533
17 222
17 415
17 71
17 37
17 57
17 293
17 323
17 421
17 362
17 187
17 95
17 871
17 34
17 155
17 313
17 614
17 922
18 23
18 33
18 911
18 72
18 346
18 265
18 156
18 185
18 821
18 510
18 916
18 192
18 993
18 613
18 918
18 344
18 139
18 412
18 672
18 379
18 41
19 459
19 34
19 324
19 26
19 253
19 121
19 38
19 235
19 962
19 258
19 120
19 93
19 404
19 63
19 71
19 461
19 49
19 99
19 325
19 95
19 144
19 662
19 116
19 213
19 698
19 101
19 852
19 867
19 780
19 20
19 50
20 29
20 61
20 539
20 54
20 503
20 356
20 863
20 142
20 180
20 226
20 249
20 542
20 224
20 578
20 480
20 85
20 140
20 923
20 156
20 92
20 63
20 183
20 751
20 465
20 435
21 26
21 33
21 146
21 52
21 123
21 70
21 682
21 313
21 168
21 176
21 221
21 230
21 413
21 963
21 220
21 491
21 781
21 857
21 653
21 293
22 703
22 150
22 394
22 721
22 77
22 711
22 401
22 64
22 333
22 574
23 799
23 634
23 580
24 51
24 262
24 30
24 50
24 397
24 370
24 487
24 614
24 446
24 392
24 826
24 452
24 87
24 687
24 580
24 60
24 603
24 604
24 351
24 182
24 167
25 311
25 41
25 74
25 106
25 122
25 148
25 970
25 892
25 33
25 719
25 145
25 308
25 468
25 822
25 120
25 545
25 812
25 83
25 236
25 243
25 180
25 156
25 59
25 730
25 872
26 237
26 50
26 38
26 39
26 44
26 63
26 798
26 405
26 751
26 750
26 407
26 350
26 250
26 220
26 663
26 251
26 515
26 122
26 49
26 565
26 769
26 31
27 733
27 854
27 623
27 280
27 281
27 200
27 90
27 843
27 662
28 185
28 231
28 372
28 69
28 76
28 902
28 404
28 686
28 41
28 62
28 132
29 120
29 147
29 480
29 41
29 341
29 36
29 313
29 941
30 96
30 218
30 42
30 450
30 126
30 182
30 119
30 250
30 579
30 286
30 345
30 491
30 76
30 761
30 949
30 227
30 758
30 279
31 56
31 528
31 104
31 277
31 665
31 95
31 369
31 281
31 688
31 455
31 486
31 868
32 660
32 303
32 70
32 549
32 678
33 121
33 131
33 233
33 899
33 550
33 142
33 197
33 88
33 182
33 212
33 63
33 71
33 694
33 73
33 759
33 253
34 56
34 651
34 72
34 88
34 788
34 291
34 118
34 149
34 66
34 92
34 176
34 185
34 564
34 428
34 103
34 935
34 949
34 925
34 899
34 642
34 599
34 554
34 53
34 205
34 687
34 123
34 754
34 798
34 192
34 181
35 608
35 505
35 332
35 185
35 650
35 63
35 288
35 237
35 328
35 182
35 709
35 458
35 534
35 585
35 605
35 287
35 931
36 140
36 126
36 428
36 590
37 99
37 156
37 452
37 181
37 594
37 89
37 116
37 846
37 927
38 62
38 318
38 58
38 108
38 154
38 691
38 342
38 828
38 545
38 651
38 383
38 186
38 769
38 50
38 215
39 42
39 49
39 623
39 453
39 107
39 733
39 134
39 46
39 331
39 185
39 392
39 399
39 445
39 141
39 119
39 70
39 486
39 512
39 769
39 776
39 873
39 54
40 291
40 226
40 305
40 149
40 44
40 889
40 49
40 680
40 331
40 851
40 161
41 309
41 666
41 396
41 165
41 919
41 98
41 654
41 738
41 263
41 57
41 160
41 381
41 494
41 437
41 399
41 797
41 634
41 180
41 348
41 962
41 938
41 953
41 717
42 68
42 401
42 127
42 662
42 435
42 398
42 338
43 63
43 475
43 91
43 99
43 316
43 267
43 117
43 182
43 234
43 114
43 754
43 743
44 908
44 46
44 630
44 142
44 206
44 297
44 189
44 806
44 311
45 585
45 972
45 101
45 227
45 323
45 274
45 970
45 422
45 199
45 772
45 924
45 727
45 242
46 241
46 57
46 322
46 472
46 725
46 253
46 335
46 989
46 905
46 938
46 887
46 98
46 942
47 105
47 672
47 82
47 862
47 147
47 395
47 237
47 815
47 234
47 378
47 588
47 520
47 373
47 397
48 278
48 262
48 221
48 291
49 371
49 179
49 119
49 224
49 183
49 376
49 109
49 289
50 274
50 119
50 86
50 212
50 228
50 523
50 559
50 280
50 664
50 651
50 462
51 489
51 731
51 864
51 253
52 539
52 56
52 103
52 83
52 636
52 333
52 309
52 140
52 779
52 302
53 368
53 332
53 230
53 898
53 544
53 888
53 240
54 64
54 74
54 331
54 57
54 893
54 287
54 328
54 316
54 429
54 256
54 192
55 277
55 392
55 585
55 245
55 406
55 305
56 95
56 108
56 447
56 693
56 650
56 274
56 575
56 608
56 193
56 526
57 853
57 816
57 87
57 93
57 475
57 388
57 127
57 554
57 253
57 257
57 278
57 179
57 804
57 342
57 439
57 279
57 147
57 513
57 68
57 158
57 106
57 103
57 324
57 174
57 737
57 79
57 427
58 767
58 85
58 261
58 820
58 480
59 95
59 533
59 576
59 682
60 577
61 522
61 939
61 758
61 124
61 103
61 131
61 243
61 312
61 868
61 286
61 500
61 993
61 734
61 865
61 303
62 818
62 171
62 251
62 265
62 311
62 591
62 542
62 632
62 930
62 63
62 205
62 252
62 71
62 912
63 151
63 372
63 190
63 344
63 618
63 194
63 361
63 349
63 253
63 325
63 71
63 164
63 64
63 205
63 901
63 115
64 981
64 109
64 435
64 72
64 781
64 459
64 242
64 168
64 308
64 66
64 138
64 851
65 913
65 467
65 125
65 184
66 920
66 940
66 118
67 263
67 355
67 105
67 475
67 426
67 744
67 353
67 394
67 628
67 356
68 221
68 700
68 71
68 95
68 96
68 120
68 145
68 429
68 424
68 459
68 450
68 582
68 159
68 656
68 888
68 350
68 882
69 252
69 77
69 194
69 90
69 630
69 218
69 835
69 413
70 410
70 880
70 459
70 554
71 541
71 155
71 212
71 487
71 282
71 255
71 78
71 103
71 612
71 195
71 439
71 529
71 997
71 622
71 279
71 184
71 80
71 139
72 92
72 484
72 371
72 676
72 746
72 94
72 343
72 127
73 761
73 171
73 76
73 829
73 256
73 703
73 83
73 615
74 93
74 546
74 245
74 657
74 305
74 604
74 563
74 193
74 434
74 174
74 496
74 547
74 487
74 914
74 260
74 353
75 651
75 86
75 346
75 136
76 273
76 142
76 124
76 241
76 368
77 462
78 295
78 694
78 436
78 147
78 167
78 230
78 839
78 184
78 777
78 527
78 330
79 442
79 334
79 177
79 207
79 399
79 93
79 608
80 213
80 649
80 833
80 638
80 498
81 678
81 152
81 897
81 704
81 997
81 974
82 473
82 583
82 173
82 594
82 195
82 365
82 472
83 599
83 247
83 698
83 349
83 207
83 693
83 537
84 746
84 987
85 748
85 792
85 617
85 350
86 948
86 173
86 104
86 275
86 923
86 434
86 725
86 165
86 130
86 98
86 223
86 759
86 145
86 409
87 457
87 569
87 125
88 861
88 218
88 187
88 136
88 880
88 283
88 763
88 480
88 433
88 151
88 681
88 171
88 949
88 156
89 785
89 208
89 218
89 996
90 980
90 373
90 192
90 416
90 600
91 305
91 684
91 152
91 621
91 116
91 231
91 220
91 942
91 615
92 147
92 951
92 660
92 553
92 968
93 560
93 978
93 131
93 99
93 186
93 371
93 750
93 178
94 943
94 153
94 594
94 232
94 979
95 105
95 807
95 400
95 191
95 147
95 285
95 188
95 202
95 346
95 885
96 136
96 170
96 203
96 418
96 102
96 119
96 115
97 210
97 478
97 411
97 238
97 433
97 207
97 492
97 771
98 121
98 253
98 256
98 331
98 414
98 334
99 904
99 456
99 590
100 156
100 566
100 137
100 345
101 444
101 493
101 836
101 328
101 462
102 594
102 697
102 274
102 557
102 459
103 238
103 587
103 206
103 757
103 767
103 303
103 190
103 597
103 106
103 186
104 782
104 646
104 885
104 154
105 390
105 204
105 387
105 612
105 112
105 155
106 222
106 168
106 840
106 209
106 230
106 559
106 887
106 226
106 401
106 276
107 684
107 399
108 592
108 686
108 232
108 567
108 121
108 974
108 661
109 178
109 900
109 732
109 265
110 956
110 712
110 645
111 587
111 219
111 657
111 430
111 228
112 476
112 234
112 523
112 627
113 837
113 578
113 658
113 481
113 632
114 524
114 209
114 507
115 465
115 135
115 808
115 485
115 568
116 445
116 775
116 681
116 501
116 227
117 470
117 628
117 126
117 943
117 513
117 204
118 311
118 806
118 423
118 330
118 426
119 259
119 171
119 452
119 361
119 999
120 317
120 178
120 245
120 507
120 296
120 812
120 319
120 809
120 263
120 671
121 157
121 712
121 472
121 913
121 503
122 296
122 209
122 539
122 416
123 478
123 843
123 385
124 487
124 351
125 856
125 228
125 771
125 289
125 493
125 455
125 850
126 625
126 136
126 684
126 194
126 655
126 249
126 209
126 636
126 474
126 272
126 307
126 315
127 178
127 200
127 764
127 455
127 664
127 196
127 735
127 371
128 298
128 443
128 352
128 595
129 424
129 713
130 884
130 415
130 331
130 382
130 274
130 259
130 679
131 658
131 623
132 526
132 343
132 398
132 589
132 310
132 257
132 747
132 550
132 296
132 739
132 385
133 877
133 902
133 869
133 361
134 458
134 704
135 963
135 417
135 259
135 991
135 425
136 143
136 208
136 330
136 435
136 665
136 167
136 187
136 933
136 941
137 385
137 224
137 303
138 348
138 705
138 936
138 554
139 286
139 633
139 830
139 895
139 184
140 905
140 973
140 186
140 240
140 408
140 659
140 591
140 844
141 178
141 329
141 812
141 447
141 173
141 917
141 399
141 696
141 299
142 375
142 297
142 447
142 342
142 788
143 437
143 206
143 233
143 471
143 978
143 626
144 501
144 153
144 316
144 482
145 516
145 759
145 270
145 187
145 324
145 421
146 797
146 946
146 334
147 170
147 436
147 262
147 379
147 735
147 760
148 258
148 481
148 794
149 300
149 583
149 705
149 215
150 251
150 343
150 510
150 181
151 756
151 520
151 482
152 189
152 590
152 984
152 432
152 420
153 791
153 437
153 200
153 378
153 480
153 761
154 241
154 334
154 425
154 378
155 238
155 210
155 241
155 350
155 466
155 473
155 499
155 309
156 313
156 525
156 295
156 994
156 512
156 669
156 317
156 413
157 438
157 181
157 689
157 459
157 977
158 470
158 728
158 220
158 719
158 727
158 945
159 458
159 427
159 243
160 224
160 324
160 725
160 323
161 718
161 262
161 637
162 401
162 515
162 386
163 356
163 457
163 617
163 889
164 180
164 213
164 575
164 786
164 644
164 274
164 431
164 673
164 755
164 355
164 170
164 462
164 181
165 629
165 322
165 353
166 805
166 685
166 882
166 781
166 180
167 169
167 886
167 174
168 773
168 793
168 362
168 463
168 430
168 823
168 522
169 373
169 197
169 763
169 946
170 731
170 313
170 368
170 540
170 435
171 474
171 273
171 662
171 439
171 893
172 857
172 624
172 303
172 772
173 239
173 706
174 305
174 964
175 848
175 196
175 462
176 859
176 606
176 301
177 828
177 889
177 678
177 811
178 724
178 187
178 892
178 951
178 341
178 681
179 377
179 954
179 894
179 713
179 919
180 500
180 221
180 866
180 890
181 998
182 994
182 995
182 233
182 610
182 531
182 282
182 337
183 804
183 640
183 264
183 360
183 975
184 740
184 279
184 285
184 717
184 345
184 443
185 192
185 803
185 820
185 700
186 986
186 422
186 486
186 634
187 858
188 928
188 240
188 444
188 284
189 518
189 427
190 905
190 229
191 505
191 792
192 544
192 484
192 501
192 891
192 863
192 659
192 503
192 981
193 755
193 521
193 272
193 337
193 363
194 779
194 455
194 403
195 460
195 329
195 354
195 230
196 491
196 565
196 895
196 292
197 382
198 794
198 281
198 260
199 542
199 206
199 369
199 561
200 424
200 494
200 759
200 225
200 339
201 208
201 222
201 291
202 830
202 228
202 650
202 205
202 279
202 862
202 460
202 349
202 789
203 461
203 658
204 393
204 237
204 254
204 829
205 559
205 710
205 837
205 668
205 320
205 754
205 702
205 324
205 319
206 777
206 418
206 216
207 500
207 417
207 253
208 488
208 699
208 968
208 619
209 312
209 246
209 612
209 688
210 859
211 592
211 640
211 235
212 918
212 822
212 310
214 269
214 908
214 498
214 776
215 253
216 264
216 345
216 297
217 813
217 878
217 969
218 648
218 995
218 808
218 528
219 585
219 238
219 955
220 787
221 247
221 736
221 222
222 242
222 345
223 591
223 271
223 571
223 802
223 914
224 637
224 435
224 766
224 439
225 276
225 876
225 650
226 236
227 816
227 692
227 334
227 529
227 762
228 380
228 595
228 471
228 531
228 486
229 327
229 959
230 249
230 265
230 286
230 291
230 288
230 571
230 921
231 834
231 367
231 760
231 847
232 441
232 922
232 249
232 907
232 583
233 254
234 698
234 336
235 840
235 359
236 723
236 934
236 657
236 918
236 488
237 879
238 409
239 608
239 360
239 883
240 780
240 984
240 295
242 749
242 263
242 839
243 330
243 589
244 529
244 512
245 440
245 653
245 279
245 964
245 784
245 291
246 871
246 270
246 753
247 511
247 259
247 835
247 292
248 429
248 350
248 810
248 329
249 270
249 859
249 486
249 501
249 507
249 252
249 452
250 647
250 769
250 775
251 558
251 340
252 987
252 338
252 965
253 260
253 841
253 778
254 505
254 265
254 514
255 351
255 455
256 680
257 744
257 924
257 951
257 605
258 971
258 387
258 471
258 843
258 467
259 265
259 388
259 279
260 652
260 784
260 643
260 363
261 995
261 575
261 682
262 279
262 412
262 274
262 496
262 471
263 880
263 439
263 450
264 526
264 519
265 788
265 865
265 608
266 405
266 920
267 284
268 924
268 992
268 631
269 661
269 455
269 929
269 569
269 284
270 584
271 851
272 538
272 337
272 730
272 871
273 292
274 883
274 737
275 795
275 561
276 417
276 316
276 845
276 296
277 399
277 335
278 711
279 847
279 351
279 372
279 883
280 370
280 404
281 443
281 669
281 296
283 338
283 716
283 704
284 815
285 503
285 739
285 326
286 339
286 935
287 880
287 497
288 957
288 335
289 445
289 556
289 570
289 292
290 685
290 612
291 466
292 706
292 954
293 669
293 621
294 693
294 513
294 411
295 947
296 893
296 580
296 731
296 450
297 461
298 939
298 561
299 460
299 407
300 329
300 534
300 636
300 927
301 573
302 601
302 910
303 577
303 508
303 409
303 479
304 932
304 663
305 801
305 902
305 363
305 651
305 536
305 563
306 546
306 517
306 363
306 411
307 606
307 637
308 391
308 887
308 540
309 530
309 532
310 856
312 852
313 513
313 866
314 319
314 360
314 641
314 383
314 959
314 837
315 396
315 461
315 765
316 728
317 850
318 407
318 867
318 838
319 544
319 329
320 403
320 522
320 930
321 909
321 345
321 493
322 464
322 678
322 378
322 714
323 890
323 408
323 637
325 960
326 578
326 708
327 652
327 535
327 849
327 860
327 988
328 616
328 853
329 611
329 842
329 410
329 593
330 423
331 913
331 543
332 548
333 674
333 440
333 357
334 609
334 487
334 830
334 522
334 355
334 542
335 933
336 389
336 757
337 867
337 760
338 793
338 703
338 451
338 907
339 584
339 603
339 633
339 724
340 564
340 875
340 664
340 460
341 695
341 556
341 527
342 601
342 947
343 446
343 937
343 445
344 384
344 645
346 709
346 757
347 503
348 780
348 518
349 726
349 695
349 436
350 869
350 742
351 898
352 357
352 645
353 636
354 967
354 512
356 367
356 405
357 874
357 749
358 820
358 983
358 782
358 796
358 955
358 487
359 552
360 903
360 487
360 368
361 411
362 543
363 399
364 677
364 628
364 504
365 375
366 819
366 996
366 707
367 814
367 440
368 872
368 447
369 748
369 982
370 993
371 430
371 425
371 644
372 509
372 438
372 380
372 785
372 598
372 673
372 926
374 999
374 481
375 667
375 689
376 959
377 413
377 667
377 497
378 396
378 892
378 449
378 818
379 432
380 554
381 538
381 792
382 551
382 402
383 526
383 565
384 836
384 897
384 827
385 448
385 826
385 796
386 729
386 813
387 534
389 649
390 997
390 404
391 576
391 966
392 976
393 553
393 578
394 869
395 598
395 870
397 729
398 920
398 721
399 547
399 785
399 845
400 764
400 891
400 714
400 401
401 454
402 991
402 502
403 653
405 742
405 618
406 641
406 775
407 515
408 588
408 504
409 904
411 415
412 986
414 870
414 528
416 723
416 917
417 677
417 508
417 783
418 575
418 586
419 427
419 801
419 989
420 882
421 482
421 818
422 807
423 770
424 830
426 730
426 590
429 649
429 912
431 853
431 861
432 765
433 705
433 632
433 571
433 479
434 990
434 558
435 931
435 601
435 690
436 839
436 736
437 474
439 668
439 741
440 876
440 952
440 809
441 507
441 928
442 544
442 495
443 904
443 482
443 827
444 683
446 670
446 613
446 816
448 727
449 756
449 727
450 623
451 611
451 452
451 672
452 635
452 759
453 676
453 522
453 651
454 589
454 866
454 481
454 642
456 888
456 706
457 466
459 563
459 470
459 790
459 945
460 791
460 885
462 923
462 721
462 618
463 970
463 658
464 932
464 982
465 886
466 933
467 555
467 489
468 618
468 489
469 513
469 977
469 750
471 594
471 655
471 720
471 659
472 477
473 634
473 991
474 736
476 890
476 490
477 593
477 481
478 710
479 899
479 750
479 494
480 957
481 916
481 955
482 716
483 619
483 762
483 485
484 747
484 998
485 985
486 958
486 718
487 493
487 570
488 746
489 534
489 606
490 623
491 649
492 961
492 508
493 701
493 501
493 715
495 930
495 633
496 910
497 729
498 613
499 501
499 533
502 805
502 909
504 537
505 567
506 878
506 719
506 880
509 926
510 600
511 934
511 860
512 708
513 740
513 773
514 996
514 670
515 651
515 624
516 535
516 530
517 956
517 796
518 708
518 825
519 543
519 789
520 638
521 655
522 767
522 937
522 936
523 674
524 557
525 983
525 768
526 894
527 675
527 985
527 684
529 649
532 701
532 912
536 832
536 749
536 786
536 764
537 646
539 791
540 596
541 838
543 882
544 631
544 690
545 864
545 998
547 743
548 581
548 834
549 799
549 572
549 670
549 557
550 726
551 647
552 817
552 836
553 702
556 639
558 569
559 672
560 762
560 763
562 901
562 566
564 644
565 625
565 615
566 986
567 910
567 794
568 638
568 971
568 791
570 745
570 960
571 961
572 881
573 640
573 803
574 842
574 737
575 806
575 699
576 798
577 935
578 774
579 801
580 686
581 942
581 840
582 787
582 811
584 778
585 682
585 856
586 702
587 950
587 763
588 855
589 637
590 878
592 819
595 673
596 712
596 629
597 925
597 656
598 640
598 840
599 917
600 832
602 974
602 966
602 762
603 852
605 964
605 614
609 934
610 938
610 969
611 992
612 928
614 849
616 896
616 647
617 715
618 660
619 643
619 620
620 795
621 639
624 857
624 755
625 745
626 903
626 648
626 741
627 786
627 686
629 824
630 728
631 810
638 797
639 751
641 726
641 691
642 757
643 940
644 982
646 952
646 813
647 774
648 841
650 735
652 966
652 944
654 844
655 776
656 661
659 821
663 732
666 756
667 869
671 834
671 896
674 831
675 704
675 707
676 901
676 800
679 684
683 722
683 822
683 846
685 940
686 824
687 690
688 876
689 814
691 907
692 827
693 772
693 926
694 743
694 752
695 739
696 864
697 817
697 723
699 927
701 769
703 924
705 771
707 814
708 738
708 719
709 873
713 737
714 718
715 922
717 808
719 841
720 725
722 799
725 732
726 850
728 947
729 967
731 819
731 858
733 753
733 766
736 826
736 823
741 831
742 879
742 896
744 921
747 790
748 945
748 845
749 879
750 784
752 817
752 990
753 846
758 962
762 990
765 975
766 971
768 983
768 788
769 875
770 944
774 854
775 832
776 965
777 877
779 848
780 842
783 980
783 844
785 954
787 829
789 861
790 825
798 811
799 968
800 960
800 958
802 807
803 886
804 863
805 822
806 854
809 816
812 925
813 894
815 874
817 989
824 929
825 877
833 953
834 872
838 874
843 979
847 915
848 988
849 904
855 972
858 862
860 975
865 948
870 900
876 946
881 929
883 913
891 948
893 911
895 978
903 913
906 973
908 980
914 918
917 956
931 994
935 973
936 949
939 952
943 969
950 979
957 972
965 984
985 987
992 999
