0 1
0 2
0 3
0 7
0 8
0 9
0 11
0 13
0 14
0 15
0 17
0 18
0 22
0 23
0 24
0 25
0 26
0 28
0 30
0 33
0 35
0 39
0 42
0 51
0 53
0 57
0 60
0 62
0 63
0 65
0 66
0 72
0 83
0 84
0 87
0 91
0 92
0 96
0 97
0 110
0 117
0 125
0 136
0 144
0 145
0 150
0 152
0 156
0 158
0 161
0 162
0 169
0 171
0 172
0 174
0 176
0 177
0 182
0 185
0 187
0 191
0 200
0 209
0 218
0 221
0 228
0 233
0 256
0 260
0 265
0 287
0 289
0 317
0 328
0 358
0 375
0 378
0 403
0 408
0 410
0 414
0 420
0 430
0 437
0 459
0 460
0 467
0 484
0 517
0 532
0 545
0 548
0 577
0 591
0 610
0 617
0 618
0 546
0 540
0 680
0 718
0 726
0 732
0 737
0 747
0 4
0 752
0 765
0 768
0 804
0 818
0 824
0 852
0 861
0 868
0 889
0 919
0 931
0 957
0 973
0 984
0 988
1 131
1 3
1 4
1 716
1 7
1 12
1 373
1 586
1 34
1 66
1 72
1 99
1 49
1 2
1 135
1 94
1 167
1 107
1 85
1 249
1 653
1 513
1 79
1 705
1 158
1 752
1 347
1 329
1 426
1 451
1 578
1 503
1 93
1 832
1 999
1 351
1 666
1 194
1 571
1 851
1 478
1 893
1 81
2 24
2 3
2 4
2 5
2 6
2 8
2 10
2 12
2 15
2 30
2 32
2 33
2 35
2 115
2 38
2 231
2 50
2 52
2 99
2 76
2 80
2 176
2 214
2 904
2 127
2 131
2 200
2 977
2 407
2 139
2 680
2 166
2 167
2 184
2 265
2 60
2 213
2 298
2 27
2 759
2 239
2 243
2 282
2 892
2 72
2 439
2 833
2 315
2 398
2 152
2 356
2 371
2 81
2 338
2 74
2 628
2 20
2 559
2 527
2 498
2 526
2 357
2 37
2 597
2 284
2 11
2 750
2 295
2 776
2 63
2 463
2 485
2 40
2 772
2 83
2 367
2 59
2 98
2 617
2 48
3 4
3 26
3 479
3 8
3 13
3 244
3 623
3 32
3 548
3 549
3 44
3 656
3 925
3 63
3 73
3 100
3 81
3 283
3 978
3 160
3 666
3 164
3 131
3 109
3 217
3 54
3 30
3 254
3 257
3 265
3 417
3 190
3 38
3 95
3 335
3 626
3 347
3 356
3 39
3 74
3 386
3 729
3 377
3 961
3 193
3 432
3 406
3 643
3 49
3 730
3 40
3 69
3 502
3 976
3 210
3 17
3 20
3 50
3 669
3 697
3 115
3 728
3 107
3 12
3 7
3 800
3 849
3 97
3 23
3 208
3 890
3 228
3 457
4 5
4 6
4 10
4 11
4 16
4 403
4 21
4 51
4 49
4 55
4 58
4 469
4 81
4 96
4 99
4 111
4 255
4 722
4 77
4 130
4 140
4 149
4 977
4 38
4 175
4 27
4 7
4 357
4 207
4 539
4 57
4 290
4 254
4 301
4 292
4 242
4 416
4 878
4 352
4 353
4 475
4 12
4 966
4 19
4 50
4 47
4 556
4 583
4 132
4 594
4 293
4 935
4 45
4 168
4 72
4 56
4 86
4 259
4 193
4 252
4 129
4 374
4 20
4 503
4 33
4 658
4 381
4 253
5 38
5 9
5 12
5 20
5 21
5 26
5 214
5 73
5 115
5 127
5 168
5 134
5 244
5 6
5 235
5 65
5 7
5 447
5 125
5 433
5 568
5 90
6 123
6 14
6 97
6 22
6 27
6 30
6 31
6 36
6 38
6 423
6 67
6 72
6 101
6 305
6 509
6 8
6 263
6 768
6 194
6 49
6 529
6 512
6 640
6 91
6 9
6 188
6 286
6 265
6 848
6 142
6 960
6 531
6 866
6 579
6 257
6 125
6 131
6 710
6 130
6 813
6 517
6 668
6 983
7 735
7 9
7 320
7 19
7 20
7 32
7 39
7 105
7 44
7 49
7 50
7 56
7 451
7 922
7 611
7 81
7 89
7 97
7 264
7 132
7 35
7 139
7 815
7 57
7 21
7 219
7 904
7 254
7 402
7 279
7 12
7 40
7 616
7 17
7 361
7 252
7 833
7 484
7 489
7 11
7 541
7 284
7 156
7 204
7 870
7 659
7 178
7 13
7 33
7 754
7 783
7 689
7 424
7 927
7 915
8 10
8 259
8 176
8 236
8 184
8 135
8 136
8 143
8 568
8 571
8 242
8 338
8 197
8 50
8 445
8 249
8 508
8 310
8 13
8 949
8 11
8 240
8 61
8 139
8 461
9 345
9 38
9 57
9 62
9 64
9 297
9 86
9 11
9 118
9 125
9 229
9 318
9 114
9 512
9 150
9 157
9 201
9 184
9 48
9 271
9 281
9 249
9 88
9 217
9 76
9 402
9 560
9 50
9 70
9 974
9 506
9 357
9 60
9 213
9 592
9 798
9 424
9 709
9 758
9 700
9 810
9 447
9 742
9 210
9 51
9 93
10 11
10 184
10 24
10 271
10 470
10 525
10 760
11 18
11 19
11 874
11 25
11 106
11 218
11 633
11 138
11 59
11 65
11 75
11 83
11 85
11 758
11 118
11 84
11 229
11 363
11 62
11 164
11 43
11 695
11 215
11 168
11 222
11 227
11 22
11 302
11 49
11 416
11 145
11 520
11 122
11 57
11 132
11 389
11 662
11 125
11 126
11 625
11 508
11 776
11 254
11 646
11 833
11 756
11 50
11 816
11 223
11 948
11 981
12 13
12 520
12 20
12 221
12 628
12 44
12 649
12 39
12 40
12 43
12 750
12 47
12 49
12 579
12 55
12 84
12 940
12 131
12 75
12 79
12 595
12 175
12 492
12 680
12 90
12 335
12 45
12 291
12 109
12 142
12 219
12 152
12 148
12 23
12 114
12 341
12 296
12 803
12 278
12 292
12 303
12 510
12 307
12 179
12 260
12 411
12 16
12 436
12 366
12 480
12 470
12 254
12 435
12 300
12 535
12 538
12 856
12 60
12 117
12 544
12 655
12 570
12 448
12 834
12 701
12 467
12 384
12 769
12 587
12 699
12 50
13 836
13 25
13 127
13 140
13 551
13 171
13 408
13 82
13 946
13 394
13 594
13 438
13 420
13 461
13 49
13 993
14 261
14 638
14 112
14 226
14 127
14 263
14 297
14 786
14 264
14 838
15 46
15 925
15 104
15 476
15 90
15 99
15 139
15 590
15 226
15 891
15 385
16 678
16 933
16 766
16 523
16 340
17 351
17 374
17 868
17 346
17 260
17 215
17 25
17 167
17 755
17 653
18 123
18 560
18 42
18 208
18 517
18 101
18 87
18 566
18 94
18 717
18 754
18 550
18 834
18 59
18 38
19 897
19 656
19 702
19 173
19 283
19 151
20 98
20 149
20 154
20 30
20 284
20 370
20 673
20 76
20 127
20 87
20 84
20 241
20 428
20 57
20 53
20 761
20 778
20 553
20 495
20 81
20 356
21 110
21 346
21 739
21 71
21 913
21 476
21 582
21 93
21 277
21 804
21 269
21 353
22 86
22 561
22 111
22 185
22 136
22 253
22 70
22 416
22 295
23 97
23 66
23 729
23 700
23 217
23 243
23 354
23 215
24 560
24 200
24 181
24 51
24 55
24 74
24 159
24 164
24 124
24 151
24 87
24 36
24 444
24 985
24 171
24 641
24 25
24 488
24 214
24 645
24 697
24 377
24 32
24 27
25 653
25 215
25 218
25 105
25 82
25 203
25 110
25 282
25 999
25 824
25 116
25 509
25 207
25 222
25 178
25 115
25 607
25 439
25 200
25 362
25 559
25 229
25 640
25 668
25 694
25 235
25 785
25 386
26 76
26 28
26 36
26 137
26 168
26 169
26 77
26 359
26 703
27 354
27 200
27 822
27 309
27 42
27 851
27 910
27 797
28 509
28 747
28 86
28 701
28 870
28 219
28 251
28 986
29 469
29 643
29 174
29 718
29 283
30 568
30 84
30 76
30 346
30 334
30 260
30 450
30 594
30 305
30 719
31 84
31 772
31 102
31 339
31 188
31 926
31 115
31 70
32 43
32 57
32 60
32 71
32 73
32 166
32 116
32 210
32 798
32 147
32 59
32 34
32 222
32 844
32 357
32 742
32 110
32 758
32 421
32 916
32 36
32 526
32 223
32 489
32 697
32 529
32 346
32 779
32 568
32 860
32 232
33 40
33 86
33 342
33 99
33 783
33 398
34 289
34 112
34 180
34 292
34 336
34 753
34 634
34 46
34 534
34 287
34 397
34 627
35 210
35 269
35 127
35 442
35 231
35 214
35 121
35 208
35 106
35 574
35 84
35 77
35 125
35 963
35 648
35 391
36 406
36 52
36 301
36 76
36 249
36 41
36 509
36 360
36 157
36 550
36 492
37 120
37 193
37 706
37 40
37 43
37 189
37 382
37 216
37 777
37 907
37 751
38 109
38 49
38 119
38 91
38 161
38 148
38 247
38 149
38 756
38 824
38 74
38 444
38 848
38 100
38 439
38 123
38 185
39 858
39 81
39 757
39 875
39 390
39 224
40 174
40 294
40 140
40 52
40 622
40 56
40 681
40 783
40 662
40 59
40 851
40 439
41 59
41 454
41 617
41 874
41 135
41 938
41 286
41 330
41 668
41 923
42 420
42 536
42 184
42 57
42 656
42 79
42 340
43 197
43 61
43 88
43 178
43 87
43 958
43 379
43 386
43 592
43 237
43 946
43 756
43 271
43 858
44 129
44 314
44 594
44 489
44 163
44 959
44 94
44 385
44 967
45 344
45 894
45 301
46 75
46 477
46 165
46 452
47 168
47 136
47 81
47 199
47 232
47 786
47 619
47 266
48 210
48 137
48 394
48 82
48 133
48 469
48 249
48 636
49 67
49 200
49 475
49 131
49 132
49 297
49 208
49 786
49 252
49 974
49 393
49 388
49 418
49 254
49 65
49 715
49 400
49 668
49 706
49 802
49 584
49 716
49 963
49 63
49 434
49 267
49 89
49 510
50 552
50 357
50 169
50 371
50 962
50 793
51 585
51 187
51 791
51 149
51 417
51 651
51 458
51 57
52 355
52 55
52 936
52 351
52 76
52 168
52 466
52 863
53 417
53 76
53 768
54 124
54 465
54 55
54 733
54 335
54 810
54 223
55 302
55 246
55 114
56 206
56 131
56 827
56 643
56 721
56 81
57 79
57 582
57 69
57 852
57 186
57 589
57 602
57 692
57 909
57 350
58 915
58 818
58 59
59 68
59 290
59 703
59 905
59 270
59 60
59 200
59 94
59 365
59 99
59 511
59 833
60 575
60 373
60 362
60 642
60 940
60 176
60 144
60 349
60 616
60 90
61 75
61 456
61 129
61 197
61 114
61 561
61 208
61 374
61 297
61 242
61 953
62 75
62 92
62 69
62 160
62 238
62 183
62 395
62 674
62 143
62 396
62 385
62 433
62 156
62 812
62 152
62 148
63 535
63 288
63 229
63 125
63 655
63 155
63 685
64 160
64 306
64 829
64 316
64 115
64 79
64 625
65 431
65 103
65 125
65 220
65 923
65 168
65 575
65 116
66 950
66 71
66 396
66 741
66 216
66 324
66 806
67 867
67 215
67 351
67 365
68 264
68 635
68 492
68 250
68 210
68 480
68 856
68 69
69 547
69 128
69 895
69 842
69 383
70 558
70 252
70 646
70 968
70 79
70 660
70 223
70 110
70 71
71 347
71 708
71 445
71 922
72 425
72 500
72 405
72 467
72 522
72 252
72 638
72 86
73 725
73 95
73 136
73 100
73 344
73 375
73 635
73 826
74 362
74 205
74 959
74 373
74 681
74 366
75 398
75 178
75 255
75 110
75 545
75 234
75 715
75 391
75 279
75 401
75 176
75 744
75 93
75 496
75 621
75 865
76 398
76 952
76 202
76 188
76 198
76 203
76 259
76 261
76 432
76 222
76 147
76 220
76 357
76 167
76 341
76 115
76 598
77 852
77 262
77 136
77 247
77 767
77 387
77 994
78 151
78 245
78 103
78 356
78 81
78 887
79 865
79 677
79 799
79 208
79 664
79 361
79 396
79 131
79 906
79 86
79 84
79 981
79 998
80 205
80 444
80 81
81 162
81 141
81 217
81 149
81 376
81 268
81 871
81 200
81 801
81 350
81 478
81 385
81 308
81 105
81 184
81 307
82 162
82 668
82 745
82 111
82 357
82 465
82 95
82 274
82 176
83 487
83 783
83 706
83 345
84 873
84 719
84 194
84 961
84 648
84 421
84 176
84 254
84 971
85 483
85 99
85 586
85 332
85 524
85 459
86 176
86 132
86 346
86 603
86 399
86 951
86 405
86 394
86 96
86 671
87 550
87 940
87 147
87 464
87 873
87 164
87 632
87 666
88 970
88 118
88 933
89 987
89 246
89 175
89 826
89 629
89 549
90 303
90 370
90 831
90 114
90 311
90 582
90 133
90 399
90 204
90 97
90 130
90 655
91 110
91 210
91 359
91 118
92 300
92 205
92 434
92 136
92 238
92 191
93 513
93 322
93 127
93 361
93 924
93 315
94 249
94 531
94 805
94 609
94 564
94 209
94 493
94 491
94 748
94 176
94 255
95 235
95 612
95 312
95 218
96 184
96 673
96 347
96 635
97 196
97 279
97 859
98 207
98 538
98 192
98 501
98 229
98 710
99 159
99 164
99 533
99 230
99 238
99 738
99 270
99 367
99 467
99 521
99 110
99 121
99 855
100 310
100 512
100 209
100 247
101 769
101 658
101 782
101 428
101 614
101 450
101 576
102 351
102 321
102 208
102 496
102 110
103 966
103 222
103 686
103 531
104 429
104 277
104 513
104 190
104 615
105 386
105 886
105 115
105 361
105 179
105 210
105 131
105 438
105 125
105 355
106 134
106 765
106 152
106 213
106 433
106 620
106 357
106 654
106 969
106 554
106 387
106 763
107 719
107 998
108 183
108 894
108 630
108 764
108 380
108 464
108 291
109 113
109 914
109 115
109 458
109 920
109 168
109 237
110 675
110 124
110 125
110 295
110 355
110 140
110 348
110 906
110 662
110 215
110 913
111 333
111 253
111 316
111 561
111 775
111 458
111 624
111 216
111 986
112 520
112 195
112 200
112 606
113 531
113 293
113 178
114 346
114 332
114 243
114 269
115 170
115 350
115 718
115 845
115 333
115 383
115 215
115 780
115 247
115 956
116 172
116 128
116 363
116 874
117 246
117 180
118 414
118 587
118 299
118 194
118 152
118 341
118 598
119 142
119 130
119 505
119 929
120 253
120 500
120 411
121 599
121 244
121 889
121 921
121 868
122 731
122 487
122 865
122 457
123 939
124 529
124 837
125 971
125 788
125 670
125 681
125 702
125 459
125 539
125 565
125 716
125 225
125 380
126 425
126 696
126 137
126 514
126 233
126 389
127 312
127 346
127 308
127 170
127 537
127 579
128 544
128 732
128 453
128 178
128 420
129 198
129 372
129 793
129 484
129 432
130 226
130 836
130 877
130 260
131 154
131 583
131 241
131 198
131 373
131 384
131 841
131 588
132 736
133 613
133 763
133 512
133 720
133 867
134 980
134 200
134 664
134 635
134 762
135 766
135 691
135 515
135 163
135 200
135 773
136 282
136 225
136 308
136 499
136 311
136 729
137 437
137 762
137 812
138 999
138 566
138 199
139 680
139 648
139 203
139 180
140 276
140 168
140 449
140 508
140 414
140 637
141 989
141 551
141 254
141 871
141 615
141 743
141 692
142 627
142 167
142 352
142 520
142 402
142 346
142 640
142 149
142 234
143 161
143 614
143 664
143 834
144 553
144 355
144 183
144 451
144 602
144 327
144 570
144 780
144 338
144 458
145 443
145 274
145 228
145 394
145 223
146 942
146 577
146 568
147 381
147 663
147 164
147 858
147 429
147 297
147 493
148 208
148 857
148 237
148 708
148 968
149 603
149 232
149 665
149 571
149 892
149 888
149 176
149 463
150 880
150 341
150 352
150 566
150 992
150 484
151 750
152 471
152 188
152 936
152 727
152 432
152 719
152 325
152 200
153 243
153 562
153 608
153 798
154 745
154 631
154 189
155 195
155 588
156 231
156 381
156 260
157 463
158 551
158 570
158 605
158 359
158 417
159 865
160 507
160 835
161 609
161 698
162 689
162 736
162 637
163 628
163 883
163 794
163 339
163 329
164 166
164 177
164 466
164 527
164 694
165 195
165 481
165 364
165 321
165 564
166 881
166 246
167 751
167 869
167 954
167 348
167 703
168 226
168 373
168 763
168 171
168 273
169 437
170 601
170 304
171 544
171 456
171 434
171 271
172 825
172 554
173 989
173 300
173 910
173 726
174 258
174 413
174 639
175 408
175 284
175 333
176 790
176 388
176 222
176 350
176 432
176 651
177 737
177 444
177 521
177 527
178 704
178 256
179 196
179 869
180 555
180 275
180 438
180 581
180 202
181 732
181 322
182 784
182 880
183 784
183 556
183 267
183 192
184 789
184 523
185 242
185 649
185 467
185 804
185 847
186 215
186 298
187 543
187 711
188 473
188 417
188 330
189 918
189 688
189 306
189 504
189 732
190 236
191 205
191 451
192 830
192 744
194 388
194 918
194 810
194 389
194 497
195 379
195 483
195 734
196 787
196 800
197 332
197 877
198 439
198 297
198 675
199 993
199 282
199 323
200 710
200 564
201 650
201 402
202 781
202 430
203 585
204 346
204 572
205 417
205 669
205 376
205 504
205 521
206 919
206 421
207 238
207 566
208 404
208 237
208 247
208 333
208 240
208 435
208 849
208 579
208 606
208 567
208 682
208 894
209 729
209 820
210 759
210 474
210 632
210 873
211 293
211 312
211 593
212 927
212 417
212 793
213 415
213 631
214 281
214 987
214 286
214 305
214 337
214 879
215 440
215 343
215 417
215 722
215 524
215 560
215 741
216 994
216 804
216 642
217 385
217 298
217 867
218 224
218 276
219 393
219 516
219 404
219 629
219 580
219 676
220 271
220 572
220 962
220 278
221 313
221 522
221 552
221 424
222 350
222 412
222 358
222 795
222 458
222 707
222 473
222 862
222 411
222 421
222 531
223 227
223 620
223 807
223 407
223 575
223 458
223 352
224 540
224 886
224 232
224 237
225 383
225 932
226 599
226 563
226 676
227 892
227 374
228 739
228 929
228 519
228 562
229 746
229 292
229 332
229 295
229 514
230 256
230 612
230 403
231 766
231 782
231 395
231 772
231 293
231 465
232 683
232 636
232 703
232 521
233 546
233 338
233 486
234 367
234 781
234 235
235 864
235 491
235 496
235 850
236 460
236 252
236 272
236 297
236 965
236 309
237 674
237 779
238 997
239 332
239 406
239 981
240 652
240 605
241 413
241 331
242 776
242 243
242 990
242 920
243 294
243 322
244 808
244 269
244 483
244 293
245 722
245 756
245 284
246 486
246 472
246 268
246 482
247 823
247 383
247 473
247 758
247 771
247 256
247 793
248 322
248 315
248 304
248 511
249 731
249 257
249 481
249 724
249 705
249 854
250 922
250 333
250 884
250 823
251 928
251 668
252 401
253 509
253 669
254 444
254 589
254 463
254 980
254 692
255 684
255 965
255 753
255 597
255 342
255 284
256 485
256 847
257 941
257 557
257 362
258 866
258 314
259 875
259 578
259 364
259 838
260 280
261 619
261 773
261 319
261 559
262 533
262 964
262 483
262 406
262 966
263 407
263 788
263 594
263 502
263 348
264 649
265 409
265 477
265 422
265 469
266 369
266 881
266 762
267 366
267 790
267 490
268 577
268 277
268 822
270 576
270 776
270 580
270 532
270 592
270 643
271 817
271 975
272 477
272 449
272 609
272 762
273 941
273 560
273 600
273 356
273 448
273 317
274 670
274 560
274 446
275 448
275 548
275 309
275 439
275 775
275 753
275 287
276 777
277 348
277 520
277 290
278 778
278 647
279 924
279 382
279 632
279 840
280 898
280 414
280 348
280 442
280 832
281 637
281 373
282 619
282 303
282 743
283 378
283 836
284 634
284 975
284 713
284 979
285 446
285 654
285 319
285 388
287 675
287 543
288 322
288 478
289 435
289 618
290 926
290 364
291 991
291 853
291 518
291 482
292 730
292 543
292 687
292 970
293 530
293 501
294 716
294 589
294 789
296 885
296 786
296 709
296 298
298 816
298 359
299 588
299 624
300 429
300 509
302 587
302 384
302 311
302 485
303 631
304 801
305 626
305 364
305 778
305 782
306 756
306 802
306 436
306 339
306 472
307 918
308 685
308 389
308 502
308 828
308 510
309 808
309 557
309 471
309 856
309 930
310 318
310 996
310 519
312 411
312 660
313 846
313 698
313 541
313 677
314 863
314 319
316 614
316 510
316 904
316 984
317 784
318 735
319 373
319 561
319 381
320 876
320 426
321 340
321 693
322 430
322 521
322 461
322 860
322 383
322 468
322 790
323 442
323 603
323 463
323 949
324 743
324 933
325 584
325 510
325 740
326 990
326 799
326 884
327 502
327 974
328 802
328 516
328 538
328 687
329 968
329 717
329 712
330 996
331 900
331 406
334 341
334 446
335 982
335 926
335 793
335 819
336 470
336 472
337 452
337 406
338 398
338 416
338 383
339 617
339 853
340 634
340 368
340 405
341 351
342 453
342 934
343 479
343 709
344 515
345 883
346 347
346 446
347 506
348 363
349 516
349 551
351 631
352 541
352 359
353 580
353 406
353 688
354 920
354 397
354 441
354 639
357 791
358 908
358 929
359 827
359 372
359 507
360 706
360 395
360 380
361 584
362 829
363 902
363 568
363 882
364 557
365 812
366 987
366 881
367 901
367 857
368 642
368 613
369 466
369 427
369 447
369 405
370 901
370 678
370 592
370 899
371 510
371 414
372 436
372 907
372 451
372 416
374 605
374 601
375 448
376 534
376 468
377 694
377 395
377 690
378 994
378 668
379 891
379 813
379 912
380 581
382 386
383 599
383 465
384 678
384 494
384 419
384 767
385 885
385 423
385 637
386 659
387 695
390 525
390 852
391 461
391 405
392 562
392 718
392 946
392 840
393 878
393 761
393 610
394 958
395 845
395 657
396 528
396 531
396 696
397 813
397 950
398 903
399 811
399 530
400 499
400 639
400 588
401 924
401 806
401 653
402 557
402 861
404 565
404 947
404 556
405 547
405 965
405 525
405 526
407 558
407 893
408 692
409 985
409 456
409 507
409 801
409 888
410 809
410 845
411 759
412 979
412 746
412 901
413 944
414 416
415 517
415 794
415 583
415 497
416 445
416 995
417 515
417 811
417 814
417 785
418 512
418 675
419 495
419 500
420 573
421 524
421 723
421 996
422 569
422 563
423 963
424 813
424 670
424 499
424 668
424 536
425 896
426 624
427 930
427 579
427 815
427 864
428 464
430 973
431 759
431 547
432 462
432 720
432 504
437 942
439 618
439 828
439 651
440 671
440 488
440 544
440 625
441 691
441 938
441 825
443 663
443 542
443 686
444 789
445 967
446 774
447 945
448 749
448 853
448 489
449 909
449 608
450 862
450 718
450 724
451 491
451 956
452 476
452 600
453 691
454 532
454 785
455 872
455 985
455 848
457 551
458 713
460 884
461 990
461 964
462 699
462 482
463 787
463 825
464 822
465 611
465 969
467 502
467 490
468 817
468 934
468 530
468 510
468 803
469 495
470 633
471 497
471 891
471 597
472 579
472 494
473 948
473 624
474 913
474 954
475 704
475 658
475 715
476 770
476 666
479 488
480 532
480 957
481 623
481 740
481 582
483 935
484 520
485 770
486 828
486 671
486 870
487 773
487 645
487 621
488 567
488 884
489 821
490 718
491 514
492 846
493 797
494 641
494 529
495 882
496 578
497 925
497 843
498 739
498 919
500 607
500 792
501 563
501 844
503 898
503 859
504 730
504 938
505 818
505 601
506 586
508 606
508 953
509 903
510 747
511 982
511 771
512 786
514 774
516 988
516 751
518 522
518 943
519 947
520 684
521 943
521 960
522 598
522 729
523 644
524 758
524 663
524 525
525 539
526 863
527 886
528 934
528 537
530 993
530 622
532 600
532 796
533 805
534 842
534 604
535 565
535 890
536 728
537 657
538 647
539 576
540 838
541 819
541 876
541 613
542 992
542 723
542 911
542 720
543 625
544 626
545 572
545 843
546 751
549 633
550 686
550 945
550 997
550 971
551 983
552 701
552 916
553 622
554 959
555 943
555 685
555 596
558 821
559 573
559 667
560 995
561 590
562 634
563 644
565 801
566 854
567 687
568 734
568 921
569 819
569 581
570 612
570 808
573 797
573 636
574 957
574 816
575 679
575 935
576 738
576 674
577 707
578 745
579 684
579 967
580 900
581 704
582 807
583 721
585 834
590 761
591 992
591 944
593 832
593 705
595 969
595 611
596 879
596 611
599 859
601 719
602 787
604 795
604 806
605 707
607 927
607 942
608 905
610 807
610 811
612 840
614 708
615 771
615 928
616 795
617 839
620 641
620 890
620 736
621 960
621 711
623 654
627 777
629 809
629 723
630 887
630 715
632 952
637 988
638 711
640 911
641 723
641 932
643 834
644 970
644 738
645 794
646 673
646 859
646 712
647 924
649 721
650 695
650 839
652 855
652 978
653 661
655 754
655 803
656 820
657 983
659 668
660 820
660 672
661 904
661 842
662 859
664 902
665 674
665 880
666 917
667 832
667 898
668 948
668 796
672 923
672 960
675 788
675 792
676 902
677 830
679 819
679 956
680 733
681 723
682 850
682 930
683 769
683 690
683 846
684 802
685 753
686 737
688 831
689 735
690 802
693 749
693 724
696 748
696 847
697 837
698 972
699 826
700 732
702 796
702 729
704 786
712 748
713 955
714 998
714 726
714 915
716 755
717 767
720 973
721 908
725 909
725 900
727 947
727 953
728 958
731 835
731 897
733 809
734 952
734 800
735 908
736 945
740 775
741 931
742 814
742 752
744 855
746 829
749 754
750 928
750 980
755 888
757 905
757 760
758 882
760 883
762 977
763 939
764 862
764 839
765 773
767 914
770 972
774 872
775 815
776 951
779 976
779 805
780 811
781 989
787 906
791 975
792 814
793 995
797 895
798 814
799 840
799 941
800 932
817 954
821 861
823 911
827 951
830 982
831 939
831 877
835 844
837 937
841 860
841 979
843 897
844 872
849 917
850 864
854 944
857 955
865 964
866 986
869 887
871 912
875 896
876 921
878 949
879 997
885 937
886 976
889 955
892 950
893 914
895 899
896 961
899 972
903 910
903 912
907 917
916 991
931 984
936 978
937 991
957 962
