0 1
0 2
0 3
0 4
0 5
0 6
0 13
0 15
0 19
0 23
0 24
0 25
0 31
0 32
0 38
0 39
0 42
0 43
0 49
0 50
0 51
0 59
0 60
0 61
0 65
0 66
0 76
0 80
0 81
0 85
0 87
0 96
0 99
0 100
0 113
0 114
0 742
0 629
0 130
0 132
0 134
0 155
0 163
0 166
0 173
0 176
0 177
0 180
0 189
0 205
0 210
0 214
0 215
0 217
0 224
0 226
0 235
0 253
0 257
0 269
0 281
0 287
0 291
0 303
0 307
0 339
0 341
0 362
0 363
0 368
0 374
0 378
0 392
0 403
0 407
0 426
0 447
0 456
0 465
0 470
0 782
0 483
0 513
0 516
0 523
0 605
0 611
0 621
0 622
0 633
0 641
0 653
0 704
0 706
0 735
0 780
0 818
0 836
0 898
0 957
0 959
0 960
1 2
1 3
1 4
1 123
1 11
1 807
1 329
1 14
1 15
1 274
1 384
1 34
1 357
1 78
1 838
1 47
1 406
1 51
1 87
1 93
1 98
1 103
1 332
1 901
1 316
1 135
1 115
1 151
1 173
1 195
1 222
1 142
1 509
1 934
1 584
1 597
1 319
1 345
1 24
1 551
1 397
1 419
1 225
1 350
1 482
1 29
1 975
1 17
1 974
1 355
1 598
1 270
1 704
1 780
1 79
1 160
1 829
1 883
1 119
1 246
2 3
2 5
2 67
2 8
2 546
2 11
2 17
2 18
2 106
2 22
2 23
2 24
2 28
2 32
2 33
2 707
2 47
2 140
2 89
2 65
2 787
2 73
2 4
2 532
2 92
2 44
2 129
2 839
2 12
2 137
2 324
2 767
2 35
2 36
2 178
2 190
2 123
2 550
2 208
2 149
2 570
2 224
2 225
2 229
2 956
2 244
2 249
2 254
2 273
2 479
2 279
2 638
2 801
2 313
2 327
2 6
2 383
2 352
2 512
2 611
2 416
2 30
2 150
2 451
2 161
2 492
2 98
2 239
2 104
2 246
2 574
2 309
2 78
2 262
2 764
2 468
2 681
2 29
2 436
2 26
2 866
2 82
2 50
2 243
2 980
2 52
2 888
2 908
2 153
2 850
2 944
2 56
2 976
2 978
2 979
3 4
3 5
3 7
3 8
3 9
3 11
3 730
3 14
3 18
3 20
3 26
3 27
3 28
3 29
3 95
3 37
3 42
3 545
3 48
3 69
3 241
3 73
3 78
3 84
3 88
3 92
3 249
3 52
3 111
3 54
3 117
3 120
3 76
3 137
3 291
3 142
3 579
3 570
3 149
3 21
3 169
3 175
3 365
3 518
3 475
3 514
3 705
3 256
3 250
3 288
3 881
3 158
3 13
3 557
3 391
3 104
3 188
3 47
3 381
3 409
3 96
3 187
3 402
3 58
3 140
3 468
3 455
3 192
3 940
3 699
3 578
3 652
3 687
3 124
3 548
3 344
3 32
3 145
3 904
3 675
3 633
3 374
3 34
3 206
3 201
3 252
3 625
3 345
3 194
3 266
3 958
3 133
4 6
4 68
4 16
4 17
4 41
4 47
4 48
4 62
4 67
4 86
4 89
4 105
4 130
4 122
4 419
4 166
4 297
4 219
4 347
4 223
4 157
4 162
4 230
4 98
4 793
4 24
4 440
4 452
4 637
4 939
4 167
4 473
4 134
4 687
4 695
4 79
4 119
4 96
4 28
4 85
4 484
4 84
5 722
5 7
5 250
5 25
5 124
5 34
5 52
5 47
5 54
5 294
5 67
5 564
5 559
5 636
5 93
5 96
5 935
5 941
5 185
5 372
5 16
5 465
5 188
5 799
5 199
5 13
5 401
5 287
5 278
5 97
5 749
5 601
5 347
5 403
5 533
5 344
5 400
5 964
5 179
5 495
5 614
5 102
5 211
5 510
5 69
5 911
5 615
5 115
5 208
5 182
5 46
5 51
5 602
5 756
5 426
5 145
5 42
5 9
5 473
5 641
5 101
6 109
6 9
6 51
6 12
6 16
6 17
6 25
6 315
6 29
6 61
6 188
6 91
6 248
6 125
6 195
6 326
6 181
6 289
6 7
6 75
6 261
6 148
6 32
6 535
6 351
6 212
6 204
6 232
6 18
6 720
6 859
6 476
7 72
7 11
7 382
7 689
7 942
7 70
7 133
7 227
7 147
7 84
7 338
7 253
7 266
7 303
7 582
7 574
7 446
7 69
7 242
7 351
7 13
7 74
7 162
7 261
8 736
8 164
8 547
8 162
8 478
8 320
8 68
8 78
8 33
8 21
8 67
8 182
8 572
9 26
9 760
9 16
9 733
9 50
9 21
9 37
9 813
9 45
9 95
9 128
9 74
9 245
9 160
9 174
9 530
9 178
9 204
9 108
9 516
9 248
9 445
9 57
9 257
9 150
9 702
9 75
9 286
9 482
10 107
10 92
10 672
10 598
11 21
11 51
11 82
11 72
11 860
11 333
11 162
11 530
11 297
11 435
11 439
11 41
11 766
11 404
11 355
11 119
11 621
11 672
11 101
11 90
11 98
11 27
11 710
12 489
12 166
12 511
12 218
12 980
12 222
12 287
12 680
12 883
13 372
13 350
13 26
13 195
13 61
13 127
13 156
13 399
13 84
13 252
13 433
13 321
13 931
14 392
14 396
14 981
14 149
15 58
15 78
15 29
15 306
15 126
15 454
15 735
15 628
15 287
15 704
15 958
15 396
15 493
15 96
15 209
15 90
15 582
15 17
15 927
15 298
15 348
16 312
16 18
16 644
16 194
16 61
16 182
16 98
16 105
16 38
16 112
16 526
16 73
16 29
16 603
16 713
16 738
16 801
16 119
16 71
17 108
17 41
17 303
17 956
17 73
17 375
17 81
17 145
17 107
17 259
17 294
17 397
17 900
17 132
17 693
17 68
17 69
17 67
18 558
18 29
18 795
18 300
18 185
18 186
18 267
18 718
18 84
18 450
18 474
18 133
18 693
18 30
18 791
18 986
18 862
18 104
18 823
18 285
19 888
19 242
19 404
19 136
19 24
19 34
19 542
19 213
19 118
19 53
19 487
19 298
19 938
19 167
19 853
20 178
20 182
20 103
20 109
20 260
20 229
20 569
20 397
21 700
21 311
21 68
21 492
21 306
21 922
21 608
21 37
21 290
22 640
22 193
22 38
22 62
22 92
22 86
22 115
22 67
22 127
22 261
22 211
22 164
22 194
22 803
22 750
22 250
22 523
22 880
23 432
23 24
23 155
23 990
23 77
23 28
23 370
23 799
23 748
23 158
23 147
24 26
24 38
24 735
24 228
24 60
24 294
24 188
24 347
24 402
24 525
25 46
25 507
25 295
25 886
25 598
25 135
25 520
25 668
25 105
25 174
25 45
25 140
26 128
26 103
26 88
26 63
26 44
26 38
26 783
26 439
26 676
26 867
26 738
26 878
27 298
27 151
27 28
27 234
27 42
27 850
27 342
27 715
27 420
27 98
27 128
27 193
27 63
27 293
27 353
27 275
27 414
27 496
27 245
27 301
27 601
27 683
27 194
27 47
27 844
27 447
27 473
28 268
28 408
28 860
28 179
28 382
28 276
28 481
28 29
28 157
28 176
28 871
28 654
28 338
28 585
29 390
29 426
29 208
29 462
29 985
29 49
29 100
29 115
29 153
29 182
29 409
29 280
29 431
29 493
29 77
29 514
29 669
29 696
29 141
29 860
29 427
29 186
29 316
29 69
30 528
30 261
30 58
30 282
30 375
30 100
30 102
30 184
30 331
31 47
31 854
31 928
31 121
31 464
32 151
32 424
32 40
32 74
32 119
32 167
32 580
32 251
32 272
32 273
32 213
32 385
32 539
32 162
32 688
32 990
32 875
33 643
33 373
33 799
33 610
33 741
33 493
34 690
34 215
34 478
34 109
34 262
34 320
34 795
34 354
34 348
35 964
35 371
35 722
35 167
35 817
35 280
36 978
36 916
36 758
36 300
36 320
36 983
37 904
37 52
37 739
37 225
37 980
37 584
37 960
37 251
37 324
37 359
37 603
37 142
37 202
37 454
37 589
37 528
37 690
37 643
37 157
37 62
37 861
37 862
37 74
38 945
38 123
38 410
38 163
38 787
38 922
38 266
38 115
38 375
38 472
38 586
38 293
38 857
38 895
39 336
39 646
39 122
39 108
39 41
40 695
40 262
40 41
40 488
40 929
40 718
40 66
40 649
40 471
40 324
40 387
40 306
40 231
40 261
40 530
40 73
40 128
40 50
40 378
40 503
40 129
40 192
40 459
40 180
40 310
40 925
40 84
40 134
41 44
41 63
41 75
41 119
41 120
41 894
41 238
41 298
41 714
41 531
41 621
41 65
41 67
42 613
42 822
42 471
42 518
42 255
42 195
42 610
42 68
42 138
42 329
42 577
42 929
43 198
43 244
43 269
44 166
44 49
44 636
44 230
44 78
44 87
44 298
44 133
44 160
44 171
44 101
44 189
44 641
44 331
44 391
44 404
44 597
44 527
44 280
44 231
44 753
44 909
44 807
44 291
44 79
45 675
45 84
45 383
45 265
45 108
45 156
45 161
45 159
45 183
45 366
45 307
45 141
45 333
45 174
45 400
45 437
45 471
45 424
45 702
45 393
45 225
45 172
45 857
46 59
46 720
46 163
46 745
46 803
46 50
46 48
46 418
46 65
46 254
46 102
46 353
47 92
47 66
47 851
47 373
47 448
47 316
47 51
47 187
47 609
47 350
47 973
47 84
48 57
48 475
48 924
48 989
48 438
48 71
48 644
48 355
48 292
48 162
49 88
49 78
49 145
49 739
49 347
49 713
49 100
49 938
49 410
49 556
49 101
49 309
50 921
50 388
50 992
50 95
50 139
50 188
50 197
50 487
50 520
50 408
50 98
50 666
50 553
51 891
51 61
51 453
51 69
51 416
51 540
51 200
51 95
51 748
51 592
51 56
51 614
51 753
51 333
52 306
52 338
52 57
52 631
52 374
52 243
52 326
52 131
52 846
52 231
52 761
53 189
53 214
53 411
54 133
54 235
54 57
54 466
54 163
54 144
54 159
54 222
54 649
54 276
54 378
54 109
54 389
54 891
54 450
54 82
54 571
54 242
54 893
54 665
54 566
55 362
55 748
55 230
55 320
55 975
55 182
56 802
56 370
56 149
56 57
56 202
56 634
56 403
57 69
58 380
58 656
58 59
58 77
58 874
58 157
58 158
58 289
58 553
58 84
59 149
59 716
60 172
60 952
60 70
60 646
60 220
60 612
60 732
60 568
61 476
61 343
61 453
61 149
61 121
61 169
61 278
61 441
62 83
62 620
62 78
62 73
62 230
62 395
62 820
63 386
63 265
63 240
63 199
63 98
64 84
64 283
64 268
64 75
65 84
65 240
65 106
65 213
65 238
65 866
65 339
65 532
65 982
65 267
66 222
66 476
66 705
66 452
66 466
67 785
67 119
67 175
67 279
67 108
67 242
67 246
67 280
67 344
67 355
67 917
67 340
67 331
67 162
67 511
67 593
67 385
67 952
67 76
68 734
68 178
68 468
68 437
68 741
68 583
69 439
69 95
69 166
69 174
69 142
69 643
69 245
69 185
69 227
69 594
69 705
69 814
69 391
70 140
70 141
70 759
70 451
70 444
70 911
70 732
71 976
71 182
71 273
72 75
72 585
72 111
72 196
72 248
72 471
72 392
72 982
73 189
73 916
73 194
73 124
73 87
73 590
73 298
73 525
73 361
73 277
73 226
73 100
73 411
73 363
73 624
73 791
73 390
73 865
73 431
73 575
73 259
74 203
74 95
74 334
74 879
74 930
75 299
75 181
75 212
75 178
75 89
75 240
75 765
75 538
75 431
75 969
75 210
75 310
75 910
75 135
75 561
75 740
75 760
75 149
75 693
76 106
76 355
76 108
76 248
76 863
76 168
76 654
77 670
77 174
77 566
77 294
78 86
78 298
78 698
78 177
78 220
78 294
78 397
78 991
78 507
78 322
78 756
78 270
79 627
79 638
79 90
79 86
79 98
79 152
79 219
79 248
79 276
79 281
79 306
79 127
79 781
79 270
79 626
79 109
80 902
80 442
80 86
80 847
80 788
81 551
82 149
82 573
82 653
82 839
82 399
83 277
83 497
83 236
83 288
83 164
83 167
83 179
83 680
84 711
84 296
84 154
84 147
84 195
84 774
84 108
84 97
84 876
84 533
84 599
84 98
84 323
84 662
84 762
84 873
84 913
85 500
85 309
85 228
86 248
86 320
86 304
86 614
86 454
86 753
86 225
86 756
87 116
87 796
87 193
87 718
88 281
88 496
88 531
88 676
88 527
89 169
89 736
89 915
90 410
90 98
90 677
90 160
90 667
90 153
91 226
91 605
91 547
91 472
91 415
91 190
91 247
92 530
92 100
92 133
92 690
92 195
92 519
92 270
92 300
92 209
92 466
92 601
92 495
92 400
92 243
92 276
92 458
92 188
92 759
92 855
92 190
92 316
93 243
93 250
93 300
93 474
93 530
93 412
93 736
94 997
94 832
94 376
94 464
94 288
95 145
95 400
95 525
95 104
95 176
95 447
95 146
96 109
96 111
96 160
96 392
96 364
96 143
96 819
97 318
97 613
98 158
98 692
98 197
98 229
98 257
98 697
98 212
98 191
98 874
98 114
98 889
98 335
98 810
98 306
99 918
99 847
99 372
100 140
100 424
100 471
100 218
100 541
100 882
100 745
100 162
100 486
101 494
101 666
101 193
101 261
102 970
102 212
102 145
102 276
103 841
103 194
104 531
104 235
104 542
105 486
105 214
105 166
105 691
105 424
105 482
105 255
105 121
105 352
105 660
105 645
106 166
106 261
106 520
106 402
106 991
106 285
106 421
106 113
107 873
107 894
107 108
107 250
107 261
107 265
107 443
107 474
107 227
107 460
108 265
108 399
108 852
108 782
108 323
108 247
108 370
108 671
108 223
108 279
108 298
108 713
108 353
108 215
109 767
109 146
109 145
110 767
110 333
110 558
111 373
111 736
111 608
111 168
111 422
111 939
111 743
111 717
111 125
112 468
112 501
112 796
112 487
112 541
112 565
112 630
112 332
113 940
113 365
113 191
113 207
113 566
114 422
114 139
114 548
114 775
115 914
115 183
115 135
115 553
115 266
115 287
115 540
115 565
115 205
116 340
116 592
116 194
116 748
116 888
117 957
117 443
117 233
117 744
118 419
118 944
118 604
119 233
119 325
119 853
119 306
119 460
120 643
120 310
120 464
120 632
120 917
120 484
120 889
121 691
121 413
121 427
121 486
121 146
121 188
121 286
122 330
123 969
123 146
123 162
123 285
123 832
123 660
123 240
124 405
124 928
124 536
124 165
124 271
124 334
124 745
124 401
124 511
124 798
125 647
125 918
125 821
125 979
125 244
125 662
126 752
126 156
126 324
126 221
127 282
127 815
127 691
128 374
128 388
128 606
128 139
128 370
129 624
129 188
129 758
129 452
129 792
129 306
130 836
130 137
130 225
130 197
130 393
130 138
130 892
130 336
131 622
131 852
132 210
133 844
133 512
133 395
133 204
133 219
134 208
134 704
134 182
135 771
135 309
135 358
135 394
136 739
136 462
136 179
137 140
137 366
137 196
137 157
137 428
137 656
137 139
137 263
138 213
138 917
138 148
138 979
139 800
139 203
139 324
139 146
140 279
140 423
140 780
140 189
141 439
141 350
141 151
141 419
142 914
142 147
142 265
142 925
142 232
142 274
142 461
142 480
142 968
142 402
142 217
142 603
142 168
143 902
143 162
143 811
143 262
144 553
144 624
144 746
144 904
145 326
145 702
145 743
145 298
145 321
146 651
146 451
146 824
146 662
147 203
147 739
148 579
148 583
148 284
148 180
148 237
149 342
149 332
149 556
149 534
149 386
150 373
150 949
150 154
150 709
151 876
151 211
151 273
151 750
151 210
152 640
152 749
152 317
152 720
152 154
152 946
153 166
153 587
153 377
153 538
153 554
154 480
154 281
155 456
156 508
156 914
156 203
157 639
157 553
157 348
157 520
157 470
157 872
157 434
157 160
158 176
158 286
158 817
159 842
159 595
159 514
159 379
159 381
160 976
160 212
160 365
160 488
160 927
160 485
160 527
160 858
160 738
160 198
161 295
161 563
162 797
162 195
162 242
162 447
162 822
163 169
163 589
163 462
163 202
164 184
165 344
165 368
165 668
165 818
166 694
166 807
166 782
166 335
167 174
167 190
167 584
167 840
167 376
167 685
167 729
167 300
167 932
167 250
168 270
169 676
169 963
170 211
170 653
170 535
170 186
170 300
171 302
171 184
171 611
171 327
171 374
171 637
171 577
172 781
172 434
173 360
173 444
173 474
173 567
173 463
173 200
173 961
173 885
174 689
174 724
174 252
174 532
175 626
175 630
175 746
176 300
176 691
176 673
176 436
177 590
178 817
178 951
178 865
179 473
179 996
180 811
180 724
181 849
181 573
181 708
181 479
181 441
182 192
183 616
183 487
183 434
184 881
184 362
184 741
184 789
184 561
185 533
185 441
185 219
185 783
185 668
185 962
185 518
186 716
186 489
186 524
186 538
186 584
186 482
186 613
187 201
187 616
187 527
187 396
187 641
187 920
188 373
188 246
188 716
188 495
188 820
188 628
188 900
189 516
190 591
190 771
190 922
190 567
190 509
190 963
190 535
190 622
190 433
190 430
191 353
192 559
192 808
193 293
193 645
193 380
193 204
194 754
194 882
194 831
194 515
194 298
195 552
195 965
195 456
195 701
196 438
196 457
196 388
196 414
196 521
196 653
196 992
197 768
197 940
197 564
197 941
198 305
198 568
198 840
199 445
199 855
199 290
199 215
199 257
199 656
199 868
199 987
199 926
199 266
200 518
200 358
201 350
201 553
201 337
201 570
201 253
202 215
202 386
202 749
203 342
203 550
203 216
204 635
204 551
204 808
204 494
204 821
204 432
205 920
205 312
205 473
205 599
205 315
206 943
206 291
206 764
206 861
206 324
207 460
207 459
207 419
208 270
208 575
208 895
208 528
209 380
209 609
209 994
210 885
211 540
211 370
211 275
211 599
211 449
212 998
212 671
212 299
212 417
213 667
213 283
213 368
213 778
213 289
214 423
214 895
214 311
215 252
216 428
216 270
216 305
216 627
217 301
217 335
217 293
218 942
218 474
218 727
218 899
218 618
219 633
219 410
219 680
219 269
219 784
219 342
220 812
220 877
220 556
221 348
221 243
222 994
222 971
222 607
223 890
223 937
223 239
224 402
224 790
224 431
224 894
225 548
225 240
226 447
226 937
227 864
227 390
227 733
228 679
229 930
230 556
230 319
231 650
231 274
231 995
231 260
231 503
231 616
231 246
232 515
232 270
232 393
232 444
232 969
233 898
233 576
233 600
234 832
234 884
236 831
236 773
236 577
236 491
237 973
237 764
237 743
237 480
237 305
238 563
238 568
238 500
239 826
239 369
239 685
240 242
240 897
240 425
240 596
240 846
241 773
241 263
241 286
242 746
242 941
242 335
242 797
243 377
243 418
243 524
243 932
243 585
243 513
244 377
244 268
244 534
245 670
245 246
246 874
246 345
246 389
246 816
246 480
246 682
247 967
248 264
248 261
249 794
249 813
250 759
250 543
250 947
251 557
252 263
252 837
253 433
254 335
254 271
254 740
255 469
255 421
255 267
255 734
256 316
256 970
257 458
257 275
257 348
257 729
258 943
258 962
258 549
258 318
259 634
259 966
259 328
259 772
260 529
260 365
260 954
261 542
261 329
261 394
261 366
261 843
261 540
261 757
261 972
261 723
262 441
262 284
263 339
263 410
263 622
263 625
264 371
264 998
264 553
264 573
265 886
265 590
265 716
265 833
266 874
266 502
266 711
266 698
266 326
267 892
267 312
268 911
269 559
271 516
271 703
272 597
272 578
272 499
272 385
273 855
273 567
273 849
273 411
273 454
274 346
274 343
274 359
274 720
274 542
274 843
275 314
275 765
276 715
276 313
276 734
276 498
276 820
276 472
277 681
277 365
278 835
278 834
278 729
279 541
279 345
280 906
281 282
281 437
282 562
283 483
283 972
284 467
285 896
285 502
285 794
287 359
287 393
288 351
288 983
289 409
289 491
290 356
290 953
291 700
291 529
291 434
292 722
292 366
292 858
293 416
293 605
294 969
294 595
294 652
295 856
296 992
296 448
297 670
297 705
297 427
298 400
298 607
298 944
299 890
299 454
300 374
300 792
301 553
301 332
302 899
302 683
302 687
302 483
303 356
303 469
304 518
304 696
304 553
304 692
304 730
305 558
305 453
306 725
306 363
306 379
306 381
306 765
306 617
306 669
306 720
307 957
308 439
308 649
308 500
309 462
309 491
309 492
310 823
310 830
311 863
311 921
311 655
311 686
311 591
313 573
313 879
313 945
314 918
314 589
315 869
315 804
315 772
316 526
317 993
317 841
318 906
319 789
319 558
320 836
320 487
321 714
321 564
321 515
321 445
321 592
322 455
322 869
322 506
323 709
323 497
324 572
324 556
324 597
325 460
325 846
325 330
326 340
327 587
328 442
328 698
329 628
329 409
329 424
330 968
330 578
332 768
333 512
333 502
334 778
334 608
335 488
335 396
336 717
336 395
337 779
337 891
338 662
338 341
339 427
339 395
339 719
340 521
340 471
341 770
342 604
343 429
343 674
343 509
343 459
344 389
345 507
345 926
346 581
346 961
346 507
346 737
348 389
348 883
348 901
349 657
349 429
349 361
349 371
349 768
351 585
351 370
351 651
351 445
351 615
352 434
352 644
352 420
353 982
353 530
354 399
354 706
355 626
356 526
357 625
357 760
358 678
359 842
359 485
360 916
360 708
360 477
360 514
361 554
361 405
363 704
364 815
364 377
365 884
366 774
367 890
367 437
367 591
369 552
369 760
369 773
369 769
369 733
370 962
370 659
370 472
370 490
370 508
370 555
370 455
371 466
372 813
372 909
374 661
375 827
375 942
376 672
377 407
377 966
377 935
377 409
378 421
379 950
380 557
381 726
382 700
383 955
383 389
384 816
384 737
384 659
385 465
386 402
386 959
386 530
387 915
387 410
388 946
389 646
389 519
390 658
390 430
391 446
392 579
392 476
392 519
392 774
392 709
392 517
393 933
393 588
394 838
396 569
397 731
398 903
398 981
398 935
399 423
399 999
401 481
401 629
401 485
401 675
401 875
403 516
404 692
405 583
405 644
406 670
406 967
407 769
408 797
409 707
410 648
410 682
410 611
411 476
412 770
412 442
413 896
413 926
413 868
413 453
414 872
414 875
415 988
415 907
416 833
417 950
417 951
417 785
418 784
418 557
419 574
419 945
419 590
420 754
420 520
420 529
421 923
422 996
422 607
423 859
423 679
424 696
424 646
425 457
425 967
425 884
425 809
425 723
425 430
426 647
426 710
427 875
428 901
428 948
429 934
429 998
429 477
430 536
431 550
431 880
432 629
432 928
433 555
434 663
435 669
435 665
436 498
436 696
436 477
437 739
437 846
438 776
438 910
438 830
439 441
440 673
440 639
443 977
443 919
443 798
445 461
445 469
446 695
446 861
446 788
448 856
448 984
449 825
449 627
450 595
450 848
450 688
451 809
452 848
454 664
454 824
457 785
457 560
457 506
458 559
460 517
460 478
460 535
461 852
461 897
461 806
461 469
463 687
463 536
464 919
466 833
467 792
467 504
467 843
468 991
469 753
470 475
471 880
472 870
472 801
473 711
473 693
474 751
475 658
476 499
477 506
477 966
478 972
478 547
479 930
481 828
482 708
482 490
483 528
484 826
484 804
485 663
485 570
486 684
487 788
488 545
488 520
489 570
490 954
490 524
491 766
491 872
492 637
492 999
494 549
496 819
496 599
496 588
496 561
496 776
497 915
498 954
498 687
498 827
499 766
501 669
501 997
502 805
503 748
503 637
504 619
504 783
505 858
505 849
505 701
507 565
508 697
508 582
509 886
510 533
510 569
511 530
512 903
512 650
513 803
514 660
515 546
517 855
517 521
517 727
518 955
519 557
520 682
520 709
520 644
521 795
522 988
522 827
522 631
523 812
524 897
524 899
525 921
526 803
526 854
527 560
527 626
528 721
529 532
530 953
532 689
532 726
533 655
533 936
534 877
534 955
535 632
535 545
536 772
536 705
536 719
536 537
536 588
537 681
537 750
539 834
539 655
540 593
542 791
543 712
543 790
543 993
543 699
544 974
544 900
544 624
544 835
546 988
547 662
548 691
548 552
549 834
549 686
550 695
551 934
551 620
554 790
555 859
557 669
559 763
559 985
560 619
561 707
562 664
562 639
563 878
563 947
564 663
565 805
565 867
567 871
567 895
569 933
571 970
571 701
572 857
575 757
576 758
576 723
577 948
577 798
579 823
579 636
580 601
580 634
580 686
581 698
581 728
584 973
585 640
586 778
586 849
586 623
587 950
591 964
591 905
592 816
593 726
593 825
593 703
593 803
594 887
594 732
596 948
596 830
597 997
598 907
600 891
600 762
601 906
602 889
602 642
604 868
606 817
606 937
607 663
607 652
608 763
608 938
609 618
610 925
612 933
612 946
612 887
612 978
614 632
614 931
614 720
615 965
615 671
617 864
617 862
618 987
618 856
619 620
620 649
621 839
621 677
622 636
622 796
623 751
623 854
627 913
628 747
630 867
631 713
632 828
633 834
635 784
635 639
638 818
640 720
642 755
642 821
643 798
645 742
646 712
646 648
647 786
648 657
650 678
651 814
652 802
653 669
653 797
654 965
657 812
658 831
659 903
659 996
659 712
661 668
661 799
661 824
664 740
665 674
666 882
667 729
667 873
669 844
673 787
674 777
674 974
675 934
677 908
678 893
678 806
679 898
682 731
682 714
683 975
683 984
684 781
684 873
685 763
688 735
691 881
693 722
694 806
694 777
697 956
699 893
699 731
703 931
706 960
710 789
712 814
715 920
716 943
716 845
717 892
719 786
719 756
721 847
721 908
724 853
725 837
725 989
725 810
725 986
727 984
728 736
728 747
730 912
734 936
737 828
740 995
741 772
742 877
744 845
744 936
747 777
751 752
752 898
754 802
755 961
755 981
757 785
761 762
761 984
769 866
770 864
771 850
775 923
775 947
776 902
779 905
779 912
780 863
783 995
786 826
793 809
793 796
794 845
794 823
798 851
800 983
800 808
800 817
804 877
805 885
810 905
811 837
813 896
815 910
816 835
819 971
822 865
822 851
825 932
829 977
829 869
834 912
838 905
840 951
841 953
842 993
848 907
855 887
859 999
870 985
870 906
871 913
876 977
878 924
879 989
886 949
909 927
919 994
923 958
924 952
929 949
939 987
959 986
963 968
971 990
