0 1
0 2
0 3
0 4
0 5
0 6
0 8
0 10
0 14
0 16
0 19
0 23
0 28
0 29
0 30
0 38
0 40
0 89
0 50
0 52
0 55
0 56
0 68
0 104
0 111
0 868
0 131
0 223
0 227
0 230
0 263
0 289
0 303
0 306
0 308
0 320
0 331
0 390
0 398
0 399
0 436
0 452
0 453
0 471
0 518
0 545
0 576
0 577
0 600
0 642
0 667
0 690
0 720
0 725
0 752
0 779
0 780
0 784
0 798
0 448
0 849
0 882
0 874
0 918
0 932
0 950
1 2
1 3
1 4
1 6
1 10
1 11
1 13
1 481
1 555
1 20
1 400
1 24
1 863
1 14
1 41
1 48
1 51
1 12
1 282
1 267
1 195
1 8
1 904
1 79
1 86
1 88
1 95
1 226
1 107
1 122
1 29
1 89
1 141
1 63
1 804
1 164
1 991
1 170
1 231
1 187
1 676
1 216
1 595
1 60
1 354
1 96
1 50
1 785
1 284
1 286
1 295
1 344
1 469
1 343
1 375
1 31
1 278
1 435
1 474
1 173
1 353
1 207
1 726
1 201
1 682
1 5
1 583
1 568
1 392
1 37
1 197
1 208
1 836
1 830
1 878
1 194
1 419
1 219
1 202
1 617
1 39
2 3
2 25
2 450
2 34
2 47
2 105
2 254
2 187
2 370
2 566
2 274
2 571
2 117
2 76
2 16
2 561
2 160
2 104
2 260
2 12
2 859
3 4
3 5
3 7
3 8
3 143
3 13
3 18
3 21
3 24
3 788
3 750
3 20
3 71
3 66
3 811
3 100
3 205
3 130
3 284
3 245
3 53
3 491
3 158
3 276
3 253
3 197
3 49
3 144
3 26
3 183
3 189
3 268
3 945
3 586
3 994
3 487
3 283
3 692
3 182
3 909
3 133
3 19
3 25
3 596
4 5
4 6
4 7
4 9
4 12
4 13
4 17
4 22
4 322
4 32
4 33
4 35
4 510
4 471
4 45
4 48
4 51
4 52
4 66
4 81
4 361
4 107
4 94
4 109
4 114
4 122
4 437
4 880
4 141
4 142
4 563
4 173
4 176
4 177
4 178
4 192
4 281
4 34
4 853
4 23
4 152
4 869
4 14
4 69
4 243
4 246
4 253
4 366
4 741
4 286
4 293
4 414
4 330
4 29
4 332
4 342
4 306
4 346
4 875
4 157
4 462
4 185
4 389
4 557
4 859
4 804
4 136
4 418
4 11
4 424
4 121
4 30
4 852
4 489
4 492
4 494
4 420
4 118
4 526
4 701
4 133
4 297
4 841
4 280
4 8
4 682
4 855
4 613
4 626
4 838
4 640
4 175
4 657
4 24
4 774
4 952
4 630
4 711
4 753
4 760
4 267
4 464
4 225
4 57
4 679
4 201
4 833
4 196
4 865
4 876
4 189
4 284
4 15
4 604
4 985
4 561
5 7
5 106
5 9
5 413
5 26
5 29
5 82
5 693
5 750
5 402
5 482
5 872
5 96
5 191
5 146
5 178
5 157
5 740
5 6
5 490
5 99
5 824
5 298
5 142
5 336
5 653
5 398
5 59
5 428
5 16
5 38
5 504
5 470
5 430
5 857
5 311
5 268
5 916
5 104
5 614
5 819
5 11
5 132
5 340
5 458
6 8
6 12
6 19
6 322
6 27
6 30
6 31
6 103
6 44
6 47
6 364
6 59
6 60
6 748
6 78
6 814
6 94
6 102
6 123
6 84
6 133
6 147
6 158
6 161
6 93
6 885
6 203
6 671
6 242
6 108
6 223
6 241
6 248
6 254
6 294
6 206
6 273
6 76
6 289
6 112
6 942
6 9
6 339
6 878
6 11
6 172
6 403
6 110
6 419
6 217
6 464
6 468
6 281
6 511
6 539
6 308
6 554
6 733
6 635
6 219
6 648
6 173
6 354
6 383
6 928
6 804
6 751
6 532
6 425
6 34
6 853
6 597
6 857
6 426
6 160
6 949
6 49
6 16
6 29
7 9
7 515
7 273
7 94
7 319
7 420
7 72
7 192
7 999
7 266
7 407
7 77
7 262
7 26
7 10
7 666
7 803
7 58
7 59
7 324
7 717
7 743
7 75
8 10
8 11
8 16
8 903
8 23
8 33
8 34
8 35
8 36
8 187
8 615
8 122
8 815
8 332
8 85
8 191
8 501
8 484
8 138
8 17
8 420
8 168
8 171
8 384
8 256
8 63
8 266
8 271
8 282
8 283
8 293
8 295
8 296
8 242
8 899
8 30
8 481
8 466
8 9
8 163
8 87
8 553
8 913
8 902
8 589
8 20
8 61
8 275
8 631
8 769
8 106
8 635
8 594
8 668
8 871
8 403
8 133
8 919
8 921
8 12
8 306
8 432
8 797
9 340
9 14
9 26
9 31
9 30
9 379
9 60
9 63
9 69
9 83
9 76
9 79
9 88
9 98
9 484
9 133
9 882
9 204
9 215
9 226
9 332
9 24
9 792
9 162
9 858
9 383
9 74
9 329
9 187
9 457
9 148
9 51
9 871
9 411
9 168
9 655
9 195
9 903
9 900
9 182
9 686
9 210
9 721
9 53
9 717
9 376
9 269
9 167
9 286
9 311
9 378
9 40
10 11
10 111
10 14
10 15
10 41
10 21
10 811
10 29
10 615
10 34
10 258
10 16
10 360
10 57
10 26
10 115
10 134
10 137
10 325
10 147
10 35
10 47
10 383
10 462
10 918
10 400
10 53
10 253
10 248
10 723
10 334
10 364
10 59
10 547
10 328
10 264
10 461
10 966
10 347
10 125
10 520
10 957
10 80
10 650
10 713
10 452
10 466
10 756
10 166
10 188
10 698
10 151
10 94
10 283
10 153
10 938
11 16
11 41
11 53
11 422
11 546
11 82
11 91
11 56
11 60
11 983
11 213
11 174
11 176
11 220
11 250
11 155
11 34
11 996
11 15
11 240
11 190
11 128
11 340
11 465
11 479
11 503
11 283
11 268
11 513
11 178
11 109
11 262
12 62
12 38
12 201
12 979
12 873
12 40
12 57
12 255
12 106
12 536
12 271
12 606
12 55
12 887
12 173
12 628
12 927
12 498
12 30
12 362
12 115
12 160
12 26
12 872
13 120
13 314
13 117
13 384
13 153
13 448
13 558
13 56
13 815
13 84
13 57
13 414
13 626
13 460
13 522
13 356
13 22
13 348
13 415
13 817
13 85
13 25
13 450
13 17
14 126
14 35
14 794
14 153
14 17
14 663
14 246
14 103
14 408
14 998
14 561
14 368
14 18
14 69
14 414
14 466
14 994
15 556
15 166
15 40
15 130
15 106
15 90
15 407
15 34
16 18
16 70
16 424
16 134
16 137
16 205
16 741
16 235
16 262
16 309
16 769
16 332
16 508
16 100
16 781
16 372
17 987
17 21
17 395
18 224
18 285
18 637
18 33
18 39
18 834
18 557
18 142
18 156
18 238
18 791
18 21
18 733
19 937
19 45
19 50
19 705
19 78
19 95
19 946
19 337
19 713
19 149
19 213
19 740
20 640
20 365
20 119
20 219
20 45
20 326
20 353
20 23
20 233
20 60
20 354
20 185
21 103
21 49
21 53
21 177
21 71
21 632
21 192
21 441
21 106
21 527
21 703
21 645
21 971
21 215
22 279
22 725
22 34
22 658
22 35
23 195
23 89
23 73
23 152
23 570
23 341
23 49
23 401
23 215
23 351
23 457
23 545
23 37
23 418
23 254
23 851
23 114
23 771
23 944
23 953
23 970
23 659
24 29
24 26
24 59
24 220
24 573
24 130
24 544
24 800
24 193
25 559
25 374
25 984
25 325
25 848
26 306
26 417
26 835
26 118
26 330
26 480
26 34
26 550
26 850
26 376
26 697
26 622
27 877
27 240
27 930
27 708
27 846
27 170
27 171
28 368
28 104
28 705
28 367
28 248
29 30
29 182
29 65
29 67
29 70
29 352
29 922
29 87
29 115
29 106
29 175
29 534
29 85
29 290
29 585
29 727
29 476
29 386
29 529
29 39
29 911
29 78
29 295
29 570
29 940
29 453
29 844
29 457
29 316
29 185
29 839
29 908
29 963
30 35
30 36
30 57
30 43
30 98
30 417
30 145
30 320
30 559
30 209
30 65
30 231
30 317
30 335
30 801
30 857
30 739
30 860
30 131
30 649
30 130
30 263
30 193
30 585
30 456
30 512
31 133
31 52
31 86
31 653
31 434
31 856
31 944
32 39
32 555
32 546
32 51
32 221
32 207
32 66
32 355
32 797
32 343
32 807
32 598
32 431
33 102
33 149
33 41
33 192
33 273
33 446
33 679
33 729
33 184
33 771
33 838
34 68
34 45
34 680
34 405
34 195
34 526
34 926
34 38
34 206
34 210
34 252
34 761
34 340
34 316
34 318
34 419
34 381
34 457
34 799
34 554
34 391
34 476
34 380
34 735
34 314
34 494
34 815
34 81
34 943
34 776
35 232
35 139
35 62
35 488
35 73
35 995
35 481
35 93
35 222
35 837
35 233
35 98
35 61
36 51
36 417
36 766
36 341
36 374
36 742
37 993
37 580
37 266
38 850
38 730
38 103
38 182
38 276
38 75
39 209
39 106
39 998
39 49
39 556
39 80
39 83
39 94
39 941
39 115
39 615
39 337
39 350
39 898
39 973
39 961
39 447
39 441
39 599
39 126
39 706
39 884
39 892
39 909
39 754
39 290
39 446
40 301
40 386
40 82
40 50
40 552
40 667
40 133
40 380
40 76
40 649
40 501
40 83
40 412
41 337
41 49
41 992
41 126
41 187
41 247
41 375
41 845
41 47
41 289
41 346
41 388
41 151
41 700
41 819
41 691
41 513
41 353
41 381
41 179
41 585
41 290
41 256
42 578
42 693
42 559
42 120
42 736
42 448
43 447
43 637
43 105
43 110
43 120
43 526
43 950
43 718
43 247
43 524
43 132
43 446
43 445
44 737
44 461
44 329
45 61
45 113
45 851
45 68
45 526
45 238
45 270
45 389
45 326
45 699
46 471
46 265
46 182
46 779
46 546
47 68
47 796
47 65
47 265
47 888
47 337
47 896
47 414
47 385
47 131
47 488
47 547
47 241
47 572
47 224
48 265
48 966
48 778
48 369
48 181
48 651
48 308
49 294
49 828
49 59
49 143
49 570
49 106
49 607
50 906
50 93
50 872
50 63
51 278
51 100
51 75
51 160
51 565
51 789
51 462
51 853
51 207
52 570
52 295
52 250
52 95
52 783
52 426
52 216
52 138
52 609
52 490
52 407
52 552
52 242
53 907
53 61
53 63
53 73
53 99
53 483
53 778
53 95
53 175
53 231
53 683
53 101
53 56
53 565
53 57
53 604
53 761
53 339
53 271
53 954
54 832
54 542
54 616
54 371
54 578
55 99
55 924
55 66
55 274
55 691
56 93
56 524
56 66
56 278
56 764
56 991
57 409
57 737
57 478
57 196
57 76
57 106
57 374
57 411
57 841
58 507
58 431
58 759
58 73
58 502
58 277
58 484
58 808
59 898
59 185
59 875
59 360
59 262
59 142
59 571
59 921
60 154
60 121
60 615
60 648
60 800
60 118
60 143
60 133
60 246
60 107
60 715
60 445
60 219
60 972
60 831
61 536
61 104
61 101
61 428
61 183
61 201
61 283
61 574
61 847
62 811
62 211
62 107
62 270
62 675
62 151
62 215
62 842
62 954
62 134
62 634
62 849
62 133
62 906
62 182
63 190
63 88
63 536
63 349
63 197
63 562
63 124
63 354
63 455
63 465
63 138
64 627
64 130
64 472
64 156
64 131
64 320
64 713
64 104
64 362
64 449
64 272
65 585
65 262
65 106
65 412
65 743
65 135
65 469
66 136
66 610
66 686
66 164
66 593
66 195
66 793
66 380
66 519
66 251
66 327
66 77
66 387
66 119
66 80
66 891
66 634
66 238
66 332
66 242
67 733
67 637
67 456
67 197
68 469
68 770
68 187
68 256
68 324
69 213
69 126
69 965
69 120
69 381
69 902
69 188
70 313
70 236
70 401
70 506
70 340
71 905
71 124
71 138
71 155
71 78
71 557
71 256
71 802
71 440
71 511
71 910
71 488
71 561
71 941
72 754
72 194
73 870
73 941
73 322
73 351
73 311
73 689
73 813
73 82
73 925
73 192
73 599
73 113
73 990
73 364
74 684
74 406
74 374
74 703
74 120
75 790
75 723
75 120
75 376
75 82
75 191
75 131
75 589
76 270
76 735
76 127
76 84
76 844
76 200
76 191
77 80
77 200
77 483
77 137
77 671
77 190
77 312
77 930
77 887
78 443
78 728
78 559
78 920
78 262
79 807
79 405
79 379
79 825
79 132
79 382
79 603
80 199
80 321
80 967
80 547
80 529
80 620
80 455
80 116
81 688
81 564
81 481
81 351
81 194
81 650
81 548
81 943
82 158
82 223
82 298
82 414
82 661
82 362
82 411
83 491
83 103
83 584
83 770
83 190
84 742
84 273
84 677
84 437
84 195
84 465
84 470
84 500
84 143
84 136
84 933
84 776
84 370
85 388
85 897
85 528
86 219
86 585
86 207
86 310
86 551
86 705
87 270
87 755
87 324
87 580
87 455
87 900
88 367
88 123
88 259
88 108
88 805
88 865
88 680
89 363
89 511
89 550
90 381
90 169
90 811
90 168
90 463
91 184
91 173
91 922
91 254
92 534
92 336
92 387
92 306
92 864
92 894
92 917
92 189
92 485
92 573
93 868
93 232
93 151
93 299
93 291
93 245
93 845
93 835
93 338
93 885
94 452
94 186
94 250
94 384
94 95
94 109
94 734
94 682
94 710
94 365
94 583
95 142
95 112
95 115
95 622
95 575
95 488
95 235
95 375
95 253
95 447
95 757
95 351
96 963
96 867
96 548
96 434
96 224
96 217
97 976
97 567
97 623
97 139
97 420
98 782
98 492
98 377
98 401
98 699
98 385
98 924
98 419
99 575
99 617
99 420
99 132
99 155
99 837
99 515
99 582
99 540
99 336
99 841
99 344
99 321
100 338
100 112
100 225
100 208
100 790
100 522
100 798
101 416
101 429
101 533
101 253
101 211
101 434
101 308
101 747
101 340
102 715
102 599
102 123
102 304
102 683
102 228
103 163
103 774
103 981
103 147
103 465
103 495
103 141
103 619
104 948
104 399
104 222
104 511
104 210
104 318
105 492
105 431
105 500
105 142
106 295
106 663
106 390
106 965
106 315
106 323
106 124
106 410
106 677
106 130
106 257
107 904
107 204
108 744
108 309
108 179
108 348
109 505
109 149
109 145
109 870
109 156
109 750
109 715
109 359
110 118
110 160
110 271
110 639
110 177
111 117
112 867
112 712
112 493
112 396
113 237
113 567
113 906
113 364
114 751
115 254
115 822
116 672
116 470
117 262
117 292
117 163
117 738
117 309
118 649
118 531
118 891
118 721
118 836
119 421
119 629
119 151
119 158
119 973
119 336
119 374
119 983
120 605
120 274
120 858
121 955
121 966
121 306
121 153
121 684
122 379
122 720
123 133
123 250
123 362
123 370
123 842
123 517
123 215
124 574
124 236
124 382
124 933
124 690
125 330
125 226
125 592
125 659
126 136
126 168
126 383
127 744
127 452
127 977
128 179
128 137
128 279
128 512
128 631
128 584
129 894
129 142
129 995
129 300
130 614
130 420
130 218
130 416
131 496
131 383
131 948
131 288
131 511
132 160
132 548
132 310
133 752
133 495
133 630
133 684
133 737
133 680
133 293
133 198
133 263
133 224
134 916
134 569
135 182
135 224
135 141
135 261
135 997
135 625
135 731
136 638
136 563
136 139
137 220
137 249
137 785
138 376
138 171
138 215
138 618
138 907
138 255
138 763
139 458
139 304
139 206
139 436
139 596
140 895
140 368
140 748
141 351
141 165
141 772
141 621
141 201
142 406
142 588
142 649
142 669
142 479
142 559
143 630
143 322
143 913
143 175
143 371
143 433
144 387
144 477
144 494
144 439
145 245
145 334
145 873
145 466
145 686
145 701
145 314
145 791
145 408
145 275
146 992
146 214
146 254
147 664
147 358
147 445
147 516
148 721
148 368
148 566
149 652
149 553
149 718
149 659
149 204
149 437
149 226
150 263
150 253
150 151
150 939
150 782
150 242
150 399
150 645
150 714
151 786
151 168
151 458
151 398
151 379
152 181
152 226
152 269
152 294
153 577
153 761
153 431
154 947
154 566
154 213
154 494
154 521
154 576
155 426
155 752
155 862
155 308
155 986
156 510
156 887
156 694
157 435
157 177
157 633
157 338
157 255
157 432
158 258
158 432
158 963
158 423
159 600
159 201
159 375
159 197
159 653
159 813
159 233
160 218
160 472
160 882
160 238
160 658
161 566
161 778
161 167
161 859
161 714
161 869
161 707
161 838
161 381
162 184
162 369
162 861
163 459
163 645
163 703
163 231
163 361
164 187
164 198
164 316
164 688
165 777
165 934
166 886
166 980
166 976
166 296
166 682
166 901
166 968
167 945
168 303
168 277
168 349
168 677
168 412
168 194
168 672
168 612
168 316
168 252
168 762
168 257
168 922
169 264
169 179
169 900
169 979
170 236
170 197
170 262
170 840
170 241
170 509
170 183
170 802
170 406
170 269
170 252
170 619
170 653
170 336
170 398
171 260
171 271
171 823
171 514
172 734
172 597
172 300
172 183
172 969
173 866
173 591
174 982
174 299
174 888
175 263
175 493
176 494
176 281
176 357
176 338
176 742
176 526
177 553
177 876
177 213
177 240
177 682
178 806
178 986
179 878
179 191
179 222
179 565
179 283
180 944
180 228
180 304
180 420
181 383
181 251
181 499
181 390
181 308
182 208
183 723
183 765
183 352
183 436
184 316
184 244
184 294
184 664
185 238
185 190
185 929
185 634
186 189
186 975
186 722
187 524
187 302
187 421
187 467
187 717
187 504
188 880
188 837
189 931
190 683
190 654
190 604
190 257
190 278
190 570
190 714
190 498
190 319
190 231
190 533
191 835
191 684
191 301
192 855
192 231
192 358
192 924
192 711
193 585
193 670
194 264
195 640
195 811
195 213
195 651
195 594
195 827
195 981
196 678
196 317
196 284
196 439
196 959
196 662
197 349
197 233
197 593
197 560
197 292
197 710
197 326
197 696
197 238
198 555
198 756
198 243
198 999
198 347
198 883
199 352
199 660
200 414
200 654
201 595
202 495
202 794
203 225
203 910
204 775
204 655
205 475
206 244
206 773
206 598
206 645
206 591
206 989
206 394
206 886
207 481
207 231
208 554
209 994
211 980
211 664
211 271
212 520
212 435
212 985
212 372
213 239
213 495
213 877
214 956
214 451
215 267
215 494
215 468
215 553
215 676
215 673
215 388
215 606
216 796
216 508
216 529
216 493
216 323
217 562
217 785
218 236
219 249
219 263
220 938
220 928
220 480
221 253
221 787
222 285
222 831
222 601
223 368
223 278
223 883
224 812
224 465
224 689
225 291
225 316
226 240
227 639
227 249
227 245
227 404
227 700
228 970
228 534
229 415
229 367
229 712
230 792
230 370
231 330
232 298
232 415
232 615
233 329
233 350
233 975
234 471
234 310
234 943
234 528
235 354
235 276
235 459
236 650
236 908
236 749
236 795
236 582
236 707
237 516
237 486
237 627
237 782
238 262
238 607
238 421
238 437
238 422
239 271
239 309
239 791
240 779
240 832
241 913
241 866
241 572
241 794
241 751
241 499
242 763
242 586
242 412
242 404
243 646
243 697
243 804
244 423
244 836
245 809
245 312
245 603
245 897
245 808
246 689
246 253
246 533
247 526
247 262
247 660
248 609
248 549
248 843
249 987
249 394
250 702
250 413
251 745
251 343
251 628
251 266
252 300
252 543
252 523
253 819
253 817
253 489
254 881
257 562
257 854
257 342
258 547
258 409
258 368
258 408
259 428
259 261
259 643
260 746
261 989
261 271
262 502
262 413
262 364
262 545
262 543
263 652
264 542
264 917
264 395
264 550
264 375
264 955
265 766
265 476
265 632
266 412
267 319
267 846
267 400
268 472
268 974
269 955
269 539
269 607
270 849
270 405
270 777
270 897
270 296
271 465
271 621
271 442
272 376
272 868
272 508
273 988
273 391
273 325
273 620
273 514
273 825
273 393
274 399
274 475
274 869
274 398
274 525
274 297
275 787
275 624
276 593
276 363
276 339
276 720
276 537
276 956
277 657
277 331
277 417
277 479
277 466
278 701
278 840
279 967
279 724
280 470
280 896
280 693
280 422
281 327
282 923
282 788
283 376
283 572
283 292
284 476
284 809
284 960
284 669
284 935
285 500
286 470
286 918
287 681
287 594
287 391
287 342
288 463
288 341
289 881
289 997
290 406
290 404
291 618
291 704
291 554
292 784
292 310
293 695
293 297
293 915
294 683
294 411
294 706
295 711
295 468
295 662
296 703
296 297
296 357
296 349
297 541
298 345
298 641
299 692
300 816
301 548
302 621
302 799
302 591
302 768
302 946
302 453
303 333
303 580
304 722
304 690
304 348
305 440
305 670
305 344
305 625
306 482
306 318
306 832
307 392
307 678
307 698
308 565
308 973
308 549
308 314
309 589
309 562
310 975
310 757
310 925
311 312
311 316
311 325
311 356
312 373
312 602
313 477
313 937
313 396
314 665
315 517
315 461
316 320
316 357
317 413
317 998
318 741
318 632
319 577
320 327
321 927
323 337
323 518
325 823
326 958
326 926
326 760
327 603
327 925
327 667
327 702
327 670
328 761
328 624
328 393
329 817
330 480
330 977
331 437
331 471
331 373
332 567
332 981
332 718
332 863
333 468
333 719
334 671
334 764
335 623
335 869
335 419
336 583
336 401
337 379
337 554
338 521
338 774
338 498
339 956
340 641
340 586
341 886
342 793
343 430
343 593
343 729
344 904
345 817
345 959
346 361
347 783
348 936
348 719
348 568
350 746
350 559
350 541
351 940
351 675
351 644
352 514
352 569
352 511
353 950
353 560
355 486
355 914
355 531
356 843
356 381
356 755
357 433
358 507
359 611
359 637
360 620
360 766
361 474
362 881
362 409
362 604
363 810
363 676
365 903
366 735
366 564
366 840
368 483
369 593
369 908
369 439
370 614
371 746
371 532
371 996
372 612
373 838
373 716
375 891
376 896
376 696
376 821
376 895
377 411
377 661
377 453
378 489
378 590
378 506
380 525
381 405
381 875
382 539
383 540
384 738
384 938
384 764
385 685
385 692
386 889
389 397
389 564
390 863
391 443
392 812
393 449
394 430
394 538
395 403
395 708
395 808
396 984
396 786
397 438
397 511
399 876
399 623
400 774
400 828
400 638
401 584
402 438
402 781
402 606
403 673
403 921
404 767
405 543
405 909
405 593
405 587
405 716
405 592
405 455
406 889
406 755
407 761
407 818
407 661
408 610
408 814
408 772
408 540
409 455
409 571
410 769
410 884
412 650
412 816
413 575
414 524
415 976
415 458
416 826
417 673
418 507
418 622
419 831
421 899
422 859
423 513
424 974
424 748
425 485
425 827
426 546
427 437
427 672
427 929
427 990
428 885
429 951
429 648
429 484
430 501
430 830
431 573
432 688
432 528
432 490
433 860
434 817
435 704
435 687
437 856
437 972
438 929
438 439
438 556
440 946
440 738
441 652
442 884
442 852
442 446
443 960
443 505
444 537
444 784
444 747
445 923
445 810
446 655
446 464
448 745
448 475
449 625
449 805
450 709
450 467
451 601
451 647
452 457
454 568
454 896
454 662
454 951
455 780
456 786
456 924
456 644
457 836
459 602
460 659
460 468
461 992
462 569
463 768
463 566
464 827
464 851
464 781
466 990
467 612
468 494
468 760
468 512
470 577
470 632
470 953
470 914
472 646
473 658
473 618
473 911
473 602
474 595
474 931
475 826
476 988
477 881
478 492
478 619
478 950
480 584
480 516
481 498
482 491
482 504
483 657
483 915
484 702
484 686
485 807
485 581
485 709
485 506
486 928
487 848
487 815
488 499
488 822
488 905
489 609
490 725
491 582
495 818
495 503
496 640
496 736
497 893
497 601
497 766
499 514
500 590
500 773
500 640
500 703
502 713
502 874
502 773
503 678
503 775
505 580
506 888
508 708
509 870
509 789
509 535
510 984
510 653
511 583
512 762
513 527
515 674
516 777
517 597
517 633
517 739
518 749
518 660
519 663
519 867
519 740
520 780
521 706
521 806
522 824
523 757
523 947
524 636
525 647
527 957
528 557
530 549
530 961
530 997
531 816
532 609
533 674
534 581
535 983
535 839
537 699
538 982
538 829
539 932
540 567
541 775
542 754
542 860
544 731
544 667
545 818
546 694
547 642
547 928
549 695
550 617
551 766
551 635
552 753
552 555
556 739
556 803
558 879
558 727
560 934
561 795
562 582
563 954
563 590
563 649
565 679
566 718
571 893
571 930
574 940
574 858
575 854
576 674
578 890
579 604
579 912
579 958
581 995
581 734
584 932
584 728
585 674
586 849
586 651
587 993
587 749
588 758
588 889
589 732
589 986
589 608
590 916
592 600
593 627
594 696
594 710
595 620
596 747
598 617
600 844
603 793
605 945
605 666
607 952
608 964
608 833
610 933
611 772
611 830
612 718
613 829
613 988
613 884
614 651
616 893
616 859
617 767
618 743
620 911
621 960
621 787
623 821
624 935
624 700
625 649
625 942
626 796
626 877
628 687
628 663
628 842
629 738
629 894
631 920
633 758
636 834
636 648
638 800
639 980
640 820
640 644
641 730
642 858
643 845
643 901
645 665
646 698
647 767
649 931
650 695
650 726
652 716
654 971
656 798
656 833
656 969
657 732
663 851
664 736
665 958
666 687
668 927
668 936
669 730
675 709
679 864
680 713
681 706
681 947
681 713
685 700
685 996
691 829
691 913
692 820
694 926
696 725
697 964
699 752
700 852
703 848
704 847
706 879
706 727
707 985
709 880
709 896
712 814
715 771
717 920
719 899
721 769
722 776
724 962
724 978
725 726
728 834
729 732
730 919
731 890
734 915
740 833
742 817
744 808
745 865
751 822
753 890
756 957
758 898
759 880
759 861
759 789
761 862
762 826
763 862
764 898
765 820
765 797
768 861
770 849
774 821
783 953
788 951
790 937
790 809
792 901
795 813
799 965
801 864
801 905
802 907
803 823
805 828
806 967
810 939
812 949
816 871
824 968
825 968
829 948
839 974
842 895
842 853
843 962
846 873
847 999
847 939
850 856
854 883
855 942
856 977
861 923
866 978
872 892
874 949
877 919
879 972
880 959
880 961
892 935
892 912
892 964
902 910
912 936
914 952
917 978
934 970
938 971
962 987
969 979
982 991
989 993
