0 1
0 2
0 3
0 6
0 8
0 10
0 16
0 17
0 29
0 37
0 748
0 54
0 382
0 72
0 83
0 419
0 94
0 106
0 120
0 142
0 160
0 167
0 198
0 203
0 213
0 225
0 236
0 238
0 247
0 275
0 287
0 291
0 303
0 304
0 309
0 323
0 333
0 337
0 412
0 427
0 509
0 513
0 516
0 539
0 555
0 560
0 605
0 633
0 637
0 676
0 704
0 706
0 772
0 846
0 860
0 886
0 376
0 985
1 2
1 478
1 4
1 279
1 7
1 10
1 75
1 17
1 21
1 361
1 29
1 34
1 66
1 273
1 277
1 143
1 5
1 175
1 783
1 577
1 107
1 307
1 331
1 362
1 313
1 441
1 84
1 526
1 289
1 564
1 190
1 631
1 641
1 657
1 67
1 995
1 703
1 88
1 26
1 40
1 70
1 15
1 35
1 125
1 140
2 3
2 4
2 5
2 6
2 7
2 15
2 200
2 26
2 34
2 35
2 40
2 57
2 60
2 246
2 65
2 69
2 72
2 77
2 82
2 86
2 776
2 779
2 125
2 128
2 230
2 256
2 137
2 172
2 208
2 210
2 221
2 222
2 506
2 986
2 395
2 12
2 399
2 410
2 440
2 295
2 112
2 32
2 656
2 645
2 239
2 555
2 362
2 135
2 401
2 953
2 249
2 10
2 36
2 766
2 767
2 303
2 897
2 807
2 300
2 22
2 16
2 521
3 73
3 4
3 6
3 11
3 12
3 15
3 16
3 18
3 22
3 202
3 28
3 32
3 915
3 46
3 47
3 52
3 56
3 57
3 61
3 75
3 102
3 558
3 114
3 116
3 74
3 132
3 135
3 161
3 261
3 171
3 715
3 162
3 229
3 54
3 228
3 252
3 463
3 432
3 870
3 921
3 280
3 146
3 302
3 338
3 455
3 348
3 359
3 393
3 406
3 364
3 424
3 428
3 835
3 129
3 484
3 7
3 256
3 553
3 305
3 651
3 699
3 120
3 418
3 286
3 113
3 240
3 36
3 303
3 803
3 5
3 99
4 965
4 926
4 811
4 19
4 831
4 132
4 7
4 28
4 31
4 33
4 46
4 581
4 836
4 16
4 125
4 135
4 142
4 162
4 174
4 177
4 6
4 21
4 196
4 206
4 207
4 224
4 226
4 439
4 78
4 106
4 249
4 833
4 97
4 519
4 119
4 361
4 601
4 20
4 198
4 592
4 129
4 263
4 857
4 868
4 136
4 986
4 356
4 259
4 24
4 450
4 780
4 590
4 321
4 294
4 663
5 36
5 675
5 31
5 517
5 867
5 29
5 50
5 274
5 70
5 78
5 104
5 648
5 654
5 27
5 534
5 268
5 68
5 240
5 12
5 271
5 292
5 633
5 825
5 49
5 663
5 301
5 470
5 502
5 951
5 215
5 82
5 43
5 290
5 141
5 724
5 740
5 765
5 11
5 206
5 421
5 346
6 7
6 24
6 12
6 342
6 26
6 32
6 37
6 45
6 631
6 42
6 52
6 54
6 295
6 64
6 820
6 66
6 34
6 69
6 282
6 82
6 117
6 136
6 888
6 155
6 171
6 178
6 181
6 49
6 18
6 204
6 227
6 604
6 233
6 321
6 245
6 758
6 28
6 294
6 734
6 225
6 561
6 269
6 574
6 608
6 376
6 377
6 182
6 383
6 285
6 400
6 607
6 566
6 871
6 603
6 214
6 707
6 236
6 347
6 256
6 792
6 331
6 16
6 246
6 866
6 35
6 329
6 15
6 351
7 8
7 178
7 11
7 13
7 18
7 20
7 511
7 30
7 48
7 68
7 453
7 110
7 12
7 126
7 189
7 366
7 403
7 595
7 102
7 351
7 365
7 145
7 448
7 322
7 254
7 434
7 427
7 140
7 476
7 148
7 371
7 518
7 149
7 633
7 404
7 231
7 544
7 909
7 809
7 195
7 899
7 839
7 175
7 464
7 42
8 922
8 9
8 33
8 405
8 20
8 25
8 28
8 443
8 44
8 196
8 49
8 76
8 67
8 124
8 14
8 157
8 377
8 269
8 218
8 489
8 335
8 102
8 43
8 108
8 237
8 754
8 494
8 13
8 556
8 315
8 557
8 849
8 16
9 983
9 420
9 35
9 407
9 12
9 33
10 861
10 13
10 19
10 342
10 40
10 58
10 245
10 180
10 202
10 417
10 322
10 46
10 343
10 558
10 265
10 826
10 440
10 464
10 474
10 166
10 26
10 950
10 996
10 727
10 16
10 98
11 341
11 88
11 24
11 43
11 225
11 297
11 977
11 215
11 282
11 316
11 170
11 197
11 531
11 999
11 572
11 16
11 998
12 750
12 32
12 26
12 744
12 807
12 637
12 617
12 120
12 127
12 132
12 423
12 160
12 174
12 482
12 341
12 214
12 420
12 248
12 47
12 264
12 265
12 182
12 374
12 896
12 407
12 125
12 41
12 419
12 146
12 882
12 16
12 24
12 622
12 69
12 375
12 48
12 809
12 42
12 958
12 256
12 593
12 702
12 874
12 762
12 591
13 154
13 937
13 109
13 415
13 808
13 523
13 48
13 88
13 108
13 428
13 456
13 373
13 564
13 641
13 680
13 912
13 472
13 871
13 33
13 884
13 17
13 998
14 136
14 503
14 932
14 52
14 28
14 131
14 211
14 17
14 380
14 162
14 372
14 533
14 751
14 289
14 101
14 202
15 54
15 723
15 262
15 788
15 45
15 55
15 103
15 46
15 138
15 714
15 223
15 144
15 396
15 270
15 729
15 429
15 461
15 741
15 268
15 72
15 730
15 698
16 17
16 24
16 36
16 78
16 100
16 109
16 116
16 217
16 657
16 162
16 193
16 430
16 385
16 274
16 928
16 22
16 811
16 569
16 374
16 392
16 410
16 101
16 510
16 956
16 212
16 612
16 757
16 65
16 418
16 888
16 906
16 915
16 955
17 21
17 561
17 27
17 36
17 75
17 551
17 103
17 209
17 31
17 224
17 244
17 139
17 137
17 302
17 85
17 971
17 26
17 392
17 621
17 51
17 525
17 217
17 32
17 658
17 700
18 555
18 136
18 50
18 31
18 77
18 359
18 192
18 84
18 223
18 419
18 119
18 78
18 150
18 926
18 395
18 233
18 468
18 209
18 220
18 473
18 871
18 241
18 26
18 341
18 195
18 45
18 443
18 85
18 981
18 720
18 89
18 829
18 321
18 266
18 426
18 350
19 341
19 62
19 104
19 833
19 84
19 57
19 794
19 264
19 832
19 715
19 741
19 517
19 155
19 265
19 995
19 656
19 320
20 576
20 894
20 37
20 41
20 306
20 226
20 82
20 384
20 366
20 440
20 275
20 841
20 272
20 80
20 162
20 199
20 266
20 211
20 288
20 295
20 362
20 371
20 56
20 438
20 734
20 392
20 304
20 666
20 32
20 126
21 172
21 48
21 558
21 131
21 191
21 603
21 87
21 425
21 203
21 521
21 176
22 300
22 142
22 481
22 515
22 407
22 135
22 557
22 677
22 817
23 698
23 187
23 611
23 73
23 947
23 85
23 222
23 34
24 408
24 256
24 46
24 58
24 63
24 75
24 80
24 91
24 122
24 140
24 29
24 298
24 182
24 178
24 135
24 434
24 226
24 242
24 290
24 33
24 712
24 215
24 777
24 442
24 104
24 377
24 598
24 88
24 695
24 48
25 541
25 126
25 327
25 353
25 360
25 40
25 626
25 72
25 314
26 42
26 705
26 76
26 81
26 126
26 298
26 293
26 28
26 242
26 109
26 191
26 53
26 310
26 358
26 915
26 405
26 420
26 224
26 300
26 136
26 610
26 696
26 182
26 68
26 354
26 30
26 78
26 70
27 849
27 94
27 285
27 505
27 697
27 87
28 30
28 32
28 396
28 43
28 182
28 64
28 268
28 281
28 356
28 97
28 251
28 166
28 119
28 485
28 459
28 460
28 318
28 389
28 235
28 567
28 244
29 69
29 126
29 47
29 908
29 581
29 781
29 202
29 209
29 222
29 228
29 472
29 977
29 537
29 156
29 508
29 381
29 160
29 278
29 61
29 201
30 116
30 792
30 136
30 213
30 265
30 299
30 833
30 201
30 764
30 572
30 657
30 658
30 161
30 182
30 232
30 842
31 417
31 491
31 56
31 859
31 51
31 397
31 499
31 832
31 686
31 42
31 215
31 97
31 206
31 77
31 532
31 112
31 466
31 673
31 349
32 839
32 43
32 48
32 60
32 765
32 466
32 171
32 118
32 229
32 516
32 882
32 445
32 323
32 353
32 666
32 535
32 448
32 691
32 51
32 162
32 639
32 655
32 206
32 105
32 239
33 155
33 578
33 62
33 81
33 87
33 153
33 113
33 66
33 135
33 898
33 672
33 172
33 60
33 743
33 741
34 827
34 39
34 54
34 35
34 79
34 143
34 155
34 613
34 73
34 781
34 438
34 43
34 563
34 571
34 160
35 512
35 797
35 957
35 78
35 89
35 96
35 429
35 106
35 330
35 238
35 576
35 683
35 147
35 504
35 86
35 88
36 84
36 89
36 196
36 186
36 255
36 134
36 529
36 707
36 775
36 710
36 674
36 383
36 499
36 706
36 844
36 533
36 954
36 768
37 297
37 863
37 357
37 300
37 240
37 388
37 628
37 141
37 121
37 111
37 222
38 469
38 149
38 238
38 457
39 643
39 889
39 55
40 452
40 41
40 975
40 186
40 789
40 544
40 362
40 102
40 67
40 409
40 589
40 223
40 747
40 421
41 42
41 45
41 311
41 775
41 80
41 87
41 78
41 756
41 885
41 270
41 390
41 381
41 365
41 326
41 102
41 138
41 159
41 122
41 324
41 289
41 236
41 594
42 640
42 53
42 799
42 168
42 947
42 339
42 240
42 881
42 626
42 99
42 507
42 646
42 830
43 290
43 688
43 84
43 149
43 485
43 299
43 206
43 268
43 668
43 375
43 73
43 493
43 951
44 917
44 220
44 338
44 94
44 504
44 161
44 509
44 102
44 748
45 177
45 352
45 201
45 837
45 179
46 64
46 327
46 785
46 91
46 518
46 464
46 366
46 451
46 439
46 879
46 941
46 111
46 690
46 471
47 172
47 215
47 135
47 50
47 625
47 548
47 573
47 756
48 592
48 934
48 331
48 101
48 137
48 391
48 913
49 182
49 92
49 912
49 149
49 230
49 125
49 268
49 88
49 973
49 647
49 752
49 238
50 703
50 802
50 112
50 303
50 677
50 181
50 223
50 243
50 276
50 639
50 210
50 305
50 844
51 191
51 71
51 384
51 456
51 73
51 62
51 395
51 341
51 346
51 868
52 646
52 58
52 492
52 650
52 150
52 137
52 881
52 202
52 127
53 788
53 765
53 559
53 252
53 106
53 377
53 492
53 972
54 80
54 85
54 290
54 376
54 904
54 923
55 856
55 507
55 883
55 102
55 107
55 211
55 763
55 270
56 560
56 213
56 168
56 826
56 887
57 854
57 58
57 124
57 258
57 525
58 911
58 174
58 203
58 418
58 436
59 121
59 295
59 958
59 848
59 616
60 143
60 564
60 308
60 631
60 916
61 549
61 417
61 79
61 289
61 250
61 980
61 563
61 156
61 414
62 146
62 323
62 77
62 569
62 723
62 938
62 548
62 582
62 394
62 431
62 64
62 899
62 556
63 495
63 92
63 432
63 370
63 170
64 278
64 66
64 88
64 865
64 129
64 503
64 897
64 378
64 112
64 67
64 133
64 874
65 374
65 854
65 684
66 332
66 384
66 570
66 84
66 249
66 722
66 330
67 459
67 574
67 441
67 158
67 236
67 318
67 101
67 439
67 639
67 474
67 69
68 143
68 640
69 151
69 382
69 96
69 146
69 847
69 527
69 377
70 306
70 338
70 383
70 313
70 150
70 341
70 287
71 296
71 375
71 896
71 496
71 682
71 560
71 944
71 742
71 629
72 184
72 318
72 883
72 169
72 247
73 458
73 153
73 859
73 367
73 448
73 727
73 197
74 287
74 695
75 129
75 178
75 279
75 497
76 135
76 378
76 297
76 260
76 460
76 216
76 261
76 212
76 971
77 383
77 123
77 370
78 86
78 90
78 215
78 676
78 227
78 533
78 268
78 278
78 310
78 140
78 862
78 371
78 494
78 557
78 666
78 795
78 476
78 602
78 155
78 542
79 210
79 241
79 500
79 297
79 473
79 200
79 707
79 367
79 111
80 619
80 952
80 428
80 132
80 390
80 115
80 423
80 146
80 252
80 644
80 563
81 349
81 201
81 503
82 807
82 147
82 768
82 84
82 195
82 965
82 533
83 271
83 150
83 212
83 250
83 739
83 477
83 984
83 544
84 759
84 354
84 516
84 909
84 458
84 474
84 648
84 535
84 624
84 590
84 917
84 530
84 432
85 490
85 135
85 700
85 814
85 907
85 89
86 441
86 135
86 200
86 113
86 667
86 578
86 218
86 834
87 98
87 392
87 371
87 305
87 564
87 408
87 972
87 224
88 750
88 981
88 236
88 906
88 627
89 799
89 91
89 99
89 111
89 736
89 484
90 492
90 204
90 311
90 252
90 579
90 555
90 703
91 97
91 815
91 328
91 239
91 216
91 508
91 341
91 532
91 344
91 251
91 224
92 813
92 279
92 535
92 99
93 545
93 488
93 650
94 959
94 588
94 106
95 655
95 155
95 97
96 426
96 151
96 956
97 471
97 578
97 299
97 506
97 867
98 269
98 285
98 852
98 365
98 382
98 158
98 358
98 425
98 436
98 495
98 323
98 137
98 338
98 819
98 968
98 499
99 473
99 139
99 498
99 719
99 740
99 647
99 501
99 380
99 670
100 937
100 299
100 142
100 991
100 368
100 489
101 548
101 987
101 847
101 237
101 828
101 938
102 103
102 124
102 156
102 176
102 273
102 527
102 517
102 746
102 340
103 537
103 290
103 138
103 447
103 299
104 943
104 305
104 271
104 137
104 268
104 482
104 744
105 512
105 288
105 538
106 427
106 974
106 172
106 413
106 976
106 612
107 821
107 135
107 239
107 134
107 176
107 156
107 336
108 622
108 205
108 433
109 718
109 920
110 945
110 615
110 886
110 363
110 163
110 532
110 161
111 626
111 131
111 922
111 917
111 223
111 231
111 457
111 891
111 566
111 146
111 196
111 531
112 597
112 885
112 218
112 131
112 806
112 905
113 690
113 124
113 528
113 501
114 333
114 943
114 305
114 749
115 174
115 258
115 325
115 979
115 297
115 237
115 940
115 611
115 907
116 812
116 445
116 459
116 822
116 993
117 835
117 679
117 428
117 491
117 775
117 940
118 262
118 161
118 808
119 670
119 220
119 169
119 314
119 810
120 238
120 628
120 242
120 487
120 195
120 761
121 991
121 436
121 821
121 291
122 801
122 643
122 228
122 264
122 143
122 748
123 135
123 559
123 738
124 667
124 156
124 161
124 203
124 562
125 813
125 163
125 318
125 751
125 305
126 724
126 650
127 340
127 977
127 667
127 668
128 731
128 646
128 550
128 363
129 724
129 290
129 359
129 140
130 157
130 431
130 967
131 162
131 800
131 396
131 336
131 853
131 946
131 612
132 992
132 183
132 269
133 665
133 653
134 237
134 619
134 471
135 830
135 604
135 165
135 467
135 364
135 293
135 873
135 482
135 192
135 746
135 638
136 255
136 203
136 460
136 344
136 355
136 374
136 191
137 238
137 348
137 222
137 175
138 702
138 910
138 284
138 522
138 285
139 264
139 432
139 152
139 238
139 183
139 792
139 362
139 736
140 343
140 514
140 613
140 234
141 648
141 722
141 153
142 939
142 814
142 935
142 172
142 217
142 752
142 600
142 868
143 392
143 560
143 680
144 428
144 651
144 173
145 222
145 538
145 623
146 357
146 761
146 223
147 519
147 245
147 422
148 473
148 814
148 281
149 500
149 475
149 572
149 776
149 313
149 427
149 948
149 485
150 694
150 256
150 217
150 606
150 387
150 541
150 930
150 635
151 256
151 192
151 164
151 354
152 858
152 422
152 605
152 804
153 842
153 732
153 697
153 983
154 301
154 291
155 809
155 368
155 221
155 589
155 385
156 959
156 530
157 927
157 747
157 722
157 449
157 466
158 711
158 661
158 169
158 587
158 973
159 671
159 405
159 176
159 842
159 231
159 913
159 256
159 837
159 475
159 306
159 360
159 774
159 568
160 378
160 297
160 462
160 374
160 659
160 688
160 171
160 282
161 193
161 206
161 241
161 242
161 989
161 484
161 918
161 731
162 261
162 317
162 718
162 952
162 805
163 726
163 169
163 580
163 650
163 315
163 676
163 486
163 245
163 742
164 669
164 442
164 167
164 419
165 454
165 194
165 402
165 219
165 679
165 568
165 928
165 737
166 720
166 761
167 745
167 257
167 629
167 659
167 774
167 978
168 385
168 185
168 434
168 183
168 893
169 862
169 537
170 349
170 825
170 452
170 491
170 613
171 776
172 594
172 246
172 202
172 567
173 192
173 206
173 304
174 654
174 543
174 994
175 887
175 276
176 212
176 611
176 207
176 932
176 586
177 308
177 740
177 449
177 787
178 485
178 985
179 404
179 668
179 572
180 883
180 558
181 960
182 857
182 231
182 299
182 872
182 661
183 223
184 486
184 271
184 314
184 277
184 808
185 838
185 241
185 588
185 933
186 806
186 297
186 821
186 664
186 834
186 590
186 586
186 427
186 687
186 210
187 389
187 664
187 498
188 802
188 430
188 973
188 673
189 575
189 544
189 641
190 446
190 921
190 448
191 763
191 245
191 546
191 909
192 305
192 914
192 629
192 232
192 639
193 571
193 345
194 352
194 387
194 905
195 428
195 850
195 679
195 930
195 982
196 791
196 447
196 258
196 456
196 555
197 782
197 622
197 579
197 207
198 882
198 672
198 620
199 471
199 335
199 781
200 796
200 487
200 377
200 262
201 419
201 357
201 250
201 777
202 881
202 737
202 223
202 257
202 904
202 924
202 433
203 685
203 415
203 253
203 341
203 904
203 300
203 305
203 500
204 828
204 767
204 205
205 320
205 238
206 552
206 570
206 953
206 730
206 370
206 398
208 715
208 487
208 228
209 841
209 389
210 534
210 596
210 260
210 689
211 279
211 256
211 660
212 774
212 612
213 399
213 575
214 455
214 230
214 462
214 275
215 708
215 218
215 418
216 902
216 266
216 429
216 970
217 263
218 462
218 877
218 343
218 469
218 964
218 792
219 493
219 229
219 277
219 308
219 609
219 397
220 390
220 673
221 319
221 357
222 791
222 753
223 372
223 435
223 868
223 632
223 364
223 778
223 436
224 769
224 425
224 440
224 825
225 246
225 380
225 274
226 526
226 280
226 669
227 392
227 650
228 743
228 860
229 273
229 732
229 365
229 335
229 654
230 327
230 249
230 653
230 969
230 259
231 663
232 671
232 961
232 241
233 356
233 630
233 967
233 823
233 552
234 297
234 618
234 839
234 750
234 246
234 347
234 854
235 843
235 412
236 406
236 916
236 322
236 273
237 257
237 586
238 691
238 270
239 401
239 270
239 277
239 773
240 307
240 380
240 505
241 704
241 345
242 391
243 722
243 474
243 527
243 806
244 414
244 310
244 620
244 911
245 893
245 922
245 297
245 337
245 276
246 986
246 504
246 627
246 258
246 450
247 506
248 856
248 252
248 928
248 405
249 350
249 326
249 828
250 358
250 339
250 334
250 316
250 762
251 427
251 481
252 268
252 486
252 927
252 368
252 264
253 772
253 919
254 441
254 625
254 429
254 819
255 394
255 401
256 613
256 565
256 373
256 531
257 829
257 652
257 693
259 992
259 306
260 903
260 344
261 602
261 332
261 286
262 398
262 480
263 980
264 413
264 800
264 411
265 493
265 551
265 444
265 289
265 292
266 955
266 772
266 932
267 375
267 444
267 824
268 491
268 311
269 568
270 789
272 879
272 339
272 697
273 872
274 680
274 655
274 598
274 810
274 838
275 576
275 612
276 645
276 805
276 826
277 753
277 787
278 477
278 725
278 582
279 686
279 457
279 451
279 518
279 479
279 895
280 793
280 434
280 351
281 430
281 993
282 670
282 497
283 901
283 474
283 416
283 818
284 459
284 498
285 662
285 300
286 288
286 562
286 931
286 359
286 345
287 786
288 957
288 625
289 434
289 992
289 296
289 597
289 873
289 352
289 382
289 893
289 918
289 989
289 712
289 342
289 314
289 829
289 938
291 403
291 322
292 929
292 378
293 381
293 403
293 501
294 379
294 562
295 684
295 794
296 540
297 341
297 371
297 301
297 743
298 740
298 336
298 547
299 335
299 379
299 472
300 877
300 308
300 576
301 325
301 717
301 727
302 599
302 988
302 590
302 884
303 900
303 923
303 535
303 591
303 368
304 742
304 662
304 587
305 895
305 680
305 342
305 512
305 880
307 793
307 981
307 845
308 886
308 539
308 473
309 978
309 480
309 404
310 399
311 696
311 859
311 755
311 970
312 367
312 361
312 559
314 619
314 621
315 376
316 416
316 993
316 720
316 708
317 357
317 410
317 465
318 623
318 995
318 631
318 534
319 447
319 663
320 327
321 694
321 345
322 550
322 754
323 545
323 999
324 694
324 675
325 579
325 876
325 757
325 358
325 954
326 937
326 448
326 330
326 593
327 881
327 869
328 607
328 936
329 970
329 674
329 576
330 480
330 422
331 411
332 500
332 505
333 651
333 393
333 858
334 446
334 929
335 798
335 620
335 346
335 810
335 583
335 678
336 441
336 713
336 699
336 641
337 642
338 570
339 434
340 720
341 432
341 629
342 912
343 845
343 451
343 615
343 349
344 409
344 376
344 402
345 550
345 463
345 563
346 963
346 590
346 769
347 835
347 372
347 420
347 843
348 534
348 759
349 607
349 780
349 785
350 897
350 567
351 434
351 573
353 851
354 565
354 671
354 418
354 649
354 456
355 359
355 942
356 500
356 385
356 773
357 419
357 409
358 542
359 584
359 476
360 676
361 477
361 956
362 503
363 964
363 944
363 667
363 607
364 514
365 852
367 728
367 851
367 503
367 687
369 990
369 757
369 710
370 610
370 919
370 705
370 751
370 618
371 547
372 600
372 940
373 521
373 591
374 975
374 648
375 587
376 657
377 653
379 962
379 395
379 424
380 890
380 976
381 709
382 513
383 491
383 512
384 784
384 426
384 758
385 642
385 426
386 627
386 509
386 819
387 699
387 757
388 605
388 607
388 878
389 399
389 396
390 887
391 969
391 850
392 665
392 393
393 807
394 782
395 987
395 710
395 790
396 477
397 497
398 408
400 461
400 780
400 554
400 969
400 489
401 522
402 944
402 609
403 731
403 711
405 406
406 788
406 827
407 738
407 863
407 637
408 557
408 939
409 510
409 681
410 818
410 773
410 846
411 972
412 674
412 523
413 840
413 747
414 501
415 962
415 935
416 492
416 475
416 906
417 632
418 688
420 552
420 581
420 806
421 656
423 742
423 900
423 480
424 588
425 892
425 708
425 640
426 616
427 528
427 472
428 552
429 762
429 845
430 889
430 714
431 941
432 491
432 609
433 543
435 888
435 889
435 523
436 553
437 624
437 709
437 675
438 491
439 577
439 942
439 648
441 716
442 466
442 490
442 975
443 529
444 504
445 963
445 803
446 920
447 569
448 649
448 504
448 823
449 514
449 920
449 549
450 716
451 565
451 817
452 916
452 630
453 758
453 546
454 994
454 635
454 827
455 892
455 873
455 970
458 575
458 844
458 732
459 553
460 488
460 471
460 581
460 541
460 636
461 551
462 892
462 714
462 750
463 626
463 530
464 839
465 955
465 508
465 673
466 997
466 652
466 623
467 570
467 620
468 498
468 728
469 547
469 812
470 636
470 965
471 548
471 875
472 859
473 522
473 979
474 860
475 604
476 725
477 591
477 856
478 672
478 684
479 797
479 510
479 637
480 555
480 757
480 789
481 771
482 836
482 492
482 524
482 496
483 947
483 553
483 502
483 834
484 980
486 800
487 749
488 634
489 490
490 697
490 669
491 601
493 795
494 805
494 766
494 772
495 618
495 770
496 702
496 990
497 733
499 768
499 518
499 545
500 896
502 767
507 873
507 696
509 554
509 738
510 695
511 943
511 661
512 913
512 689
513 894
514 672
515 966
515 600
516 796
519 843
520 530
520 804
520 560
521 592
522 642
523 597
524 855
524 784
525 948
526 996
527 618
528 776
528 548
529 778
531 701
531 954
532 756
536 874
536 826
536 594
538 991
539 653
540 791
540 728
541 640
542 724
542 857
543 730
544 844
545 858
546 643
547 933
549 907
551 659
551 577
552 770
553 711
554 853
554 633
555 702
556 910
558 754
561 974
561 934
566 954
566 580
567 606
568 598
571 685
573 929
574 745
580 693
581 958
582 692
583 768
583 859
584 733
584 925
585 822
585 648
585 587
586 729
587 689
589 602
591 692
592 764
593 683
593 850
593 601
595 771
595 604
596 682
596 753
598 624
599 642
599 903
599 984
599 679
601 896
603 721
603 786
603 864
604 862
604 784
606 815
608 911
608 899
609 840
610 647
611 925
611 948
613 644
614 681
614 749
614 871
614 621
615 908
616 774
617 638
617 885
620 630
622 873
624 851
624 966
627 876
628 641
628 941
628 968
629 779
632 698
632 865
634 653
634 677
634 877
635 713
636 646
638 660
639 796
639 742
644 725
645 729
647 902
648 803
649 953
650 891
650 866
651 717
651 739
652 701
654 967
656 949
658 692
660 780
661 894
662 997
662 836
664 735
665 880
666 813
671 778
672 769
678 870
678 845
681 871
682 726
683 719
683 841
684 755
685 816
686 898
687 863
687 875
690 820
691 872
693 804
698 861
700 822
701 757
702 790
703 935
704 852
704 793
705 716
705 960
706 946
709 934
711 837
712 734
713 959
714 870
717 903
718 891
719 988
721 878
721 880
722 980
723 950
726 824
733 901
735 982
735 778
736 820
737 853
739 905
741 949
744 823
744 824
745 788
746 761
750 931
751 855
752 982
755 879
759 986
760 795
760 763
760 801
764 848
766 914
770 924
771 895
777 830
778 816
779 938
782 865
783 945
783 875
783 798
784 792
785 864
786 838
786 930
787 925
789 987
790 918
794 846
797 974
798 935
799 898
801 868
802 821
808 900
811 914
812 818
815 979
816 881
817 899
817 926
819 840
823 961
826 951
831 961
831 985
832 890
847 966
848 864
849 861
850 877
855 990
859 945
866 984
867 876
869 906
869 919
878 884
883 931
890 962
893 898
901 976
902 994
908 950
910 939
921 988
923 989
924 978
927 949
933 966
936 957
936 983
942 964
946 952
960 996
963 999
968 998
971 997
