0 1
0 2
0 3
0 4
0 6
0 8
0 10
0 17
0 29
0 44
0 69
0 113
0 127
0 146
0 244
0 255
0 263
0 287
0 291
0 294
0 336
0 338
0 367
0 494
0 517
0 541
0 602
0 603
0 710
0 792
0 813
0 876
1 2
1 3
1 4
1 5
1 6
1 7
1 8
1 9
1 10
1 13
1 17
1 21
1 22
1 274
1 259
1 41
1 685
1 935
1 31
1 56
1 58
1 62
1 938
1 809
1 51
1 100
1 108
1 486
1 406
1 142
1 592
1 121
1 173
1 304
1 178
1 180
1 191
1 202
1 283
1 221
1 939
1 576
1 463
1 133
1 437
1 85
1 773
1 309
1 541
1 330
1 158
1 318
1 733
1 46
1 397
1 682
1 427
1 16
1 778
1 325
1 258
1 40
1 529
1 45
1 872
1 578
1 557
1 97
1 487
1 623
1 15
1 636
1 981
1 79
1 802
1 469
1 711
1 779
1 337
1 264
1 805
1 120
1 371
1 172
1 20
2 3
2 11
2 198
2 31
2 402
2 36
2 4
2 218
2 202
2 475
2 257
2 6
2 461
2 780
2 392
2 271
2 968
2 96
2 128
3 4
3 5
3 9
3 566
3 494
3 15
3 22
3 28
3 26
3 856
3 30
3 31
3 260
3 40
3 48
3 204
3 50
3 52
3 59
3 64
3 288
3 188
3 117
3 124
3 194
3 135
3 587
3 530
3 179
3 183
3 818
3 647
3 62
3 304
3 320
3 370
3 193
3 317
3 280
3 790
3 13
3 366
3 509
3 20
3 846
3 559
3 160
3 276
3 650
3 76
3 289
3 891
3 734
3 174
3 824
3 176
3 51
3 500
3 727
3 7
3 941
3 158
3 228
3 231
4 5
4 7
4 11
4 14
4 15
4 191
4 78
4 133
4 81
4 108
4 142
4 145
4 141
4 473
4 166
4 171
4 177
4 61
4 715
4 250
4 286
4 306
4 329
4 40
4 368
4 579
4 58
4 120
4 79
4 691
4 681
4 848
4 179
4 374
4 77
4 328
4 6
4 317
4 50
4 607
4 28
4 30
5 6
5 7
5 9
5 86
5 111
5 38
5 428
5 46
5 47
5 61
5 84
5 77
5 85
5 758
5 259
5 154
5 674
5 607
5 204
5 243
5 102
5 228
5 267
5 177
5 286
5 287
5 357
5 761
5 299
5 301
5 26
5 175
5 767
5 408
5 417
5 430
5 348
5 712
5 368
5 543
5 89
5 469
5 88
5 105
5 141
5 224
5 446
5 580
5 17
5 449
5 11
5 25
5 795
5 865
5 180
5 320
5 56
5 34
6 786
6 15
6 16
6 78
6 62
6 106
6 89
6 595
6 31
6 923
6 17
6 140
6 143
6 549
6 168
6 196
6 350
6 214
6 571
6 19
6 7
6 46
6 223
6 366
6 303
6 318
6 298
6 309
6 400
6 848
6 795
6 159
6 395
6 21
6 821
6 478
6 886
6 38
6 20
6 599
6 314
6 337
6 850
6 593
6 25
6 251
6 51
6 265
7 8
7 12
7 18
7 19
7 383
7 27
7 32
7 354
7 764
7 47
7 55
7 51
7 121
7 311
7 92
7 100
7 117
7 575
7 552
7 133
7 143
7 357
7 770
7 973
7 694
7 378
7 221
7 182
7 69
7 10
7 176
7 595
7 314
7 443
7 905
7 508
7 533
7 571
7 190
7 863
7 631
7 35
7 90
7 758
7 63
7 932
7 26
7 497
7 331
7 9
7 195
7 145
7 914
7 953
8 11
8 13
8 16
8 22
8 38
8 40
8 693
8 51
8 65
8 29
8 36
8 884
8 78
8 499
8 116
8 119
8 120
8 257
8 26
8 775
8 159
8 168
8 507
8 98
8 953
8 401
8 323
8 361
8 362
8 434
8 949
8 252
8 502
8 264
8 397
8 83
8 778
8 545
8 650
8 25
8 493
8 497
8 738
8 702
8 46
8 335
8 736
8 124
8 112
8 75
8 14
8 887
8 759
8 437
8 62
9 20
9 21
9 29
9 138
9 53
9 95
9 103
9 522
9 289
9 214
9 271
9 256
9 346
9 86
9 335
9 150
9 36
9 144
9 149
9 459
9 62
9 463
9 46
9 28
9 558
9 567
9 903
9 105
9 907
9 99
9 538
9 561
9 198
9 386
9 159
9 50
9 967
10 37
10 326
10 93
10 28
10 31
10 81
10 39
10 47
10 375
10 828
10 158
10 90
10 287
10 102
10 363
10 121
10 153
10 56
10 218
10 181
10 678
10 195
10 206
10 236
10 227
10 831
10 36
10 248
10 624
10 378
10 119
10 990
10 145
10 288
10 886
10 73
10 397
10 33
10 829
10 764
10 887
10 362
10 384
10 77
10 498
10 142
10 723
10 229
10 842
10 629
10 955
10 628
11 14
11 28
11 41
11 42
11 45
11 460
11 63
11 980
11 86
11 90
11 281
11 166
11 469
11 212
11 103
11 225
11 160
11 830
11 133
11 619
11 346
11 214
11 646
11 397
11 191
11 471
11 363
11 205
11 547
11 235
11 746
11 37
11 279
11 419
11 666
11 33
11 888
11 342
11 867
11 954
11 402
12 58
12 465
12 193
12 34
12 84
12 103
12 109
12 512
12 73
12 176
12 198
12 46
12 119
12 386
12 318
12 783
12 96
12 804
12 167
12 638
12 51
12 823
12 146
12 661
13 347
13 16
13 742
13 155
13 869
13 685
13 248
14 938
14 19
14 915
14 420
14 69
14 57
14 119
14 155
14 29
14 151
14 35
14 187
14 218
14 231
14 524
14 960
14 425
14 335
14 345
14 698
14 457
14 535
14 58
14 41
15 683
15 26
15 21
15 25
15 36
15 100
15 589
15 719
15 73
15 301
15 316
15 776
15 174
15 334
15 201
15 569
15 224
15 194
15 144
15 271
15 311
15 730
15 50
15 150
15 382
15 405
15 34
15 868
15 86
15 66
15 99
15 802
15 483
15 856
15 143
16 255
16 432
16 67
16 872
16 96
16 97
16 107
16 595
16 568
16 213
16 20
16 870
16 469
16 368
16 160
16 39
16 257
16 788
16 774
16 904
16 925
16 357
17 56
17 95
17 24
17 593
17 440
17 54
17 61
17 101
17 575
17 126
17 121
17 775
17 40
17 67
17 648
17 259
17 238
17 319
17 957
17 397
17 538
17 876
17 917
17 717
17 536
17 346
17 226
17 29
17 66
17 89
17 31
17 617
17 690
17 142
17 705
17 993
18 747
18 195
18 87
18 166
18 643
18 185
19 145
19 25
19 534
19 54
19 57
19 74
19 702
19 104
19 122
19 137
19 136
19 171
19 172
19 21
19 243
19 251
19 708
19 945
19 315
19 289
19 158
19 780
19 570
19 149
19 46
19 426
20 133
20 24
20 37
20 64
20 310
20 67
20 600
20 781
20 883
20 332
20 255
20 119
20 503
20 50
20 476
20 243
20 25
20 548
20 826
20 400
20 160
20 79
20 875
20 56
20 607
21 32
21 803
21 512
21 28
21 188
21 35
21 542
21 276
21 586
21 654
21 190
21 106
21 69
21 533
21 432
21 25
21 366
22 30
22 55
22 165
22 516
22 112
22 40
22 256
22 120
22 241
22 948
22 199
22 835
22 63
22 101
22 938
22 205
22 36
22 956
23 816
23 788
23 520
23 811
24 40
24 26
24 37
24 635
24 241
24 246
24 468
24 256
24 264
24 795
24 81
24 461
24 95
24 25
24 404
24 160
24 688
24 765
24 746
24 841
24 774
24 34
24 396
24 458
25 550
25 35
25 43
25 137
25 51
25 57
25 88
25 96
25 666
25 372
25 116
25 124
25 288
25 145
25 147
25 163
25 252
25 291
25 219
25 603
25 103
25 431
25 997
25 812
25 367
25 753
25 62
25 614
25 854
25 558
26 31
26 736
26 48
26 656
26 71
26 931
26 556
26 98
26 101
26 129
26 328
26 194
26 102
26 220
26 223
26 653
26 214
26 58
26 154
26 136
26 85
26 904
26 534
27 159
27 74
27 79
27 349
27 736
27 442
27 96
27 635
28 750
28 43
28 572
28 40
28 74
28 150
28 805
28 184
28 614
28 400
28 721
28 582
28 948
28 989
29 211
29 32
29 82
29 46
29 914
29 91
29 131
29 135
29 192
29 617
29 313
29 490
29 380
29 47
29 118
29 54
29 101
29 205
29 903
29 621
30 104
30 34
30 101
30 266
30 858
30 416
30 147
30 217
30 524
30 402
30 174
30 313
30 156
30 54
31 262
31 34
31 51
31 62
31 390
31 72
31 426
31 171
31 157
31 307
31 311
31 838
31 785
31 168
31 604
31 405
31 57
31 355
31 40
32 35
32 434
32 342
32 174
32 68
32 519
33 420
33 652
33 217
33 755
33 586
33 847
33 88
33 567
33 552
34 115
34 284
34 341
34 247
34 330
34 283
34 783
34 119
34 694
34 646
34 230
34 482
34 229
34 130
34 46
35 136
35 665
35 279
35 106
35 130
35 317
35 40
35 495
35 602
35 568
35 891
35 900
35 175
35 49
35 36
35 313
36 801
36 66
36 42
36 92
36 56
36 102
36 95
36 47
36 262
36 698
36 414
36 610
36 432
36 660
36 157
36 752
36 995
36 395
36 817
36 289
36 190
36 846
37 142
37 50
37 105
37 697
37 972
37 152
37 551
37 983
37 886
37 182
37 391
38 96
38 453
38 493
38 671
38 911
38 157
38 669
38 820
38 129
39 265
39 924
39 86
39 359
39 101
39 222
39 167
39 175
39 112
39 536
39 379
39 407
39 502
39 808
39 763
39 84
39 776
39 799
39 752
40 114
40 219
40 566
40 162
40 121
40 488
40 569
40 554
40 684
40 726
40 206
40 425
41 855
41 782
41 365
41 219
42 928
42 60
42 177
42 51
42 498
42 771
42 909
43 46
43 138
43 378
43 125
43 134
43 209
43 564
43 233
43 236
43 657
43 205
43 954
43 655
44 85
44 716
44 404
45 236
45 523
45 164
45 253
45 132
45 551
46 233
46 65
46 48
46 146
46 962
46 186
46 801
46 213
46 419
46 325
46 241
46 281
46 862
46 435
46 430
46 451
46 100
46 91
46 103
46 85
46 521
46 652
46 475
46 743
46 824
46 547
47 49
47 61
47 105
47 136
48 378
48 634
48 906
48 256
48 764
48 236
49 668
49 401
49 298
49 88
49 169
49 932
49 51
49 995
49 248
50 68
50 277
50 66
50 109
50 494
50 794
50 810
50 148
51 178
51 77
51 474
51 714
51 257
51 303
51 501
51 66
51 285
51 929
52 90
52 327
52 562
52 672
53 313
53 648
53 359
53 381
53 101
53 988
54 81
54 835
54 141
54 977
54 354
54 447
55 649
55 674
55 112
56 584
56 893
56 126
57 61
57 80
57 430
57 88
57 219
57 233
57 314
57 66
57 873
57 681
57 890
57 510
57 244
57 759
57 398
58 272
58 812
58 71
58 212
58 699
58 236
58 529
58 106
58 469
59 599
59 309
59 821
59 289
59 629
59 61
59 698
60 216
60 410
60 91
60 643
60 115
61 612
61 230
61 193
61 152
61 693
61 132
61 920
61 624
61 369
62 246
62 117
62 493
62 182
62 277
62 709
62 103
62 864
62 282
62 524
62 176
63 218
63 936
63 452
63 710
63 140
63 141
63 613
63 409
63 889
63 423
63 997
63 266
63 944
63 86
64 423
64 378
64 234
65 637
65 124
65 418
65 989
65 315
65 558
65 375
66 687
66 520
66 677
66 279
66 112
66 417
67 983
67 603
67 72
67 243
68 294
68 858
68 597
68 337
69 589
69 533
69 251
69 703
69 190
70 686
70 465
70 567
70 86
70 223
70 323
70 472
71 76
71 593
71 228
71 355
72 787
72 772
73 314
73 431
73 79
73 134
73 503
73 248
73 211
73 541
73 326
73 948
74 167
74 245
74 492
75 378
75 590
75 93
75 295
75 139
76 842
76 590
76 683
76 726
76 372
77 293
77 312
77 366
77 456
78 109
78 174
78 81
78 102
78 200
78 599
78 479
78 483
78 355
78 214
78 486
78 874
78 217
78 716
79 297
79 693
79 606
79 190
79 266
79 859
79 85
79 330
79 91
80 99
80 103
80 303
80 136
80 453
80 224
80 220
80 877
80 655
81 160
81 188
81 328
81 168
81 782
81 376
81 492
81 319
81 775
81 665
81 455
81 999
82 907
82 873
82 222
83 679
83 640
83 249
83 366
83 174
83 343
84 137
84 389
84 814
84 377
84 551
85 658
85 86
85 143
85 522
85 135
85 351
85 600
85 217
85 141
85 947
85 359
85 810
85 874
85 979
86 902
86 283
86 515
86 333
86 352
86 677
86 885
87 877
87 353
87 496
88 477
88 100
88 369
88 751
88 526
88 596
88 999
88 108
89 411
89 782
89 123
89 176
89 204
89 734
89 277
89 437
89 528
89 552
89 201
89 361
90 365
90 203
90 255
90 334
90 206
90 251
90 115
90 181
90 418
90 91
90 158
91 123
91 111
91 168
91 173
91 194
91 433
91 130
91 768
91 177
91 947
91 550
91 913
91 901
92 213
92 470
92 218
92 749
92 369
93 331
93 106
93 725
94 483
94 341
94 800
94 701
94 104
94 243
94 276
95 263
95 151
95 131
95 336
95 905
95 146
95 986
95 639
95 396
95 401
96 467
96 317
96 463
96 692
96 878
96 931
96 612
96 130
97 346
97 160
98 602
98 328
98 316
98 218
99 337
99 400
100 469
100 964
100 301
100 211
100 920
100 700
100 120
100 553
101 532
101 143
101 451
101 277
101 311
101 632
101 537
102 205
102 300
102 457
102 377
102 209
102 688
102 425
103 469
103 114
103 420
103 436
103 248
103 809
103 421
103 504
103 457
103 466
103 390
103 732
104 279
104 280
104 188
104 803
105 376
105 550
105 122
105 307
105 394
105 675
105 606
105 431
105 213
106 121
106 474
106 820
106 951
106 395
106 837
106 470
106 150
106 397
106 976
107 889
107 530
107 477
107 837
108 279
108 845
108 144
109 964
109 941
109 344
109 606
109 563
110 157
110 753
110 881
111 513
111 519
111 812
112 613
112 286
112 147
112 561
112 980
113 875
113 809
114 973
114 625
115 203
115 478
115 219
116 380
116 123
116 883
116 181
116 359
116 983
116 589
116 497
117 453
117 326
117 974
118 829
118 224
118 369
118 358
119 344
119 262
119 285
119 395
119 645
119 420
119 188
120 181
120 148
120 405
120 756
120 946
121 132
121 523
121 412
121 617
122 338
122 177
123 186
123 373
123 149
123 588
123 298
123 561
123 919
123 163
123 740
124 851
124 488
124 416
124 728
125 166
125 368
125 277
125 179
125 540
125 146
126 583
126 731
126 235
126 177
127 616
127 329
127 894
128 625
128 257
128 716
128 952
128 633
128 176
128 746
128 968
128 556
129 152
129 670
129 172
129 836
129 339
129 537
129 920
130 518
130 131
130 355
130 724
130 770
130 851
130 147
131 186
131 907
131 434
131 732
132 490
132 974
132 136
132 353
132 321
132 428
132 616
132 798
132 725
133 664
133 341
133 504
133 283
133 302
133 743
133 417
133 270
133 909
133 312
133 536
134 655
135 442
135 152
135 305
135 432
136 516
136 410
136 217
136 577
136 576
136 372
136 383
136 628
136 663
137 190
137 828
137 444
137 683
137 363
137 282
137 354
137 510
138 439
138 444
138 890
138 302
139 252
139 823
139 146
139 638
139 719
139 892
140 501
140 366
140 887
140 632
141 318
141 332
141 216
141 345
141 675
141 208
141 520
141 994
141 937
142 253
142 819
142 320
142 231
143 587
143 564
143 231
143 293
143 393
143 461
143 239
144 454
144 261
145 754
145 424
145 218
146 961
146 996
146 545
146 830
146 215
146 463
146 506
147 704
147 845
147 199
147 496
148 796
148 447
148 236
148 619
149 180
149 614
149 393
149 558
150 314
150 496
150 816
150 154
151 230
151 493
151 777
151 340
151 284
151 254
152 793
152 157
152 749
152 205
152 912
152 838
152 202
153 929
153 450
153 706
153 427
153 190
154 414
154 940
154 991
155 905
155 170
155 512
155 323
155 423
155 488
156 847
156 248
156 676
156 739
156 223
156 727
156 985
157 733
157 556
157 302
157 397
157 508
157 379
157 271
157 843
158 850
158 975
158 247
158 779
158 894
158 420
158 807
158 561
158 922
159 934
159 797
159 278
159 644
159 750
160 210
160 941
160 781
161 713
161 869
161 232
161 816
162 970
162 563
162 527
163 910
163 534
164 365
164 965
164 781
164 202
164 727
164 261
165 889
165 852
165 574
165 267
165 837
166 202
166 914
166 302
166 577
166 579
166 388
166 195
167 456
167 921
167 199
167 812
167 421
167 836
167 913
168 281
168 712
169 749
169 976
169 542
169 632
170 610
170 450
170 808
171 900
171 915
171 454
171 626
172 484
172 811
172 695
173 218
173 369
173 553
174 946
174 747
174 559
175 358
175 707
175 506
175 256
175 202
175 205
175 558
175 224
175 254
175 179
175 882
175 765
176 341
176 389
176 403
176 798
177 399
177 536
177 961
177 825
177 260
177 252
177 450
178 404
178 652
178 402
179 735
179 324
179 527
179 560
179 605
179 986
179 875
179 681
179 934
180 672
180 419
180 707
181 216
181 632
182 902
182 669
182 906
182 686
183 351
183 210
183 757
183 668
184 741
184 339
184 374
185 657
185 792
185 805
185 587
185 556
186 275
186 680
186 814
187 711
187 740
187 717
187 378
187 667
187 960
188 200
188 260
188 518
188 248
188 883
188 348
188 997
189 796
189 826
189 860
189 953
189 505
190 341
190 874
190 249
191 473
192 444
192 620
192 289
192 605
192 443
193 620
193 982
193 294
193 328
193 707
194 719
194 560
194 493
195 873
195 236
195 769
195 858
195 786
195 870
196 411
196 735
196 839
197 206
197 385
197 309
197 964
198 535
198 409
198 386
199 717
199 330
200 290
200 224
200 885
201 622
201 540
201 382
201 236
201 722
202 320
203 950
203 383
203 998
203 428
203 539
204 393
205 465
205 504
205 951
205 713
206 791
206 524
206 679
206 456
206 746
207 481
207 425
207 794
207 507
208 264
208 354
208 515
208 980
208 705
209 933
209 591
209 465
210 838
210 478
210 718
211 356
211 224
211 334
211 412
211 831
212 901
212 709
212 394
212 458
212 579
212 339
213 674
213 658
213 692
213 931
213 452
214 676
214 309
214 501
214 369
215 911
215 500
216 446
216 958
216 268
216 904
217 395
217 253
217 583
217 521
217 744
218 588
219 933
219 477
220 520
220 969
220 766
221 919
221 897
221 647
221 990
221 244
222 629
222 630
222 328
223 537
223 872
224 381
224 422
225 341
225 407
226 622
226 730
227 623
227 347
227 240
227 307
228 301
228 288
228 339
228 520
228 951
228 992
228 664
228 753
229 265
230 328
230 395
230 689
231 813
231 771
232 462
232 726
233 806
233 278
234 414
234 833
234 864
234 438
234 828
235 594
235 801
235 701
235 516
236 765
236 320
236 423
236 348
236 422
236 783
237 645
237 313
237 885
237 304
237 320
237 336
237 768
237 746
238 903
238 441
238 428
238 548
239 340
239 945
239 240
240 999
241 352
241 700
241 694
241 829
242 293
242 263
242 718
242 987
243 561
243 292
243 281
243 710
243 347
243 900
244 513
244 959
245 875
245 565
245 636
246 382
247 784
247 795
247 267
248 296
248 402
248 454
249 536
250 550
250 551
250 604
251 392
251 737
252 731
252 967
252 709
253 295
253 624
253 785
253 552
253 664
253 482
253 342
254 450
254 285
254 636
255 312
255 321
255 877
255 425
255 403
256 354
256 287
256 378
256 425
256 877
256 656
256 787
257 428
257 673
257 773
258 517
258 462
258 307
258 377
259 818
259 568
259 441
260 269
261 896
261 979
261 629
262 422
262 303
262 561
262 345
263 351
263 547
264 892
264 827
264 633
266 633
266 415
266 830
267 486
268 966
268 697
268 649
269 867
269 971
269 984
270 708
270 668
271 789
272 382
272 888
273 448
273 844
273 278
274 436
274 444
274 998
274 326
275 659
275 780
276 926
276 357
276 738
277 927
277 773
277 604
278 683
278 640
278 357
279 934
279 514
279 958
280 806
280 294
280 543
280 515
280 421
280 364
280 476
281 297
281 912
281 355
282 471
282 488
282 683
284 758
284 322
285 850
285 435
285 575
286 383
286 794
287 899
287 493
287 720
288 673
288 742
288 295
289 722
289 510
289 832
290 467
290 627
291 493
291 666
291 949
292 987
292 936
292 305
292 894
294 609
294 373
294 839
296 900
296 615
296 360
297 741
297 587
299 755
299 595
299 328
300 955
300 932
301 642
301 584
301 870
303 326
304 751
304 607
304 642
305 473
305 978
305 770
306 322
306 598
306 364
307 594
308 594
308 692
308 422
309 433
309 769
309 808
309 989
310 509
310 623
310 811
311 352
312 466
313 371
313 732
314 452
314 807
314 966
314 479
315 611
315 514
316 612
316 715
316 696
316 336
317 432
317 757
317 527
318 756
318 655
319 379
319 896
320 747
320 363
321 372
321 847
321 685
322 370
323 336
323 924
323 787
323 573
324 961
324 756
325 865
327 489
327 860
328 898
328 363
328 403
328 526
328 805
328 388
328 637
328 975
329 601
330 786
331 532
331 802
331 865
331 341
332 636
332 774
333 995
333 994
334 389
334 353
335 918
335 353
335 687
335 482
336 404
336 462
336 982
336 609
338 886
340 748
340 425
340 402
341 397
341 360
341 733
342 720
343 580
343 979
344 466
344 657
344 357
345 530
345 754
345 976
345 663
345 460
347 653
348 415
348 555
349 814
349 943
349 728
349 546
350 446
350 671
350 743
352 848
353 734
354 984
355 523
355 806
356 842
356 405
356 589
357 368
358 943
358 403
358 537
358 861
359 721
360 866
360 871
360 663
361 740
361 856
362 834
362 460
363 452
363 642
364 868
364 771
364 460
365 412
366 839
367 662
367 822
368 784
369 554
369 939
370 638
371 385
371 959
372 597
373 654
373 696
373 399
374 398
374 990
374 893
375 779
375 908
376 471
376 400
377 678
377 807
377 800
378 490
378 702
379 874
379 614
379 393
380 427
381 936
382 522
382 538
382 586
383 640
384 406
384 830
385 527
386 785
386 569
387 970
387 690
387 474
388 671
388 604
389 435
389 469
390 804
390 949
391 493
391 799
392 567
393 853
393 709
394 445
395 555
395 637
396 445
397 405
397 647
397 644
398 669
399 574
401 708
403 634
403 955
403 463
404 505
404 684
406 652
407 863
408 681
408 643
409 962
409 413
410 862
410 627
410 868
411 925
413 450
413 445
413 945
413 910
414 876
415 474
415 646
415 615
415 635
416 561
417 574
418 459
419 562
420 868
420 715
421 610
421 499
421 824
422 918
422 737
422 601
422 920
423 590
424 548
424 519
424 724
425 958
425 576
426 596
426 452
427 747
428 846
428 763
428 668
428 888
429 797
429 588
429 752
429 528
430 461
430 636
433 529
433 728
434 834
435 676
435 702
435 698
436 760
437 919
438 510
438 450
439 782
439 928
439 748
439 857
440 565
440 825
441 784
442 723
442 689
443 791
443 927
443 572
444 554
444 567
445 833
445 895
446 559
447 672
447 916
448 740
448 491
449 703
449 935
451 730
452 972
452 760
453 925
453 617
454 512
454 618
454 498
454 646
455 481
455 881
455 876
455 799
455 480
455 868
456 576
458 541
458 665
459 486
460 711
461 619
461 899
462 708
464 733
464 659
464 739
466 509
467 588
467 469
468 857
468 487
470 577
472 682
472 761
473 994
475 682
476 722
476 866
477 817
477 810
478 788
478 510
479 680
480 996
480 928
481 645
483 981
484 991
484 534
485 753
485 767
485 777
487 861
487 525
488 525
489 972
489 884
490 748
490 634
491 891
491 598
492 896
492 516
493 582
495 818
495 844
495 928
497 750
499 512
500 529
501 608
502 600
502 884
503 626
503 776
504 551
504 715
504 704
505 508
506 882
507 988
507 996
508 635
509 859
509 544
509 852
509 618
510 857
510 667
511 908
511 563
511 911
511 842
512 786
513 778
514 575
515 742
517 657
518 618
521 591
522 965
522 977
522 584
523 757
523 534
525 912
525 783
526 853
527 544
527 656
528 608
528 659
529 794
529 727
531 621
531 656
531 883
532 695
533 788
535 627
536 759
537 573
538 640
538 766
538 892
539 871
539 581
540 853
540 864
541 845
541 564
542 565
543 890
544 567
544 663
545 611
546 761
546 946
547 923
547 625
547 805
549 953
549 829
549 661
549 944
552 922
553 978
554 739
555 711
555 677
557 578
557 725
558 942
559 984
560 923
561 978
562 653
563 621
566 721
566 902
569 670
570 942
570 832
570 790
571 971
571 700
572 690
573 639
575 659
577 609
578 699
579 599
580 974
581 583
581 898
582 930
582 966
585 720
585 633
585 697
587 859
587 713
591 985
592 773
592 827
592 869
592 880
593 815
593 970
595 950
595 956
595 622
596 849
597 947
598 769
599 866
600 930
600 610
601 631
602 937
604 760
605 793
608 963
608 815
610 688
611 917
612 836
613 639
614 840
615 969
615 762
615 825
616 831
619 803
619 998
620 796
620 832
623 661
624 940
626 884
626 860
627 822
628 969
630 744
630 765
631 736
634 965
635 993
637 854
641 760
641 880
641 929
644 705
645 662
646 963
648 872
649 724
649 650
651 810
651 957
651 728
654 762
656 705
656 954
658 881
660 678
660 790
662 849
667 826
670 691
673 977
674 707
675 691
679 735
680 935
681 729
682 695
684 879
685 895
685 810
686 940
687 993
687 835
688 823
689 975
692 843
693 723
696 724
699 769
701 986
701 840
702 712
703 745
704 917
706 800
706 867
709 855
710 766
711 737
714 854
714 768
714 800
716 827
718 913
724 841
729 863
729 992
731 928
733 991
735 973
736 819
737 915
738 861
741 767
742 908
743 772
744 852
745 879
745 871
748 892
748 981
749 916
749 988
751 956
754 879
755 911
758 804
759 851
762 909
763 897
764 903
764 946
772 916
776 901
777 949
785 924
789 971
789 924
791 985
792 878
793 895
797 921
798 821
798 918
800 959
805 899
808 833
813 822
815 842
817 982
819 963
820 962
823 906
828 843
834 942
838 950
840 856
841 943
844 910
848 890
849 893
855 922
856 952
862 898
864 930
878 894
880 897
882 937
912 992
921 987
926 952
926 967
927 966
933 960
939 944
952 957
966 968
