0 1
0 2
0 3
0 4
0 5
0 6
0 8
0 10
0 11
0 15
0 16
0 18
0 19
0 21
0 23
0 24
0 26
0 28
0 32
0 34
0 41
0 42
0 43
0 657
0 839
0 50
0 58
0 64
0 67
0 69
0 74
0 77
0 82
0 91
0 96
0 98
0 103
0 104
0 106
0 117
0 119
0 120
0 127
0 141
0 148
0 154
0 159
0 161
0 165
0 169
0 179
0 201
0 207
0 211
0 236
0 241
0 598
0 256
0 270
0 272
0 273
0 290
0 297
0 298
0 303
0 309
0 312
0 335
0 343
0 356
0 363
0 367
0 372
0 378
0 379
0 385
0 393
0 399
0 415
0 420
0 426
0 434
0 450
0 463
0 469
0 476
0 489
0 505
0 509
0 512
0 522
0 525
0 526
0 541
0 548
0 553
0 555
0 562
0 575
0 593
0 596
0 601
0 621
0 623
0 630
0 633
0 666
0 672
0 675
0 694
0 707
0 732
0 733
0 773
0 786
0 803
0 808
0 811
0 834
0 840
0 881
0 888
0 902
0 907
0 918
0 935
0 945
0 958
0 975
0 982
1 2
1 3
1 4
1 5
1 36
1 7
1 8
1 66
1 10
1 12
1 13
1 951
1 20
1 717
1 29
1 40
1 53
1 300
1 57
1 32
1 449
1 90
1 95
1 25
1 368
1 112
1 118
1 277
1 48
1 114
1 170
1 790
1 284
1 206
1 278
1 235
1 850
1 264
1 381
1 308
1 331
1 345
1 746
1 146
1 11
1 392
1 416
1 80
1 33
1 230
1 371
1 619
1 625
1 626
1 218
1 332
1 182
1 26
1 69
1 21
1 233
1 811
1 269
1 854
1 740
1 798
1 77
1 574
1 306
1 972
1 603
2 3
2 4
2 5
2 6
2 9
2 12
2 14
2 17
2 23
2 591
2 39
2 374
2 32
2 42
2 56
2 64
2 67
2 88
2 546
2 77
2 102
2 112
2 129
2 144
2 646
2 157
2 940
2 38
2 180
2 414
2 238
2 376
2 8
2 37
2 29
2 27
2 452
2 227
2 493
2 260
2 874
2 500
2 412
2 16
2 559
2 562
2 723
2 73
2 152
2 746
2 48
2 21
2 80
2 866
2 147
2 90
3 641
3 30
3 17
3 22
3 892
3 36
3 384
3 71
3 73
3 838
3 111
3 125
3 736
3 160
3 397
3 244
3 132
3 574
3 21
3 577
3 368
3 287
3 68
3 294
3 85
3 259
3 529
3 24
3 5
3 675
3 358
3 203
3 336
3 33
3 683
3 719
3 151
3 52
3 250
3 386
3 35
3 469
3 413
3 131
3 171
3 7
4 11
4 843
4 26
4 32
4 914
4 82
4 128
4 635
4 701
4 752
4 65
4 79
4 923
4 227
4 242
4 43
4 544
4 132
4 39
4 211
4 565
4 586
4 117
4 107
4 56
4 616
4 237
5 7
5 943
5 20
5 25
5 27
5 29
5 42
5 202
5 51
5 68
5 78
5 80
5 81
5 219
5 216
5 177
5 123
5 976
5 451
5 138
5 166
5 303
5 184
5 599
5 228
5 518
5 86
5 271
5 272
5 478
5 459
5 474
5 355
5 364
5 428
5 94
5 8
5 469
5 79
5 6
5 481
5 420
5 33
5 31
5 9
5 44
5 549
5 291
5 74
5 551
5 716
5 574
5 330
5 715
5 95
5 200
5 898
5 77
5 178
5 144
5 865
5 878
5 167
5 165
5 361
5 985
5 488
6 328
6 136
6 10
6 38
6 155
6 21
6 142
6 32
6 275
6 47
6 799
6 559
6 77
6 83
6 85
6 60
6 474
6 108
6 115
6 827
6 145
6 158
6 180
6 40
6 25
6 946
6 44
6 602
6 268
6 277
6 367
6 286
6 456
6 368
6 612
6 381
6 384
6 432
6 444
6 64
6 82
6 466
6 12
6 238
6 75
6 617
6 616
6 18
6 671
6 493
6 84
6 181
6 669
6 421
6 205
6 278
6 98
6 52
6 91
6 79
6 781
6 783
6 812
6 763
6 588
6 879
6 28
6 178
6 906
6 68
6 129
7 616
7 9
7 12
7 495
7 937
7 20
7 25
7 32
7 33
7 34
7 49
7 565
7 814
7 81
7 131
7 155
7 506
7 174
7 181
7 649
7 383
7 323
7 184
7 730
7 27
7 931
7 189
7 129
7 40
7 60
7 971
7 464
7 479
7 904
7 108
7 490
7 93
7 264
7 127
7 97
8 808
8 318
8 23
8 176
8 57
8 60
8 763
8 95
8 688
8 936
8 664
8 206
8 330
8 203
8 67
8 91
8 325
8 131
8 718
8 482
8 592
8 157
8 703
8 115
9 739
9 597
9 363
9 100
9 37
9 562
9 86
9 466
9 253
9 10
9 124
9 406
9 40
10 16
10 211
10 28
10 31
10 182
10 51
10 55
10 488
10 70
10 92
10 73
10 136
10 104
10 301
10 789
10 330
10 571
10 882
10 793
10 21
10 631
10 309
10 484
10 247
10 79
10 404
10 724
10 52
10 95
10 872
10 258
10 184
11 705
11 362
11 45
11 46
11 125
11 73
11 586
11 971
11 193
11 557
11 252
11 892
11 373
11 63
11 86
11 169
11 617
11 217
11 137
11 507
11 206
11 179
11 77
11 458
11 59
11 70
11 91
12 97
12 61
12 78
12 84
12 100
12 506
12 66
12 397
12 440
12 81
12 394
12 24
12 523
12 367
12 87
12 155
12 640
12 817
13 178
13 72
13 14
13 616
13 21
13 80
13 226
13 53
13 587
13 64
13 497
14 849
14 30
14 124
14 590
14 80
14 196
14 217
14 960
14 173
14 141
14 545
14 799
15 581
15 205
15 51
15 912
15 87
15 656
15 951
15 699
16 352
16 74
16 368
16 95
16 96
16 206
16 140
16 478
16 45
16 295
16 834
16 477
16 40
16 722
16 25
16 761
16 521
17 664
17 27
17 37
17 38
17 630
17 614
17 889
17 829
17 397
17 269
17 855
17 759
17 495
17 992
18 513
18 659
18 479
18 60
18 220
18 144
18 664
18 388
18 315
19 624
19 87
19 510
19 909
19 130
19 237
19 577
19 336
19 35
19 361
19 765
19 391
19 689
19 708
20 26
20 29
20 492
20 36
20 75
20 138
20 569
20 223
20 665
20 663
20 32
20 351
21 25
21 36
21 46
21 370
21 60
21 528
21 358
21 85
21 99
21 244
21 56
21 125
21 128
21 131
21 104
21 178
21 52
21 671
21 201
21 223
21 270
21 571
21 266
21 271
21 635
21 159
21 295
21 361
21 63
21 659
21 89
21 38
21 76
21 653
21 121
21 696
21 135
21 134
21 57
21 59
21 610
21 655
21 152
21 837
21 789
21 846
21 40
21 877
21 306
22 678
22 516
22 49
22 144
22 518
22 496
22 127
22 116
22 426
22 78
22 76
22 620
22 239
22 892
23 37
23 74
23 105
23 148
23 681
23 69
23 743
23 210
24 66
24 48
24 364
24 570
24 86
24 80
24 427
24 918
24 690
25 35
25 559
25 45
25 48
25 52
25 56
25 72
25 76
25 472
25 81
25 38
25 105
25 116
25 176
25 456
25 209
25 881
25 709
25 265
25 329
25 455
25 295
25 452
25 368
25 584
25 197
25 421
25 465
25 720
25 484
25 162
25 134
25 489
25 696
26 32
26 34
26 35
26 713
26 45
26 52
26 63
26 75
26 85
26 391
26 199
26 929
26 251
26 292
26 458
26 317
26 182
26 56
26 629
26 59
26 91
26 628
26 306
26 359
26 64
26 73
26 885
26 925
26 31
27 150
27 70
27 900
27 370
27 131
27 412
27 627
27 155
27 568
27 202
27 701
28 155
28 748
28 384
28 73
28 270
28 380
29 252
29 70
29 135
29 151
29 79
29 197
29 235
29 588
29 201
29 466
29 487
29 247
29 206
29 263
29 218
29 595
30 62
30 51
30 347
30 49
30 61
30 110
30 206
30 551
30 369
30 642
30 724
30 225
31 637
31 44
31 48
31 73
31 46
31 65
31 293
31 325
31 32
31 35
31 482
31 916
31 33
31 825
32 182
32 181
32 40
32 139
32 577
32 91
32 80
32 333
32 154
32 156
32 268
32 604
32 178
32 320
32 365
32 388
32 322
32 478
32 925
32 457
32 357
32 549
32 116
32 146
32 648
32 700
32 754
32 67
32 60
32 846
32 45
33 584
33 168
33 130
33 504
33 48
33 121
33 507
33 560
33 735
33 78
33 97
34 61
34 566
34 252
34 187
34 141
34 125
34 112
34 109
34 134
35 622
35 59
35 76
35 150
35 515
35 220
35 602
35 64
36 49
36 348
36 103
36 368
36 975
36 696
36 660
37 38
37 70
37 78
37 171
37 561
37 263
37 53
37 360
37 114
37 89
37 357
37 802
37 592
37 759
37 303
37 211
37 256
38 427
38 151
38 46
38 761
38 566
38 294
38 112
38 932
38 424
38 668
38 699
38 288
39 75
39 525
39 416
39 324
39 428
40 42
40 79
40 53
40 325
40 247
40 97
40 114
40 124
40 81
40 175
40 186
40 210
40 308
40 63
40 341
40 386
40 426
40 69
40 329
40 51
41 200
41 636
41 331
41 155
41 291
41 898
42 760
42 814
42 214
43 56
43 172
43 144
43 928
43 988
43 306
43 119
44 347
44 57
44 241
44 519
44 324
45 521
45 61
45 147
45 139
45 220
45 279
45 818
45 284
46 261
46 49
46 86
46 378
46 283
46 810
46 408
46 69
46 101
46 190
46 591
46 842
46 244
46 638
46 274
47 612
47 625
47 634
47 86
47 384
48 443
48 101
48 64
48 161
48 192
48 676
48 270
48 299
48 78
48 680
48 394
48 757
48 210
48 70
48 211
48 156
48 292
48 553
48 322
49 133
49 575
49 694
49 391
49 608
49 488
49 780
49 536
49 842
49 243
50 678
50 146
50 967
50 365
50 830
51 75
51 91
51 116
51 545
51 125
51 659
51 539
52 76
52 394
52 137
52 987
52 189
52 317
52 855
52 561
52 675
52 560
52 682
53 69
53 66
53 67
53 317
53 130
53 410
53 209
53 333
53 847
53 734
54 825
54 587
54 426
55 576
55 642
55 107
55 213
55 220
55 237
55 469
55 517
55 448
55 527
55 301
55 705
56 670
56 111
56 215
56 659
56 175
56 259
56 59
56 487
56 70
56 491
56 252
56 214
57 453
57 136
57 143
57 337
57 81
57 465
57 121
57 510
57 108
57 403
57 391
57 277
58 846
58 317
58 425
58 64
58 610
58 306
58 305
58 653
58 899
58 484
59 66
59 77
59 871
59 253
59 739
59 189
60 618
60 62
60 249
60 239
60 114
60 803
60 207
60 792
60 488
60 81
61 460
61 119
61 280
61 889
61 769
61 409
61 207
61 129
61 332
61 131
61 870
61 365
62 954
62 496
62 167
62 66
62 72
62 104
62 133
62 576
62 189
62 96
62 191
62 76
63 120
63 79
63 977
63 145
63 909
63 77
63 68
63 215
63 143
63 259
63 440
63 141
63 256
63 244
64 111
64 497
64 554
64 229
64 91
64 235
64 320
64 754
64 403
64 495
64 307
64 399
64 543
64 485
64 458
64 70
64 367
65 903
65 88
65 158
65 104
65 254
65 915
65 483
65 777
65 713
66 92
66 79
66 111
66 578
66 436
66 354
66 395
66 532
66 164
66 807
66 70
67 308
67 313
67 89
67 160
67 103
67 643
67 603
67 907
67 134
68 129
68 278
68 454
68 136
68 198
68 432
68 85
68 95
69 112
69 585
69 132
69 181
69 493
70 165
70 195
70 235
70 189
70 188
70 304
70 667
70 366
70 698
70 879
70 872
70 725
70 661
70 205
70 245
70 651
70 788
70 123
70 508
71 133
71 291
71 85
71 365
71 581
71 318
71 911
71 562
71 999
71 280
71 664
71 593
71 679
71 196
71 275
72 104
72 572
72 632
72 410
72 604
72 651
72 94
72 631
72 90
72 863
73 137
73 197
73 156
73 306
73 286
73 434
73 436
73 278
73 821
73 517
73 456
73 573
73 920
74 88
74 154
74 471
74 153
74 349
75 707
75 462
75 146
76 371
76 152
76 244
76 706
76 524
77 551
77 705
77 165
77 212
77 582
77 783
77 537
77 621
77 210
77 542
77 274
77 417
77 780
77 307
77 356
77 810
77 450
77 637
78 758
78 301
78 838
78 168
78 105
78 199
78 296
78 243
78 375
78 282
78 196
78 681
78 205
78 551
78 170
78 397
78 341
78 446
78 611
78 684
78 148
78 256
79 486
79 478
79 205
79 351
79 214
79 313
79 211
79 989
79 423
79 699
79 598
79 110
79 654
79 403
80 155
80 221
80 247
80 335
81 540
81 410
81 937
81 682
81 460
81 680
81 130
82 782
82 390
82 95
83 167
83 722
83 473
83 411
83 391
83 818
83 354
83 856
83 552
84 491
84 845
84 342
84 305
85 418
85 121
85 568
85 259
85 837
85 567
85 659
85 474
85 482
85 362
85 232
85 414
86 968
86 521
86 202
86 396
86 592
86 129
86 855
86 235
87 183
87 114
87 129
87 220
87 522
87 801
88 356
88 615
88 452
88 296
88 393
88 391
89 888
89 151
89 225
89 669
90 958
90 873
90 284
90 394
90 415
90 225
90 149
90 438
91 213
91 928
91 117
91 180
91 123
91 165
91 158
91 974
91 474
91 723
91 182
91 258
91 628
91 243
91 936
91 726
91 144
91 720
91 981
91 146
91 685
91 153
91 622
91 306
92 401
92 775
92 163
92 812
93 879
93 215
93 467
93 937
94 597
94 645
94 538
94 542
94 829
95 522
95 365
95 223
95 658
95 502
95 688
95 552
96 142
96 495
96 739
96 374
96 289
96 430
96 188
96 418
97 718
97 113
97 753
97 202
97 163
97 435
97 488
97 694
97 697
97 766
97 394
97 365
97 612
98 634
98 475
98 265
99 786
99 648
99 306
100 558
100 527
101 905
101 857
102 228
102 140
102 308
102 296
102 389
102 832
103 207
103 121
104 144
104 498
104 672
105 193
105 845
105 150
106 569
106 514
106 903
107 121
107 860
107 158
108 631
108 147
108 487
108 306
108 174
108 567
108 216
108 290
108 298
108 134
108 871
108 703
108 924
109 278
109 769
110 384
110 422
110 551
110 555
110 377
111 227
111 752
111 366
111 384
111 395
111 192
111 910
111 527
111 571
111 121
112 528
112 127
112 298
112 248
112 295
112 947
112 527
112 218
112 113
112 741
112 948
112 369
112 927
112 336
112 472
113 533
113 273
113 732
114 567
114 135
115 123
115 375
115 136
115 289
115 303
116 577
116 875
116 691
116 332
116 471
116 288
116 246
116 276
117 126
117 504
117 752
117 714
117 153
117 362
117 350
118 562
118 968
118 419
118 349
119 921
119 868
119 783
120 310
120 187
120 622
120 231
120 146
121 858
121 394
121 242
121 256
121 568
121 973
121 523
121 380
122 798
122 644
122 950
123 669
123 820
123 791
124 852
124 492
124 921
124 805
124 951
125 305
125 873
125 922
126 393
126 754
127 904
127 758
127 382
127 430
128 232
128 594
128 193
128 395
128 154
129 162
129 290
129 138
129 423
129 201
129 387
129 550
129 308
130 360
130 627
131 381
131 194
131 380
131 762
131 607
132 209
132 508
132 151
132 600
132 986
132 751
132 248
132 550
133 650
133 174
133 514
133 150
133 503
134 893
134 272
134 320
134 873
134 412
134 616
134 245
134 691
135 742
135 394
135 187
135 179
135 647
135 317
135 450
136 680
136 199
136 423
136 224
136 532
137 285
137 767
137 311
137 224
137 335
137 268
137 963
137 690
138 222
138 422
138 152
138 300
138 301
138 485
139 320
139 726
139 752
139 163
140 241
140 175
140 703
141 447
141 306
141 146
141 198
141 219
141 341
141 606
141 203
142 557
142 252
143 347
143 496
144 308
144 668
144 155
144 326
144 403
144 502
144 333
144 485
145 596
145 276
145 438
146 488
146 783
146 661
147 977
147 528
148 473
148 735
148 300
148 771
148 199
148 705
149 859
149 282
149 442
149 186
150 238
150 632
150 436
150 609
150 977
150 735
150 626
151 684
151 891
151 384
151 314
151 306
152 708
152 540
152 478
153 177
153 540
154 789
154 394
154 516
154 165
154 367
154 243
154 947
155 836
155 283
155 965
155 625
155 972
156 235
156 788
156 531
156 619
156 666
156 289
157 209
157 213
157 855
158 796
158 665
158 433
159 598
159 665
160 779
160 820
160 474
160 623
161 815
161 861
161 886
162 592
162 769
162 258
162 211
162 704
163 360
163 830
163 823
164 782
164 278
164 587
164 230
165 534
165 521
165 685
165 810
165 481
165 526
165 262
166 198
166 866
166 561
166 831
167 288
167 979
167 346
167 319
168 379
168 737
169 189
169 181
169 683
169 523
170 862
170 919
170 533
171 317
171 250
171 520
171 784
172 179
172 331
172 678
173 568
173 987
173 252
174 284
174 666
174 519
174 551
174 803
175 537
176 967
176 806
176 378
176 467
176 366
177 800
177 188
177 383
177 350
177 566
177 286
178 192
178 830
178 653
178 721
178 361
179 368
179 847
179 295
180 763
180 653
180 520
181 651
181 566
181 707
181 231
182 234
182 673
182 270
182 867
183 704
183 462
183 961
183 772
184 231
184 208
184 924
184 329
184 301
184 491
184 281
185 340
185 623
185 913
186 333
186 315
186 481
186 893
186 691
187 278
187 776
187 204
188 728
188 783
189 853
189 500
189 536
189 903
189 578
189 466
189 193
189 944
189 553
189 472
190 317
190 912
190 758
190 304
190 580
191 287
191 583
192 968
192 498
192 908
193 877
194 798
194 355
195 264
195 252
195 457
195 258
195 506
196 409
196 994
197 557
197 233
197 923
198 451
198 878
198 424
198 516
198 330
198 207
198 571
199 579
199 211
199 417
199 276
199 904
200 558
200 600
200 834
200 250
201 341
201 237
201 580
201 512
201 927
201 480
201 396
201 842
202 510
202 757
202 613
203 950
204 442
204 713
204 857
205 293
206 312
206 357
206 304
206 692
206 413
206 537
206 824
206 696
207 794
207 245
207 355
208 700
208 216
208 787
208 853
209 368
209 748
210 763
210 342
210 332
211 242
211 256
211 386
211 613
212 662
212 825
212 719
213 309
213 429
213 714
213 764
214 245
215 768
215 620
215 222
215 982
216 681
216 412
216 824
217 749
217 869
217 499
218 959
218 297
218 781
219 353
219 251
219 245
219 827
220 765
220 915
220 527
221 279
221 595
221 256
221 832
221 394
222 779
222 243
222 794
223 943
223 394
223 434
224 237
224 286
224 561
225 862
225 320
225 717
225 616
226 895
226 567
228 970
228 409
229 234
229 991
230 235
230 385
231 448
231 241
231 358
231 653
231 894
231 792
232 802
232 349
232 559
233 553
233 536
233 445
234 765
234 341
234 790
234 527
234 237
235 297
235 796
235 501
235 731
235 805
236 534
236 885
236 578
237 761
237 872
237 322
238 997
238 268
238 441
238 435
238 378
239 745
239 337
240 311
240 727
240 462
241 769
241 247
241 963
241 638
242 831
242 597
242 308
242 908
242 761
243 471
243 836
244 734
244 804
244 411
245 378
245 336
246 299
246 271
246 919
247 744
247 710
247 750
248 262
248 650
248 768
249 864
249 266
250 999
250 280
251 778
251 906
251 321
252 400
252 404
253 838
253 736
254 747
254 711
254 723
254 985
254 831
255 697
255 662
255 640
256 275
256 473
256 399
257 460
257 332
257 474
258 425
258 372
258 980
259 660
259 629
260 897
260 422
260 453
260 487
260 407
260 789
260 342
261 538
261 451
261 437
261 263
262 534
263 823
264 964
265 416
266 647
266 500
266 514
267 630
267 595
267 442
267 850
267 689
267 890
268 585
268 412
269 345
269 529
270 407
270 757
270 301
271 670
271 522
272 848
272 329
273 303
273 377
273 335
273 367
273 372
273 578
273 938
274 701
274 643
274 336
274 285
274 874
275 894
275 290
276 433
276 926
276 281
277 278
277 586
277 986
279 993
279 498
280 413
280 281
281 599
282 660
283 724
283 288
283 879
283 424
283 490
283 523
283 699
283 359
284 548
285 962
285 839
286 737
286 449
286 486
286 357
286 591
287 770
287 478
288 989
288 541
289 535
289 522
290 326
290 660
291 343
291 920
292 774
292 337
293 721
294 672
295 318
295 762
295 960
296 367
296 869
296 517
297 601
297 404
298 528
298 531
298 300
299 755
300 462
301 345
301 418
302 428
302 365
302 928
303 382
303 614
304 395
304 604
304 654
305 867
305 914
306 815
306 328
306 995
306 480
306 364
306 386
306 449
306 562
307 463
307 539
307 755
308 941
309 837
309 515
310 323
310 841
310 636
311 414
311 644
311 469
312 477
312 440
313 531
313 405
313 711
313 745
314 444
314 400
314 723
315 694
315 993
315 731
315 368
316 456
316 795
316 998
317 875
318 441
319 986
319 599
320 727
320 452
321 827
321 736
321 358
323 806
323 627
324 438
325 942
325 702
326 974
326 548
327 893
327 386
327 800
328 577
329 794
330 935
330 628
331 530
332 767
332 801
332 439
334 555
334 547
334 528
335 374
336 949
337 740
337 479
337 897
338 384
338 708
338 603
339 944
339 657
339 443
340 432
340 605
340 848
341 380
341 521
342 676
342 844
343 390
344 456
344 381
344 515
345 487
345 731
345 610
346 361
346 674
347 791
347 637
347 437
348 697
348 482
349 983
350 469
350 483
351 624
352 804
352 431
353 878
353 816
353 785
353 681
354 829
354 826
355 748
356 833
356 606
357 749
358 949
358 393
358 575
359 576
360 533
360 742
362 433
362 380
363 842
363 867
364 453
366 903
366 672
367 558
367 706
368 652
368 946
368 659
368 865
368 721
369 559
369 383
370 477
370 746
371 770
371 716
372 858
372 789
372 890
373 793
373 808
373 970
374 982
375 449
375 897
376 443
376 388
376 989
377 564
379 617
379 880
380 583
381 721
381 427
382 482
383 682
385 687
385 813
386 529
386 558
387 693
387 781
387 517
389 895
389 882
389 503
390 821
390 807
390 546
390 458
390 663
390 704
391 897
391 397
391 987
391 953
392 761
392 814
393 941
394 850
395 501
396 639
398 575
398 455
398 901
398 525
399 984
400 426
400 835
400 999
401 556
401 939
402 818
402 990
402 827
402 658
404 672
404 993
404 656
405 813
405 517
406 692
406 774
407 963
407 860
408 976
408 823
408 666
408 822
410 506
411 762
411 439
411 689
411 499
411 924
412 513
412 467
413 788
414 510
415 698
416 688
416 530
416 856
417 726
417 686
419 785
419 978
419 886
420 646
421 632
421 541
422 949
423 600
424 776
425 656
425 468
426 649
426 886
426 624
426 962
428 572
428 451
429 543
429 880
430 631
430 804
431 976
431 870
431 862
435 521
435 625
436 693
436 930
437 984
439 787
440 480
440 555
441 615
444 469
445 554
445 784
446 856
446 969
447 634
447 522
447 502
448 570
449 558
450 626
450 537
451 507
453 455
454 634
454 546
455 573
456 778
457 706
459 852
459 632
460 597
460 771
461 837
461 848
461 464
462 926
463 474
464 868
465 863
465 796
467 656
467 480
468 764
468 611
468 524
469 551
470 564
470 917
470 613
474 841
475 698
475 979
476 718
476 499
477 748
477 727
478 883
479 777
479 761
479 645
480 602
481 978
481 502
482 601
483 734
485 790
486 530
488 602
488 606
489 797
489 840
490 729
491 795
492 891
493 590
494 887
494 822
494 545
494 736
495 948
496 916
496 911
497 690
497 792
498 550
500 721
500 817
500 776
501 836
501 940
502 913
503 744
504 658
505 905
505 544
506 959
506 668
507 704
507 955
507 984
507 942
508 621
508 516
509 737
509 854
510 708
511 695
511 607
511 799
512 670
512 611
513 945
514 636
516 869
517 978
518 980
519 583
520 702
520 620
521 753
524 966
526 567
527 899
527 598
528 549
528 542
530 931
530 621
532 553
532 604
532 933
533 616
533 593
535 646
535 933
537 756
538 908
539 732
540 693
541 859
542 944
543 969
544 905
547 793
547 726
547 617
548 766
548 742
548 874
549 899
549 885
551 607
552 967
552 995
553 779
554 738
555 966
556 919
556 594
557 844
558 658
560 935
562 747
562 981
563 608
563 641
563 733
564 901
565 698
565 756
565 996
566 988
567 595
567 910
569 923
569 964
570 930
570 579
572 733
572 995
572 934
573 584
573 930
574 667
574 955
575 716
576 773
579 922
580 710
581 826
582 676
582 687
583 865
584 953
585 757
586 760
586 649
587 607
588 609
588 979
589 627
589 629
589 813
590 895
590 887
591 651
592 729
593 639
594 880
595 679
596 898
596 997
598 718
599 787
600 768
602 894
602 849
603 794
604 844
605 636
605 712
608 970
609 631
612 777
614 641
615 983
615 971
616 948
618 744
618 761
619 695
622 643
622 833
623 900
624 876
624 715
625 845
626 840
626 955
627 932
631 773
632 895
632 645
632 797
633 852
633 712
635 687
638 888
638 778
639 647
640 718
642 728
644 990
645 912
648 675
650 725
650 734
651 677
652 870
652 690
654 832
655 663
655 676
655 843
657 809
657 907
661 992
662 712
666 911
667 957
667 717
668 749
671 695
672 896
673 853
673 960
674 811
674 841
676 858
677 755
677 950
678 875
679 952
680 882
683 715
684 772
685 988
686 751
686 861
687 940
690 876
692 972
693 864
700 793
701 973
702 774
703 864
703 765
707 990
709 934
709 747
710 957
711 983
714 779
717 932
719 939
720 947
722 812
722 775
725 998
728 755
729 934
730 877
730 806
731 809
733 809
733 969
738 828
738 896
740 784
741 863
741 803
743 745
743 959
750 927
750 952
751 881
753 778
754 850
756 828
758 883
759 965
760 794
763 816
763 790
764 766
767 847
770 962
771 992
772 795
775 891
780 900
782 833
783 889
785 975
786 884
786 950
791 938
796 851
797 887
797 991
800 883
801 835
802 966
805 965
807 922
808 933
812 865
815 820
816 868
817 861
819 889
819 893
819 839
821 916
822 956
824 913
824 896
826 945
827 917
828 858
835 980
839 914
843 929
849 952
850 931
851 958
851 936
854 997
857 956
859 871
860 961
866 910
872 964
876 946
884 904
884 925
890 902
893 994
896 918
901 996
902 961
906 994
907 974
909 915
916 917
920 953
921 991
926 941
929 996
936 956
937 942
938 973
939 985
943 954
954 981
957 998
