0 1
0 2
0 3
0 4
0 5
0 6
0 8
0 9
0 12
0 13
0 18
0 28
0 29
0 32
0 36
0 42
0 43
0 45
0 49
0 54
0 60
0 62
0 69
0 76
0 81
0 98
0 105
0 114
0 116
0 134
0 136
0 137
0 141
0 146
0 155
0 161
0 167
0 169
0 171
0 176
0 186
0 203
0 208
0 229
0 231
0 244
0 267
0 280
0 289
0 292
0 306
0 327
0 343
0 352
0 365
0 412
0 420
0 441
0 449
0 455
0 461
0 474
0 536
0 542
0 544
0 547
0 573
0 605
0 609
0 610
0 627
0 648
0 659
0 692
0 698
0 736
0 745
0 766
0 800
0 805
0 806
0 813
0 843
0 865
0 884
0 914
0 982
1 2
1 3
1 8
1 11
1 16
1 17
1 223
1 14
1 28
1 31
1 149
1 864
1 532
1 63
1 10
1 395
1 644
1 789
1 146
1 168
1 203
1 882
1 224
1 742
1 114
1 573
1 210
1 312
1 24
1 808
1 545
1 367
1 172
1 802
1 460
1 462
1 564
1 919
1 414
1 83
1 867
1 228
1 93
1 412
1 110
1 176
1 838
1 601
1 41
1 506
1 757
2 3
2 214
2 872
2 7
2 828
2 12
2 14
2 15
2 19
2 21
2 22
2 23
2 13
2 29
2 30
2 89
2 39
2 40
2 188
2 46
2 47
2 50
2 61
2 537
2 392
2 75
2 79
2 305
2 77
2 119
2 922
2 926
2 69
2 259
2 973
2 201
2 203
2 84
2 229
2 78
2 319
2 324
2 43
2 684
2 429
2 767
2 788
2 175
2 473
2 166
2 480
2 498
2 502
2 504
2 660
2 892
2 102
2 418
2 337
2 68
2 11
2 755
2 8
2 440
2 87
2 876
2 385
2 357
2 662
2 708
2 333
2 733
2 133
2 938
2 16
2 194
2 818
2 165
2 307
2 207
2 241
2 564
2 906
2 913
2 932
2 677
2 960
3 4
3 5
3 6
3 7
3 402
3 10
3 11
3 15
3 639
3 17
3 18
3 20
3 205
3 142
3 34
3 47
3 60
3 61
3 78
3 833
3 107
3 111
3 9
3 885
3 397
3 140
3 640
3 70
3 153
3 611
3 164
3 165
3 504
3 168
3 170
3 195
3 847
3 188
3 243
3 212
3 228
3 215
3 39
3 883
3 245
3 257
3 362
3 939
3 411
3 706
3 260
3 301
3 302
3 191
3 157
3 76
3 263
3 424
3 225
3 759
3 544
3 221
3 186
3 276
3 396
3 211
3 608
3 578
3 753
3 897
3 75
3 557
3 119
3 964
3 49
3 658
3 669
3 23
3 25
3 42
3 361
3 926
3 549
3 48
3 102
3 89
3 298
3 54
3 148
3 435
3 24
3 516
3 857
3 99
3 101
3 28
3 128
3 950
3 334
3 462
3 976
4 806
4 37
4 189
4 620
4 70
4 562
4 116
4 11
4 929
4 194
4 486
4 874
4 59
4 94
4 656
4 652
4 50
4 299
4 253
5 140
5 6
5 7
5 10
5 11
5 14
5 24
5 457
5 32
5 687
5 239
5 51
5 55
5 62
5 64
5 66
5 792
5 617
5 45
5 258
5 96
5 104
5 208
5 35
5 114
5 265
5 726
5 127
5 106
5 947
5 138
5 143
5 149
5 153
5 820
5 90
5 196
5 467
5 219
5 777
5 407
5 781
5 299
5 97
5 128
5 245
5 315
5 807
5 279
5 274
5 334
5 339
5 342
5 345
5 61
5 158
5 271
5 210
5 396
5 216
5 182
5 501
5 195
5 314
5 570
5 576
5 330
5 622
5 63
5 634
5 867
5 773
5 580
5 275
5 176
5 698
5 131
5 734
5 19
5 107
5 620
5 16
5 801
5 812
5 662
5 147
5 144
5 52
5 42
5 85
6 119
6 19
6 219
6 21
6 226
6 770
6 26
6 27
6 36
6 133
6 681
6 55
6 334
6 70
6 351
6 76
6 151
6 11
6 161
6 200
6 979
6 210
6 241
6 260
6 264
6 293
6 9
6 28
6 386
6 322
6 779
6 24
6 460
6 648
6 135
6 560
6 570
6 23
6 412
6 639
6 7
6 56
6 704
6 700
6 159
6 144
6 47
6 746
6 25
6 280
7 9
7 13
7 15
7 19
7 42
7 824
7 46
7 47
7 103
7 415
7 200
7 109
7 122
7 180
7 889
7 248
7 148
7 11
7 186
7 272
7 236
7 77
7 294
7 317
7 339
7 24
7 371
7 397
7 402
7 428
7 518
7 458
7 600
7 261
7 21
7 482
7 776
7 132
7 942
7 20
7 537
7 72
7 967
7 205
8 711
8 74
8 50
8 58
8 86
8 95
8 837
8 113
8 28
8 260
8 125
8 195
8 46
8 440
8 201
8 24
8 210
8 45
8 271
8 41
8 264
8 12
8 651
8 261
8 17
8 232
8 428
8 497
8 127
8 386
8 732
8 561
8 569
8 267
8 975
8 669
9 150
9 10
9 20
9 30
9 39
9 505
9 93
9 97
9 91
9 314
9 403
9 306
9 16
9 42
9 67
9 528
9 56
9 456
9 190
9 636
9 622
9 687
9 238
9 233
9 133
9 18
9 939
10 12
10 21
10 24
10 26
10 33
10 70
10 107
10 137
10 60
10 391
10 468
10 266
10 672
10 363
10 836
10 82
10 539
10 844
10 19
10 878
10 619
10 799
10 83
10 392
10 85
10 92
10 27
10 634
10 927
10 498
10 133
11 296
11 569
11 260
11 131
11 309
11 943
11 172
11 527
11 54
12 14
12 17
12 483
12 35
12 48
12 52
12 166
12 625
12 72
12 636
12 89
12 792
12 486
12 82
12 265
12 278
12 308
12 375
12 42
12 368
12 165
12 155
12 466
12 856
12 570
12 490
12 562
12 543
12 366
12 379
12 44
12 401
12 23
12 230
12 408
12 116
12 316
13 976
13 73
13 972
13 72
13 521
13 88
13 382
13 310
13 814
13 797
13 964
13 766
13 473
13 110
13 133
14 21
14 40
14 37
14 39
14 49
14 91
14 80
14 251
14 521
14 268
14 107
14 28
14 195
14 583
14 188
14 124
14 128
14 897
14 240
14 931
14 231
14 963
15 27
15 56
15 29
15 351
15 272
15 461
15 358
15 212
15 604
15 92
15 527
15 442
15 990
15 159
16 454
16 544
16 30
16 191
16 968
16 298
16 249
16 121
16 20
16 730
16 174
16 853
16 406
16 387
16 274
16 290
16 714
16 309
16 35
16 330
16 999
16 52
16 24
16 928
16 599
16 62
16 682
16 248
16 211
16 804
17 25
17 35
17 143
17 51
17 98
17 52
17 111
17 140
17 243
17 555
17 294
17 352
17 411
17 286
17 192
17 743
17 75
17 55
18 684
18 208
18 945
18 35
18 611
18 147
18 651
18 226
18 549
18 385
18 391
19 22
19 41
19 52
19 53
19 65
19 84
19 828
19 609
19 466
19 72
19 36
19 26
19 35
19 354
19 370
19 561
19 724
19 972
19 25
19 78
19 383
19 172
19 54
20 75
20 110
20 71
20 80
20 120
20 237
20 248
20 739
20 194
20 944
20 397
20 150
20 799
20 238
20 45
20 537
20 28
20 72
20 233
20 66
21 132
21 92
21 387
21 76
21 810
21 156
21 608
21 215
21 390
21 617
21 270
21 384
21 297
21 321
21 787
21 39
21 28
21 815
21 440
21 224
21 460
21 140
22 286
22 415
22 904
22 598
22 207
22 663
22 403
23 214
23 447
23 289
23 291
23 24
23 60
23 276
23 674
23 721
23 531
23 895
24 131
24 56
24 151
24 65
24 84
24 554
24 76
24 54
24 494
24 432
24 227
24 331
25 747
25 928
25 28
25 212
25 34
25 402
25 434
26 959
26 34
26 227
26 414
26 761
26 643
26 462
26 591
27 62
27 122
27 610
27 181
27 433
27 345
27 464
27 398
27 413
27 417
27 291
27 93
27 112
27 124
27 860
27 689
27 28
28 402
28 461
28 41
28 79
28 510
28 74
28 614
28 110
28 131
28 522
28 320
28 212
28 439
28 176
28 180
28 303
28 137
28 111
28 117
28 792
28 260
28 288
28 333
28 432
28 400
28 224
28 123
28 512
28 75
28 589
28 620
28 346
28 436
28 368
28 242
28 35
28 810
28 414
28 165
29 108
29 470
29 452
29 359
29 675
30 534
30 67
30 131
30 277
30 778
30 217
30 803
30 362
30 425
30 825
30 519
30 446
30 104
31 75
31 835
31 382
31 101
31 139
31 133
31 653
31 105
31 200
31 705
31 129
32 421
32 131
32 291
32 99
32 222
32 430
33 919
33 97
33 322
33 141
33 770
33 551
33 276
33 861
34 77
34 61
34 106
34 960
35 525
35 203
35 146
35 284
35 74
35 407
35 484
35 796
35 504
35 236
36 433
37 163
37 86
37 68
37 310
37 408
37 546
37 919
37 200
38 509
38 198
38 322
39 118
39 48
39 58
39 122
39 497
39 750
39 260
39 153
39 315
39 378
39 345
39 597
39 246
39 640
39 155
39 776
39 426
39 894
39 542
39 899
39 44
39 372
39 331
40 336
40 352
40 359
40 231
40 96
40 821
40 112
40 490
40 640
41 241
41 131
41 84
41 53
41 76
41 326
41 314
41 351
41 647
41 85
41 497
41 56
41 114
41 366
41 823
41 501
42 287
42 43
42 139
42 85
42 535
42 362
42 50
42 739
42 935
42 84
42 737
42 360
43 328
43 92
43 118
43 309
43 572
43 286
43 594
43 601
43 91
43 392
43 258
43 463
43 65
43 93
43 782
43 672
44 541
44 931
44 271
44 667
44 75
44 494
44 963
44 554
44 169
44 173
44 198
44 314
44 350
44 221
44 538
44 205
44 969
44 411
44 157
44 131
44 668
44 765
44 101
45 579
45 46
45 990
45 980
45 557
45 759
45 269
45 345
45 772
45 987
46 701
46 78
46 846
46 109
46 48
46 178
46 304
46 218
46 287
46 330
46 934
46 571
46 460
46 844
46 791
47 78
47 90
47 784
47 230
47 254
47 843
47 725
47 945
47 520
47 599
47 435
47 64
47 877
48 115
48 55
48 153
48 65
48 68
48 155
48 195
48 176
48 271
48 559
48 396
48 342
48 101
48 205
48 873
48 958
49 934
49 663
49 52
49 370
49 73
49 866
49 65
49 143
49 440
49 255
49 745
49 496
50 77
50 52
50 310
50 252
50 191
50 465
50 412
50 620
50 678
51 315
51 997
51 130
51 88
51 575
51 507
51 89
51 758
51 849
52 91
52 54
52 68
52 82
52 493
52 727
52 155
52 62
52 929
52 250
52 171
52 435
52 123
52 472
52 362
52 300
52 649
52 95
52 396
52 310
53 741
53 506
54 59
54 94
54 914
54 194
54 488
54 291
54 602
54 667
54 438
55 697
55 365
55 154
55 878
55 202
55 523
55 432
55 625
55 175
55 89
56 633
56 204
56 225
56 123
56 563
56 513
56 415
56 117
57 452
57 621
57 246
57 363
57 133
57 269
57 850
58 156
58 852
58 275
58 385
59 159
59 747
59 418
59 323
59 485
59 314
59 394
59 180
59 139
59 77
60 353
60 150
60 89
60 99
60 419
60 338
60 110
60 378
60 930
61 306
61 914
61 412
61 230
61 818
61 464
61 987
61 288
61 370
61 99
62 80
62 106
62 95
62 295
62 109
62 692
62 416
62 203
62 103
62 441
62 179
62 719
63 842
63 276
63 825
63 911
63 336
64 207
64 353
64 439
64 223
64 969
64 197
65 80
65 93
65 96
65 121
65 225
65 289
65 588
65 738
65 149
65 160
65 810
66 408
66 468
66 249
66 153
66 170
66 500
66 657
66 457
67 160
67 451
67 421
67 362
67 125
67 960
68 121
68 509
68 143
68 410
68 135
68 166
68 974
68 353
68 538
68 338
69 698
69 196
69 194
69 76
69 690
70 582
70 692
70 371
70 187
70 77
70 926
71 442
71 190
71 805
71 349
72 402
72 293
72 108
72 118
72 135
72 252
72 335
72 328
72 86
72 462
72 632
72 600
72 698
72 399
73 205
73 269
73 426
73 261
73 266
73 273
73 336
74 711
74 299
74 120
74 984
74 902
74 112
74 82
74 146
74 184
74 614
75 729
75 226
75 512
75 704
75 407
75 205
75 795
76 317
76 86
76 262
76 130
76 373
76 162
76 212
76 869
76 323
76 379
76 123
76 592
76 690
76 763
77 535
77 81
77 500
78 486
78 182
78 140
78 699
78 275
78 360
78 361
78 167
78 520
78 148
78 336
78 762
78 99
79 213
79 93
79 172
79 415
79 885
79 143
79 807
79 512
80 113
80 295
80 680
80 678
80 898
81 405
81 101
82 795
82 97
82 956
82 278
82 132
82 523
82 471
82 243
82 109
82 790
82 314
82 347
82 380
82 489
82 700
82 428
82 661
82 392
82 886
82 829
82 987
83 734
83 101
83 193
83 554
83 250
83 464
83 484
83 810
83 577
83 379
83 957
84 209
84 406
84 975
84 113
85 332
85 456
85 133
85 645
85 769
85 366
85 331
86 233
86 988
86 336
86 580
87 394
87 476
87 908
87 978
88 703
88 104
88 356
89 696
89 351
90 776
90 145
90 175
90 255
90 511
90 420
90 293
91 890
91 952
91 315
91 390
91 584
91 860
92 336
92 354
92 225
92 904
93 972
93 882
93 113
93 278
93 351
93 676
93 274
93 985
94 983
94 886
94 682
94 119
94 127
95 716
95 234
95 163
95 607
95 691
96 545
96 130
96 609
96 282
96 284
96 296
96 555
96 190
96 970
96 974
97 324
97 531
97 112
97 401
97 391
97 159
97 871
97 754
98 829
98 113
98 317
98 371
98 923
99 393
99 673
99 100
99 116
99 162
99 403
99 272
99 302
99 251
99 687
99 247
99 643
99 712
99 168
99 485
99 910
99 227
100 467
100 595
100 173
100 121
100 408
100 576
100 842
100 254
101 602
101 492
101 237
101 257
102 457
102 434
102 450
103 267
103 416
103 194
103 295
103 330
103 823
103 641
104 128
104 747
104 616
104 639
104 912
104 342
104 244
104 500
105 511
105 572
105 296
106 338
106 283
106 133
106 907
106 149
106 181
106 150
106 513
106 108
107 412
107 959
107 444
108 787
108 418
108 155
108 171
108 487
108 620
108 350
108 719
109 252
109 224
109 793
109 752
110 332
110 539
110 443
111 607
111 280
111 447
112 494
112 884
112 608
113 381
114 820
114 292
114 491
114 563
115 172
115 703
116 144
116 526
116 314
117 478
117 292
117 448
117 342
118 363
118 139
118 521
118 741
118 409
118 943
119 477
119 135
119 348
119 484
119 864
119 232
119 271
119 129
119 674
119 382
119 831
120 666
120 171
120 278
120 400
121 463
121 192
121 571
121 190
121 347
121 134
122 965
122 893
122 602
123 229
123 761
123 697
123 414
123 574
123 154
123 832
124 178
124 655
124 906
124 293
124 590
125 375
125 594
126 358
126 953
126 532
126 924
126 197
127 971
127 144
128 753
128 314
128 187
128 367
128 493
128 296
128 774
129 250
129 562
130 438
131 611
131 162
131 741
131 328
131 830
131 954
131 156
131 428
131 471
131 325
131 323
131 866
131 258
132 723
132 887
132 423
132 246
132 256
132 414
133 633
133 473
133 158
133 170
133 474
133 287
133 852
133 207
133 475
133 525
133 946
133 927
133 165
133 824
133 877
133 752
134 233
134 591
134 435
135 195
135 137
135 167
135 424
135 265
135 693
135 752
136 364
136 399
136 354
136 397
136 222
136 424
137 706
137 834
137 449
137 342
137 525
137 473
137 635
137 902
137 731
138 636
138 167
139 195
140 162
140 189
141 633
141 216
141 389
141 858
142 587
142 213
142 652
143 220
144 857
145 177
145 961
146 969
147 345
147 392
147 332
147 217
147 477
147 979
147 528
147 380
148 281
149 150
149 355
149 163
150 331
150 255
150 220
150 548
150 664
150 574
151 670
151 833
151 413
152 163
152 232
152 334
153 279
153 912
153 363
153 258
153 797
154 303
154 290
154 480
154 695
154 738
155 240
155 257
155 322
155 399
155 292
155 613
155 475
155 210
155 566
155 611
156 539
156 966
156 507
156 255
156 363
156 909
157 869
157 593
158 491
158 258
158 601
158 379
159 831
159 773
160 664
160 997
161 765
161 324
161 509
162 320
162 710
162 574
162 457
162 741
162 559
163 545
163 493
163 170
163 847
163 387
164 848
164 533
164 668
165 191
165 348
165 462
165 374
166 954
166 607
166 400
166 362
166 766
166 192
166 872
167 605
167 444
167 199
167 691
167 577
167 664
167 404
168 531
168 182
168 488
168 800
169 712
169 195
169 985
170 730
170 364
170 516
170 736
170 595
170 594
170 979
170 305
171 301
171 214
172 900
172 174
172 519
173 635
173 250
173 390
173 437
173 175
174 621
174 530
174 549
174 707
174 344
175 807
175 697
176 232
176 393
176 291
176 476
177 497
177 749
177 352
177 518
178 989
178 785
179 861
179 267
179 648
180 198
180 579
180 468
180 631
180 545
180 559
181 661
181 212
181 459
181 356
182 184
182 578
182 207
183 187
183 375
183 772
184 341
184 907
185 360
185 224
185 978
186 560
186 982
186 276
187 409
188 385
188 623
188 653
189 567
189 708
189 855
189 502
189 217
189 381
190 606
190 288
190 266
191 523
192 210
192 574
192 207
192 913
192 626
193 566
193 276
193 876
193 333
193 683
193 359
194 715
194 235
195 395
196 639
196 590
197 543
197 703
197 242
197 476
197 715
197 788
197 329
198 323
199 503
199 225
200 343
200 369
200 568
200 553
200 783
200 368
200 824
201 467
201 482
201 528
201 880
201 715
202 704
202 993
202 255
203 632
203 484
203 524
203 401
203 823
204 681
204 384
204 763
204 455
205 774
206 211
206 553
206 279
206 795
207 841
207 386
207 454
207 991
207 446
207 820
207 948
207 329
207 946
208 473
208 873
208 543
209 462
209 268
209 586
209 964
210 267
210 315
210 360
210 415
210 723
210 678
210 771
210 832
211 375
211 840
211 244
212 372
212 786
212 249
212 546
212 489
212 597
212 594
212 444
213 601
213 532
213 255
214 638
214 336
214 994
215 510
215 626
215 731
215 672
216 617
216 475
216 659
217 679
217 577
217 887
218 619
218 263
218 752
219 289
219 929
219 655
219 247
220 431
220 314
220 350
221 546
221 457
221 749
221 775
222 408
222 571
223 702
223 650
223 950
223 361
223 423
224 702
225 694
226 709
226 252
226 702
226 280
227 350
227 413
227 270
227 836
227 947
228 553
228 930
229 676
229 754
229 816
229 404
229 667
229 237
230 945
230 902
231 334
231 639
231 350
231 707
231 768
231 264
232 385
232 535
232 235
232 462
233 430
233 427
233 498
233 406
234 809
234 261
234 285
234 751
235 240
235 276
236 485
236 479
236 528
237 256
237 358
238 642
238 415
238 466
239 258
239 292
239 412
240 785
240 355
240 467
241 259
241 661
242 858
243 451
243 868
243 339
243 385
243 267
244 283
244 983
244 246
244 754
245 886
245 679
245 376
246 930
247 322
248 355
248 364
249 596
249 357
249 780
249 391
249 499
250 569
251 909
251 573
251 932
252 345
253 308
253 671
253 791
254 853
254 374
254 633
254 487
254 880
255 574
255 492
255 940
255 393
255 587
256 398
257 340
257 436
257 314
257 588
257 392
258 580
259 896
260 309
260 281
261 856
261 881
261 566
262 630
262 694
263 567
263 922
263 489
263 424
264 416
265 443
265 562
265 300
265 891
265 899
266 921
266 374
266 677
267 772
267 334
267 516
268 832
268 644
268 722
268 555
268 297
269 505
269 848
270 592
270 862
271 752
271 431
271 475
272 499
272 310
272 452
272 908
273 619
273 380
273 333
273 771
274 890
275 849
276 713
277 696
277 531
278 647
278 892
279 626
279 424
279 476
280 335
280 529
281 484
281 533
281 591
281 676
282 321
282 878
283 522
284 425
284 572
284 746
284 759
284 492
284 713
285 627
285 434
287 885
287 909
287 358
288 880
288 612
288 435
288 523
289 712
289 923
290 948
290 666
291 315
291 400
291 422
291 378
291 460
291 869
292 317
294 870
295 799
295 424
296 448
296 379
296 596
296 956
297 712
297 866
297 540
298 417
298 306
299 748
299 541
299 614
300 305
300 991
301 725
301 808
302 737
302 418
303 554
303 870
304 325
304 865
305 953
305 668
305 456
305 430
305 539
306 912
306 340
306 409
306 587
307 857
307 463
307 691
307 364
308 845
308 585
308 879
309 682
309 733
310 384
310 581
311 387
311 679
311 618
312 661
312 942
313 753
313 652
313 462
313 833
314 344
314 568
314 438
314 337
314 588
314 625
315 481
315 931
315 586
316 721
316 484
317 501
318 525
318 883
318 796
318 548
318 650
319 748
319 991
319 683
319 988
320 327
320 437
320 641
320 954
320 967
321 999
321 723
321 588
323 998
323 777
323 503
325 968
325 340
325 910
326 510
326 670
327 958
328 468
328 649
328 658
329 788
329 604
329 615
329 495
330 461
331 556
331 604
331 906
332 766
333 715
334 534
334 708
335 349
335 469
336 438
336 398
336 684
336 419
336 976
337 435
337 887
337 862
337 499
338 459
338 933
338 366
339 452
339 524
340 406
341 649
341 852
341 728
342 895
342 743
343 689
343 720
344 701
344 596
345 920
346 391
346 786
347 392
347 893
347 783
348 694
348 860
348 724
349 942
349 433
349 773
350 758
351 515
353 935
353 734
353 761
354 414
354 628
354 532
354 977
355 927
356 425
356 994
356 517
356 778
356 966
357 740
360 718
361 442
361 538
361 936
362 998
365 550
365 918
366 989
366 385
366 622
367 520
367 634
368 408
368 582
369 883
369 623
369 861
370 640
371 389
371 793
372 793
372 901
373 458
373 445
374 728
374 478
374 813
374 962
375 700
375 404
376 730
376 858
376 725
376 465
377 523
377 406
377 757
378 418
378 394
379 492
379 940
380 904
380 424
381 838
381 490
382 971
382 609
383 764
383 518
383 845
387 581
388 648
388 517
388 916
389 683
390 503
390 392
390 397
391 493
391 612
391 418
392 483
392 480
393 846
393 798
393 742
394 961
395 714
395 711
395 793
395 674
396 724
396 949
398 519
398 835
399 751
400 451
401 948
402 758
402 863
402 903
405 603
405 881
405 915
405 602
405 495
406 958
406 490
408 492
408 506
409 811
409 911
409 445
410 739
410 671
410 484
411 702
411 821
412 636
412 760
412 959
413 808
413 827
413 990
413 454
414 581
414 571
414 615
415 427
416 578
417 433
419 684
419 422
420 992
420 896
420 527
420 822
421 680
421 708
421 817
421 740
422 485
422 686
423 778
424 908
424 795
425 592
425 603
425 549
425 905
426 691
427 993
427 817
427 449
427 551
428 517
428 645
429 642
429 746
430 590
430 436
431 734
431 819
432 451
433 570
436 903
436 524
437 770
438 567
439 827
440 715
440 845
441 614
441 631
443 547
443 894
443 627
444 982
445 666
445 624
445 621
446 665
446 455
446 595
447 542
448 939
449 841
450 758
450 592
450 961
451 487
452 977
453 963
453 717
453 742
456 920
458 852
459 951
459 806
460 770
461 638
461 581
462 565
463 502
464 497
464 496
465 941
465 934
466 660
466 756
466 642
467 648
468 584
469 488
469 955
470 657
470 508
471 671
472 970
472 928
472 478
474 699
474 490
475 864
476 996
477 598
478 874
478 744
479 783
479 616
480 970
481 688
481 977
482 881
483 750
484 597
486 995
487 732
487 796
488 552
491 515
493 752
493 583
493 689
494 553
495 530
495 922
495 900
496 603
496 652
496 875
497 550
497 826
498 600
499 811
501 888
501 529
502 577
502 786
503 732
503 879
504 891
504 867
505 995
506 675
506 714
506 615
507 540
508 811
508 999
510 547
511 888
513 843
513 657
514 997
514 816
514 794
514 859
515 778
516 561
516 788
516 781
517 932
519 744
520 637
521 709
522 585
522 868
524 920
525 907
525 638
525 729
526 528
526 767
528 630
529 898
530 835
530 769
533 615
533 552
534 809
534 762
536 889
536 666
537 891
537 555
538 792
540 541
540 779
541 790
542 652
543 740
544 688
545 573
548 738
548 936
549 784
549 872
550 565
551 918
552 654
552 767
554 709
555 849
556 635
556 714
557 573
558 955
558 594
558 758
560 785
560 812
561 965
563 643
564 905
564 794
565 638
566 750
568 762
569 784
569 764
570 924
575 593
575 911
575 815
576 984
579 879
579 833
582 917
582 606
583 932
584 908
584 996
585 854
585 875
586 725
589 733
589 739
590 874
590 797
590 654
591 681
591 967
592 684
593 629
593 650
595 854
597 768
598 727
599 645
601 705
602 971
605 893
606 678
608 705
610 770
611 984
612 955
612 953
613 718
613 698
613 620
614 796
616 641
618 856
618 722
618 685
620 872
620 889
621 901
623 892
624 841
624 826
625 818
628 744
628 935
629 736
629 802
629 915
630 871
631 740
632 998
633 829
633 819
633 934
637 740
637 764
642 694
644 844
644 947
646 949
646 814
646 745
646 884
647 949
649 673
651 952
653 913
654 803
655 830
656 768
656 710
658 957
659 938
660 924
662 834
662 765
663 851
664 693
665 674
665 882
666 779
668 936
669 721
670 743
670 855
672 847
673 921
673 952
675 901
676 821
677 859
678 782
680 781
681 696
681 703
684 685
685 867
685 740
686 812
686 785
687 737
687 815
688 719
690 729
690 696
693 925
695 699
695 705
697 992
697 726
699 975
701 899
703 791
706 917
706 937
707 798
710 828
713 727
713 755
716 850
716 898
716 851
717 951
717 803
717 724
718 981
720 768
720 809
721 822
721 854
721 749
722 916
726 832
728 853
729 842
730 882
731 760
735 775
735 856
735 937
735 827
743 946
748 871
751 846
751 840
755 816
756 794
756 974
757 839
758 813
760 798
763 801
767 851
769 863
771 831
774 941
775 948
777 848
780 957
780 940
782 883
785 980
787 800
789 923
789 805
790 956
791 962
796 865
801 873
802 986
804 933
804 830
807 980
814 941
817 985
819 993
822 897
824 915
825 886
826 838
828 966
834 903
836 943
837 910
837 905
838 995
839 859
839 951
840 894
850 918
855 983
862 944
863 992
868 938
870 873
870 986
872 877
875 895
876 944
888 981
890 921
896 989
900 981
910 950
916 988
917 925
925 968
933 978
937 991
954 994
962 986
965 973
973 996
