0 1
0 2
0 3
0 4
0 5
0 12
0 13
0 18
0 19
0 22
0 391
0 27
0 28
0 36
0 37
0 38
0 42
0 43
0 45
0 49
0 50
0 52
0 53
0 67
0 68
0 74
0 78
0 82
0 89
0 99
0 120
0 135
0 145
0 146
0 170
0 209
0 243
0 281
0 311
0 313
0 337
0 577
0 406
0 437
0 470
0 478
0 480
0 493
0 515
0 519
0 570
0 571
0 590
0 624
0 638
0 652
0 674
0 684
0 700
0 748
0 772
0 790
0 795
0 812
0 831
0 878
0 881
0 954
0 964
1 2
1 3
1 4
1 6
1 7
1 8
1 324
1 19
1 20
1 590
1 810
1 15
1 319
1 35
1 37
1 66
1 67
1 314
1 87
1 262
1 243
1 666
1 164
1 168
1 146
1 564
1 106
1 588
1 72
1 233
1 295
1 362
1 271
1 183
1 821
1 600
1 540
1 352
1 355
1 368
1 57
1 84
1 551
1 478
1 323
1 568
1 584
1 327
1 76
1 615
1 64
1 710
1 716
1 216
1 302
1 853
1 14
1 813
1 823
1 12
1 841
1 157
1 93
1 56
1 678
1 192
1 9
1 848
2 3
2 243
2 7
2 9
2 14
2 560
2 21
2 26
2 71
2 30
2 33
2 72
2 63
2 64
2 68
2 138
2 110
2 85
2 329
2 90
2 179
2 135
2 10
2 43
2 169
2 168
2 185
2 204
2 213
2 45
2 867
2 269
2 732
2 292
2 303
2 50
2 332
2 134
2 397
2 83
2 808
2 463
2 263
2 216
2 516
2 305
2 197
2 991
2 300
2 342
2 642
2 581
2 814
2 66
2 149
2 224
2 203
2 77
3 4
3 5
3 6
3 9
3 12
3 13
3 16
3 19
3 34
3 51
3 371
3 190
3 440
3 73
3 84
3 89
3 97
3 43
3 266
3 106
3 25
3 793
3 128
3 931
3 172
3 185
3 86
3 61
3 248
3 107
3 88
3 24
3 972
3 23
3 105
3 524
3 485
3 511
3 58
3 126
3 114
3 609
3 611
3 776
3 671
3 863
3 634
3 196
3 695
3 716
3 399
3 722
3 590
3 995
3 22
3 536
3 57
3 980
3 7
3 101
3 365
3 115
3 163
3 85
3 720
4 54
4 15
4 922
4 28
4 18
4 238
4 35
4 159
4 44
4 55
4 5
4 74
4 48
4 85
4 91
4 328
4 100
4 920
4 631
4 163
4 7
4 300
4 201
4 516
4 449
4 634
4 253
4 276
4 179
4 89
4 708
4 314
4 57
4 394
4 220
4 60
4 38
4 574
4 382
4 361
4 497
4 838
4 132
4 273
4 288
4 62
4 773
4 724
4 632
4 289
5 845
5 6
5 7
5 8
5 9
5 337
5 29
5 42
5 66
5 204
5 69
5 79
5 190
5 890
5 151
5 399
5 35
5 95
5 44
5 326
5 20
5 439
5 467
5 443
5 391
5 712
5 209
5 917
5 191
5 711
5 610
5 72
5 18
5 246
5 900
5 725
5 511
5 909
6 10
6 11
6 12
6 15
6 358
6 152
6 35
6 48
6 57
6 89
6 105
6 245
6 110
6 122
6 147
6 625
6 229
6 366
6 797
6 343
6 379
6 7
6 662
6 452
6 551
6 535
6 538
6 94
6 303
6 766
6 753
6 32
6 519
6 816
6 210
6 214
6 46
6 908
6 970
6 213
7 112
7 998
7 127
7 15
7 18
7 22
7 933
7 27
7 212
7 34
7 251
7 653
7 56
7 937
7 448
7 344
7 115
7 100
7 111
7 123
7 857
7 126
7 150
7 163
7 177
7 200
7 9
7 216
7 189
7 134
7 53
7 57
7 12
7 927
7 228
7 445
7 60
7 31
7 181
7 588
7 508
7 634
7 102
7 160
7 619
7 88
7 103
7 11
7 179
7 905
7 923
7 728
7 426
7 44
8 691
8 176
8 101
8 24
8 28
8 34
8 42
8 48
8 56
8 38
8 78
8 173
8 84
8 107
8 154
8 158
8 336
8 181
8 390
8 226
8 247
8 266
8 367
8 315
8 430
8 444
8 635
8 497
8 15
8 169
8 788
8 857
8 659
8 90
9 14
9 231
9 20
9 912
9 30
9 33
9 39
9 46
9 50
9 116
9 422
9 108
9 152
9 156
9 338
9 187
9 192
9 15
9 322
9 218
9 175
9 13
9 257
9 165
9 301
9 302
9 776
9 38
9 168
9 126
9 28
9 155
9 544
9 580
9 313
9 335
9 84
9 749
9 891
9 77
9 728
9 178
9 203
9 529
9 815
9 403
9 708
9 263
9 232
9 245
9 106
9 576
9 68
9 994
9 410
9 913
10 187
10 669
10 102
10 75
10 104
10 151
10 542
10 880
10 228
10 638
10 189
10 320
10 474
10 12
10 555
10 56
10 454
10 461
10 108
10 980
11 149
11 132
11 14
11 88
11 89
11 13
11 226
11 126
11 641
12 894
12 370
12 25
12 516
12 44
12 46
12 902
12 347
12 133
12 161
12 164
12 350
12 910
12 241
12 246
12 43
12 17
12 263
12 607
12 534
12 149
13 46
13 210
13 982
13 34
13 411
14 26
14 389
14 28
15 83
15 88
15 41
15 723
15 159
15 71
15 93
15 631
15 812
15 646
15 186
15 214
15 224
15 43
15 496
15 329
15 292
15 80
15 74
15 86
15 57
15 997
15 127
15 610
15 39
15 859
15 280
15 353
15 735
15 47
15 456
15 673
15 197
15 544
15 907
15 287
16 785
16 126
16 710
16 404
16 639
16 22
16 133
16 150
16 44
17 615
17 163
17 245
17 32
17 172
17 219
17 147
17 826
17 749
17 592
17 115
17 366
18 526
18 47
18 48
18 529
18 65
18 81
18 311
18 512
18 163
18 592
18 387
18 26
18 258
18 569
18 132
18 832
18 787
18 373
18 329
18 207
18 173
18 402
19 79
19 88
19 170
19 20
19 211
19 258
19 37
19 399
19 389
19 596
19 892
19 61
19 743
19 252
19 797
19 63
19 439
19 776
19 786
19 979
20 56
20 265
20 709
20 82
20 258
20 281
20 168
20 173
20 74
20 335
20 234
20 226
20 890
20 454
20 978
20 44
20 738
20 123
20 936
20 929
21 431
21 151
21 25
21 39
21 51
21 159
21 448
21 898
21 38
21 605
21 926
21 404
22 396
22 297
22 174
22 100
22 148
22 609
22 42
22 43
22 439
22 879
23 784
23 748
23 493
23 433
23 126
24 684
24 641
24 33
24 41
24 53
24 269
24 271
24 886
24 221
24 651
24 570
24 223
24 385
24 114
24 26
24 513
24 352
24 368
24 336
24 47
24 465
24 613
24 532
24 379
24 595
24 384
24 520
24 636
24 734
24 319
24 783
24 689
24 87
24 917
24 983
24 420
24 311
24 39
25 677
25 32
25 189
25 259
25 167
25 83
25 58
25 741
25 122
26 434
26 814
26 766
27 628
27 136
27 38
27 196
27 46
27 836
27 416
27 611
27 69
27 48
27 412
27 947
27 698
28 37
28 44
28 39
28 103
28 123
28 33
28 200
28 297
28 157
28 740
28 73
28 417
28 435
28 565
28 62
28 545
28 50
28 442
28 54
28 205
29 39
29 444
29 272
29 582
29 282
29 604
29 241
29 146
29 613
29 278
29 183
30 40
30 506
30 43
30 57
30 149
30 422
30 411
30 733
31 991
31 441
31 74
31 35
31 62
31 290
31 882
31 738
31 157
32 75
32 308
32 670
32 607
32 452
32 605
32 50
32 178
32 320
32 165
32 233
32 62
33 39
33 821
33 117
33 150
33 202
33 228
33 376
33 269
33 234
33 287
33 331
33 998
33 552
33 611
33 107
33 803
34 37
34 163
34 47
34 863
34 96
34 118
34 465
34 281
34 172
34 976
34 793
34 335
34 290
34 387
34 543
34 873
34 108
34 644
34 126
34 191
35 61
35 322
35 78
35 759
35 176
35 403
35 38
35 132
35 817
35 384
35 419
35 77
35 269
35 214
35 925
35 607
35 328
35 850
35 573
35 233
35 540
36 739
36 83
36 806
36 105
36 453
36 229
36 350
37 40
37 288
37 132
37 857
37 281
37 39
37 48
37 315
37 905
37 540
38 50
38 632
38 62
38 74
38 553
38 249
38 143
38 144
38 145
38 151
38 185
38 219
38 44
38 299
38 240
38 918
38 47
38 85
38 92
38 520
38 380
38 101
38 108
38 637
38 154
38 384
38 827
38 606
38 406
38 222
39 45
39 76
39 702
39 66
39 95
39 101
39 452
39 112
39 738
39 295
39 251
39 220
39 421
39 593
39 672
39 168
39 268
39 151
39 293
39 366
39 377
39 50
39 505
39 166
39 796
39 238
39 146
39 345
39 47
39 258
40 636
40 646
40 832
40 669
40 630
40 804
41 586
41 457
41 119
41 522
42 92
42 378
42 194
43 532
43 142
43 714
43 126
43 508
43 389
43 370
43 154
43 94
43 583
43 201
43 62
43 877
43 120
44 370
44 167
44 114
44 397
44 97
44 46
44 269
44 368
44 278
44 375
44 306
44 115
44 533
45 984
45 58
45 820
45 128
45 307
45 542
45 74
46 52
46 64
46 250
46 303
46 56
46 995
46 328
46 50
46 116
46 508
46 614
46 805
47 99
47 59
47 438
47 157
47 240
47 67
47 138
47 174
47 97
47 452
47 231
47 239
47 108
47 591
47 56
47 210
47 327
47 470
47 605
47 64
47 53
47 193
47 419
47 144
48 53
48 76
48 63
48 92
48 638
48 159
48 213
48 228
48 250
48 501
48 62
48 754
48 340
48 105
49 188
49 689
49 116
49 157
49 293
49 271
49 226
49 742
49 464
49 60
50 738
50 65
50 73
50 896
50 546
50 85
50 920
50 757
50 321
50 109
50 101
50 682
50 426
50 149
50 573
50 886
51 724
51 88
51 105
51 117
51 174
51 304
51 629
51 957
52 647
52 420
52 455
52 842
53 334
53 112
53 322
53 676
53 71
53 195
53 349
53 733
53 123
53 442
53 150
53 723
54 203
54 568
54 826
54 953
54 981
54 65
54 70
54 86
54 846
54 113
54 508
54 713
54 312
54 989
54 291
54 517
54 316
54 833
54 675
54 119
54 156
54 183
54 388
55 591
55 444
55 95
55 874
55 107
55 820
56 72
56 175
56 754
56 897
56 486
56 560
56 327
56 117
56 400
56 138
56 356
56 802
57 789
57 752
57 548
57 949
57 255
57 229
57 545
57 607
57 368
58 219
58 105
58 84
58 120
58 875
58 621
58 76
58 840
58 921
58 107
59 96
59 793
59 392
60 549
60 807
60 332
60 113
60 157
60 190
60 280
60 500
60 447
60 959
61 267
61 339
61 818
61 72
61 501
61 945
61 308
61 198
61 126
62 167
62 147
62 894
62 120
62 712
62 164
62 205
62 373
62 588
62 924
62 374
63 846
63 455
63 370
63 346
63 469
63 127
63 895
64 502
64 393
64 527
64 622
64 122
65 80
65 138
65 364
65 312
65 152
65 564
65 460
65 660
65 529
65 333
65 767
65 222
65 81
66 292
66 361
66 745
66 274
66 557
66 122
66 158
66 996
67 362
67 171
67 204
68 430
68 191
68 524
68 706
68 891
68 257
68 329
68 285
69 556
69 116
69 866
69 877
69 939
69 881
70 235
70 899
70 693
71 663
71 463
71 324
71 449
71 403
71 916
71 585
72 79
72 753
72 372
72 167
72 835
72 93
72 333
72 940
72 449
72 743
72 288
72 667
72 479
72 889
72 499
73 699
73 98
73 91
73 78
73 351
73 583
74 117
74 114
74 232
74 579
74 649
74 134
74 629
74 296
74 113
74 82
74 351
75 84
75 831
75 598
75 189
75 732
75 238
75 218
75 99
76 259
76 98
76 137
76 490
76 155
76 625
76 181
76 123
76 344
76 182
76 529
76 726
76 616
76 808
76 225
76 81
76 87
76 187
76 143
76 278
77 106
77 302
77 419
77 244
77 900
77 303
77 165
77 653
77 243
77 188
78 89
78 526
78 207
78 433
78 876
78 758
78 953
78 508
79 214
79 220
79 83
79 309
79 136
79 172
80 662
80 252
80 477
80 159
80 175
80 408
80 571
80 277
80 457
80 780
80 219
81 298
81 163
81 487
81 579
82 492
82 631
82 910
82 502
82 966
83 778
83 415
83 897
83 602
83 444
83 454
83 745
84 471
84 358
84 532
84 709
84 412
84 250
84 458
84 327
84 477
84 242
84 626
84 817
84 786
84 283
85 371
85 122
85 132
85 154
85 346
85 373
85 892
85 771
85 236
85 97
85 633
86 568
86 259
86 769
87 714
87 444
87 203
87 653
87 237
87 425
87 705
87 810
87 209
87 834
88 299
88 585
88 382
88 445
88 927
88 384
88 958
89 192
89 779
89 206
89 140
89 359
89 570
89 188
89 145
90 327
90 459
90 737
90 562
90 151
90 181
90 904
90 546
90 785
91 913
91 367
91 915
92 423
92 208
92 127
92 484
92 149
92 150
92 724
92 304
93 369
93 215
93 194
93 118
93 545
93 850
93 289
93 211
93 101
93 147
93 420
93 787
93 888
93 173
94 404
94 125
94 504
95 337
95 146
95 381
95 115
95 262
95 330
95 417
96 167
96 416
96 732
96 458
97 174
97 171
97 98
97 852
98 160
98 105
98 181
98 914
98 500
98 777
99 721
99 944
99 235
99 486
99 620
99 212
99 624
100 830
100 155
100 613
101 449
101 563
101 582
101 212
101 404
101 433
101 979
101 489
102 501
102 638
102 360
102 536
102 183
102 286
102 871
102 926
103 264
103 792
103 210
103 440
103 550
103 127
104 964
104 362
104 559
104 770
104 107
104 301
105 791
105 267
105 231
105 298
105 329
105 746
105 450
106 840
106 233
106 719
106 843
106 967
107 800
107 279
107 295
107 346
107 220
107 712
107 659
107 756
107 781
107 702
107 224
107 888
108 144
108 305
108 297
108 678
109 338
109 246
109 555
109 222
109 167
110 161
110 179
110 538
111 303
111 410
111 355
111 482
111 186
112 496
112 786
112 310
112 327
112 870
113 383
113 193
113 214
113 298
113 299
113 946
114 582
114 159
114 697
114 226
114 209
114 189
114 357
114 758
114 526
114 533
114 123
114 136
114 132
115 679
115 809
115 315
115 498
115 611
116 923
116 126
116 219
116 534
116 132
116 173
116 206
116 262
117 608
117 440
117 537
117 474
117 406
117 508
117 357
118 246
118 718
118 159
118 162
118 128
119 305
119 844
120 578
120 208
121 279
121 415
121 961
121 722
122 801
122 312
122 127
122 161
122 193
122 531
122 949
122 488
122 238
122 852
122 471
122 529
123 442
123 973
123 322
123 356
123 970
123 758
124 349
124 851
124 481
124 127
124 527
124 907
125 407
125 163
125 694
125 130
126 394
126 170
126 937
126 893
127 547
127 250
127 300
127 366
127 371
128 297
128 935
128 915
128 635
128 137
128 990
129 184
129 192
129 704
129 178
130 678
130 986
131 152
131 650
131 476
131 179
131 796
132 165
132 978
133 394
133 327
133 531
134 654
134 824
135 190
135 477
135 994
135 541
135 528
135 603
135 870
135 143
135 426
135 173
135 284
136 365
136 332
136 603
136 809
136 719
137 333
137 472
137 160
137 252
137 473
138 147
138 839
138 872
138 278
139 858
139 879
139 273
139 284
139 779
140 385
140 653
140 213
140 574
140 429
140 699
140 389
140 899
140 391
140 397
140 188
140 861
141 159
141 385
141 709
141 187
141 774
141 657
141 451
142 696
142 769
142 372
143 157
143 537
143 284
144 298
144 356
144 807
145 496
145 729
146 178
146 337
146 173
146 441
146 258
146 802
146 511
146 830
146 198
146 976
147 699
147 439
147 370
147 218
147 851
148 796
148 701
148 821
149 223
149 267
149 844
149 405
150 567
150 453
150 265
150 502
150 202
151 294
151 161
151 454
151 272
151 774
151 578
153 182
153 913
153 952
154 613
154 814
154 202
154 314
154 792
154 534
154 855
154 325
154 936
154 500
155 227
155 964
155 292
155 255
155 187
156 397
156 266
157 698
157 327
157 296
157 202
157 774
157 848
158 686
158 349
158 368
158 962
158 676
158 427
158 806
158 177
158 176
158 539
158 965
159 454
159 167
159 416
160 467
160 736
161 341
161 627
161 167
161 616
161 235
162 797
162 630
163 951
163 715
163 906
163 771
163 432
163 558
163 636
164 880
164 565
164 243
164 199
165 410
165 166
165 401
165 658
165 337
165 828
166 987
167 328
167 326
167 969
168 285
168 259
168 421
168 680
169 965
169 479
169 557
169 588
170 776
171 739
171 245
171 489
173 504
173 183
173 551
173 231
173 396
173 250
173 215
173 726
173 467
174 576
174 219
174 573
175 238
175 367
176 372
176 258
176 919
177 536
177 255
177 233
177 374
177 605
178 208
178 189
179 441
179 511
179 399
179 820
179 547
179 331
180 486
180 273
180 836
180 395
180 797
180 214
181 624
181 816
181 841
181 765
181 785
181 235
182 708
182 707
183 460
183 589
183 194
183 384
183 256
184 861
184 497
185 974
185 629
185 855
186 209
186 753
186 585
186 559
187 217
187 293
187 849
187 202
188 653
188 450
188 717
188 535
188 336
188 869
188 252
188 613
188 972
189 837
189 711
190 908
191 864
192 389
192 435
192 292
192 224
192 428
192 768
192 296
192 371
193 988
193 640
193 951
194 324
194 232
194 692
194 263
194 555
194 705
194 423
195 646
195 512
195 285
196 437
196 775
196 293
196 363
196 396
197 469
197 305
197 316
197 736
198 260
199 796
199 662
200 572
200 291
201 804
202 327
203 852
204 693
204 215
204 587
205 482
205 414
205 619
205 248
206 522
206 258
206 420
206 783
207 768
207 457
207 453
207 221
207 899
208 389
208 814
209 941
209 495
210 386
210 971
210 586
210 494
211 892
211 823
211 650
211 241
211 626
211 567
212 270
212 689
212 249
212 656
213 435
213 662
213 702
214 827
214 345
214 416
215 625
216 658
216 234
216 925
217 609
217 312
217 483
217 251
218 521
218 239
218 381
218 980
219 894
219 361
219 287
219 601
219 563
219 388
220 519
221 314
222 497
222 904
223 292
223 813
223 517
224 398
224 593
225 975
225 595
225 735
226 757
226 441
226 557
226 809
226 966
227 762
227 242
227 418
228 540
228 247
229 812
229 719
229 764
230 553
230 539
230 950
231 973
231 256
231 913
231 811
231 467
231 605
231 509
232 958
232 476
233 488
233 761
233 574
234 575
234 626
235 764
236 538
236 257
237 701
237 641
237 835
237 388
238 901
238 800
238 734
239 681
239 628
239 337
239 352
239 757
240 778
240 963
240 317
240 582
241 782
241 995
241 310
242 436
243 692
243 488
244 366
244 441
245 902
245 609
245 990
245 451
245 604
245 264
246 787
246 366
246 489
246 418
246 473
247 348
247 720
248 391
248 631
248 843
249 671
249 955
250 927
250 413
251 619
252 623
252 537
252 572
253 933
253 956
253 254
253 836
253 433
254 524
254 268
254 257
255 963
255 518
256 269
257 276
257 297
257 539
257 284
257 829
257 965
258 460
258 396
258 357
258 993
259 327
260 799
260 729
261 349
261 307
261 519
262 305
262 632
262 664
263 758
263 443
264 396
264 307
264 866
265 328
265 387
265 302
266 525
266 657
266 328
266 530
267 583
267 741
267 497
267 555
268 856
268 891
269 318
269 977
269 491
269 506
269 752
269 703
269 301
270 407
270 357
270 922
271 896
272 416
272 832
273 772
273 394
273 416
273 487
273 599
274 412
274 594
274 790
274 448
274 505
274 353
275 333
275 516
275 845
275 823
276 468
276 454
276 810
276 502
277 525
277 398
277 962
278 682
278 438
278 926
278 473
279 655
279 981
279 319
280 596
280 592
280 655
280 449
280 620
280 829
282 397
282 906
282 317
283 443
283 323
283 295
284 434
285 379
285 286
285 997
285 540
285 321
286 521
286 424
287 679
287 842
288 767
288 750
288 384
289 702
289 533
290 653
290 312
291 502
291 960
293 909
294 737
294 385
295 307
295 573
295 308
295 394
295 598
296 429
297 493
297 950
298 638
299 379
299 376
299 380
300 984
301 751
301 345
303 860
303 401
303 581
303 942
304 482
304 885
304 446
304 585
306 365
306 924
306 915
306 675
307 327
307 699
308 638
309 354
309 550
309 728
309 615
309 767
310 405
311 569
311 618
311 760
311 421
312 571
312 403
312 404
312 835
312 600
313 654
313 611
313 480
313 643
314 357
314 432
314 510
314 784
314 660
314 667
315 956
315 326
315 859
316 546
316 489
316 938
316 751
317 339
317 440
317 738
318 700
318 584
319 895
320 503
320 725
320 847
321 779
321 538
322 985
322 667
322 751
322 453
323 944
323 369
323 580
324 955
325 462
325 942
325 482
325 862
325 986
326 414
327 334
327 730
327 523
327 835
328 652
328 413
329 661
329 637
329 341
329 342
330 928
330 418
331 951
331 499
331 424
331 646
332 354
332 422
332 644
332 625
332 760
333 513
334 471
335 472
335 475
335 720
335 627
336 704
336 360
337 586
337 527
337 553
337 686
337 696
338 880
338 511
339 922
340 549
340 656
341 464
341 479
342 554
343 352
343 709
343 617
343 402
344 669
344 515
344 510
344 626
347 492
347 435
347 648
348 773
348 356
349 626
349 794
350 974
350 432
350 795
351 366
351 485
352 673
353 570
353 854
354 896
355 462
355 448
355 754
356 534
356 403
358 999
359 415
359 364
360 956
360 505
360 883
360 523
360 873
361 731
361 496
361 505
361 504
362 737
362 610
363 498
363 427
363 905
364 376
364 448
364 525
364 396
364 430
365 602
366 410
366 478
366 481
367 566
367 450
368 461
369 865
369 914
370 491
371 522
371 790
373 553
373 594
373 761
374 547
374 532
375 770
375 491
375 722
376 447
376 954
377 627
377 461
378 548
378 541
379 631
379 707
380 847
380 952
380 893
381 438
382 464
382 463
383 985
383 975
383 898
384 910
384 862
386 982
386 615
388 827
388 839
388 502
390 465
390 527
390 510
391 413
391 662
391 671
391 884
392 401
392 426
393 581
393 436
394 628
395 541
395 623
395 490
396 766
396 542
398 763
398 794
398 775
399 664
399 463
400 938
400 747
401 677
401 630
402 687
402 644
402 547
403 789
404 655
404 884
405 661
406 481
407 629
408 719
408 780
408 658
409 711
409 606
409 947
410 492
411 470
412 920
413 988
413 451
413 696
413 743
413 719
413 959
414 618
415 694
415 739
415 513
416 921
416 518
416 614
416 487
417 418
418 704
419 579
419 668
419 451
419 778
420 484
421 856
423 834
423 916
424 958
424 808
425 871
425 948
426 986
426 634
426 698
427 798
428 818
428 714
429 917
429 919
429 532
430 573
431 954
431 598
432 887
433 843
434 478
434 849
435 978
436 989
436 676
437 645
438 501
440 887
441 801
442 935
442 869
443 445
444 477
445 599
446 635
446 459
447 798
448 983
450 670
450 839
451 777
451 589
451 727
453 925
453 480
453 787
453 697
453 825
454 668
455 610
456 623
456 636
456 642
457 555
458 498
459 483
459 728
460 873
460 824
462 506
463 845
463 603
465 825
465 771
466 562
466 685
466 892
467 952
467 477
467 512
468 807
468 639
468 472
469 832
469 552
470 898
470 561
470 935
472 483
473 546
473 899
474 865
474 686
475 601
475 769
475 744
475 690
476 632
476 645
478 516
479 871
479 815
480 659
480 937
481 672
481 556
483 799
484 992
484 963
485 667
486 833
487 959
489 507
490 855
490 660
490 651
491 840
492 561
492 621
494 725
494 731
495 616
495 940
495 614
496 553
496 747
497 594
498 594
498 868
499 600
500 701
500 591
501 981
503 780
503 800
504 907
504 545
505 666
506 621
506 967
507 789
507 857
507 649
509 799
509 528
514 801
514 755
514 738
515 585
515 867
516 908
517 929
518 582
519 548
520 885
521 608
522 865
522 601
523 577
525 846
526 934
528 796
528 757
530 868
530 862
531 839
531 638
531 549
535 762
535 642
536 750
536 597
538 741
539 918
540 817
542 903
542 687
543 970
543 618
543 717
543 883
544 626
545 810
550 870
550 566
550 636
551 685
551 857
552 762
554 722
554 917
556 704
558 733
558 781
559 613
560 921
561 620
562 932
563 568
563 671
564 759
564 802
565 889
566 673
567 737
568 979
569 816
570 866
571 876
572 633
572 664
573 697
574 911
575 650
575 859
576 627
577 710
578 683
579 668
580 648
582 850
583 726
584 941
585 966
585 946
587 716
587 615
588 818
589 603
592 971
592 605
593 695
594 957
594 950
595 683
596 680
597 888
597 948
599 999
600 793
600 822
602 729
602 730
604 756
606 652
607 628
608 919
609 705
611 777
611 761
611 628
612 819
612 831
612 694
613 663
614 724
617 640
617 744
619 874
619 883
620 658
621 818
621 924
622 829
622 982
625 721
632 826
633 847
633 740
634 715
635 668
637 877
638 734
639 737
640 988
641 858
642 918
642 665
643 647
643 875
644 661
644 864
645 755
646 885
646 907
647 706
648 985
649 811
650 688
651 716
653 867
654 680
656 763
657 701
658 901
659 842
660 690
661 715
663 707
664 781
665 853
665 681
666 677
667 687
669 742
670 850
672 960
674 770
674 854
674 930
674 686
675 887
676 929
678 772
679 945
679 928
681 957
682 798
683 932
684 788
685 782
688 946
688 869
690 692
691 788
691 974
691 755
691 833
693 914
695 947
700 761
703 992
703 987
706 926
706 895
712 904
713 971
713 953
717 994
718 902
718 945
719 804
721 942
723 939
724 815
724 789
727 794
727 976
730 733
730 885
731 983
733 739
734 754
735 969
736 861
738 837
738 909
739 783
740 962
742 819
744 795
745 900
746 761
746 884
747 993
748 943
749 863
750 768
750 764
752 874
756 938
759 782
759 856
760 903
763 765
765 788
770 824
773 949
773 906
775 916
775 930
779 972
784 933
785 998
791 931
791 878
792 882
794 826
797 818
803 894
803 912
805 864
805 828
806 975
811 813
813 911
818 968
819 969
822 930
822 968
825 997
826 858
828 893
830 961
830 967
834 851
837 993
838 944
838 943
839 973
841 990
841 911
844 939
848 876
849 996
853 908
854 934
856 860
860 987
863 875
865 872
868 999
872 886
878 912
879 996
881 992
882 940
889 960
890 934
897 903
901 943
901 941
923 948
928 977
931 961
932 991
936 984
955 977
968 989
