0 1
0 2
0 3
0 4
0 6
0 7
0 9
0 16
0 20
0 22
0 33
0 34
0 35
0 43
0 44
0 47
0 52
0 46
0 61
0 75
0 85
0 89
0 92
0 108
0 292
0 113
0 123
0 132
0 147
0 153
0 161
0 170
0 194
0 202
0 229
0 255
0 260
0 273
0 279
0 280
0 281
0 288
0 299
0 403
0 330
0 374
0 392
0 395
0 404
0 437
0 471
0 496
0 608
0 622
0 629
0 635
0 649
0 656
0 680
0 684
0 713
0 736
0 742
0 759
0 799
0 806
0 831
0 870
0 885
0 891
0 961
1 2
1 3
1 211
1 5
1 6
1 7
1 8
1 997
1 11
1 12
1 15
1 16
1 23
1 28
1 159
1 471
1 42
1 490
1 58
1 60
1 265
1 70
1 859
1 9
1 103
1 105
1 107
1 142
1 925
1 192
1 25
1 306
1 387
1 182
1 185
1 186
1 934
1 196
1 340
1 888
1 534
1 213
1 191
1 229
1 151
1 13
1 73
1 54
1 218
1 24
1 691
1 344
1 780
1 644
1 150
1 439
1 775
1 119
1 566
1 525
1 530
1 227
1 118
1 48
1 562
1 21
1 170
1 32
1 165
1 620
1 435
1 660
1 642
1 678
1 363
1 112
1 233
1 35
1 786
1 134
1 677
1 270
1 853
1 390
1 591
1 193
1 358
1 460
1 401
1 247
1 101
1 231
2 3
2 4
2 699
2 6
2 13
2 819
2 15
2 32
2 38
2 40
2 352
2 7
2 434
2 99
2 96
2 856
2 65
2 144
2 211
2 5
2 47
2 67
2 464
2 291
2 165
2 45
2 289
2 243
2 295
2 555
2 88
2 34
2 603
2 8
2 824
2 357
2 28
2 19
3 178
3 209
3 12
3 13
3 30
3 522
3 35
3 291
3 182
3 409
3 299
3 127
3 423
3 155
3 96
3 844
3 40
3 277
3 48
3 570
3 133
3 316
3 34
3 97
3 999
3 393
3 821
3 125
3 119
3 60
3 500
3 541
3 45
3 414
3 47
3 31
3 81
3 706
3 721
3 18
3 805
3 543
4 193
4 724
4 12
4 16
4 18
4 19
4 21
4 14
4 26
4 33
4 37
4 38
4 365
4 45
4 573
4 55
4 877
4 625
4 73
4 328
4 183
4 106
4 114
4 124
4 126
4 509
4 436
4 166
4 173
4 180
4 184
4 208
4 211
4 225
4 690
4 103
4 186
4 90
4 262
4 266
4 269
4 288
4 514
4 314
4 356
4 274
4 148
4 732
4 521
4 214
4 484
4 383
4 488
4 87
4 789
4 545
4 879
4 372
4 25
4 6
4 794
4 17
4 256
4 817
4 793
4 302
4 70
4 23
4 260
4 307
4 146
4 257
4 520
4 412
4 666
4 264
5 96
5 712
5 10
5 498
5 23
5 28
5 149
5 53
5 39
5 12
5 990
5 57
5 94
5 230
5 121
5 327
5 70
5 658
5 16
5 47
5 77
5 290
5 294
5 540
5 6
5 379
5 505
5 7
5 512
5 108
5 95
5 40
5 654
5 167
5 128
5 145
5 45
6 8
6 9
6 389
6 11
6 13
6 36
6 20
6 101
6 826
6 31
6 40
6 23
6 48
6 566
6 56
6 419
6 62
6 220
6 100
6 103
6 116
6 552
6 435
6 624
6 38
6 208
6 216
6 992
6 259
6 37
6 338
6 372
6 623
6 551
6 82
6 111
6 484
6 76
6 679
6 558
6 568
6 21
6 601
6 556
6 121
6 657
6 295
6 700
6 849
6 301
6 73
6 738
6 78
6 798
6 799
6 159
6 379
6 50
6 994
6 89
6 24
6 154
6 378
6 176
7 60
7 8
7 9
7 11
7 14
7 15
7 37
7 313
7 27
7 764
7 43
7 199
7 192
7 411
7 82
7 234
7 137
7 212
7 831
7 274
7 116
7 284
7 172
7 315
7 334
7 87
7 452
7 56
7 135
7 341
7 798
7 99
7 188
7 58
7 163
7 231
7 934
7 432
8 14
8 21
8 832
8 936
8 692
8 180
8 389
8 203
8 22
8 108
8 112
8 593
8 706
8 867
9 15
9 135
9 94
9 102
9 110
9 260
9 88
9 343
9 145
9 181
9 153
9 266
9 720
9 100
9 189
9 177
9 23
10 363
10 45
10 96
10 27
10 139
10 161
10 218
10 162
10 82
10 231
10 311
10 48
10 51
10 521
10 981
10 14
10 558
10 71
10 598
11 21
11 205
11 34
11 41
11 44
11 789
11 617
11 70
11 73
11 85
11 398
11 95
11 101
11 24
11 12
11 137
11 164
11 295
11 195
11 833
11 676
11 512
11 268
11 35
11 277
11 38
11 697
11 236
11 120
11 53
11 180
11 394
11 23
11 423
11 430
11 702
11 470
11 482
11 611
11 15
11 19
11 416
11 125
11 782
11 103
12 372
12 26
12 31
12 166
12 37
12 45
12 48
12 56
12 545
12 62
12 63
12 64
12 75
12 88
12 93
12 104
12 141
12 132
12 222
12 666
12 251
12 221
12 111
12 178
12 270
12 366
12 183
12 754
12 921
12 68
12 36
12 501
12 13
12 128
12 680
12 625
12 627
12 145
12 296
12 338
12 391
12 477
12 757
13 17
13 253
13 60
13 120
13 63
13 66
13 71
13 79
13 585
13 131
13 152
13 161
13 212
13 269
13 252
13 45
13 181
13 698
13 944
13 373
13 375
13 149
13 65
13 432
13 291
13 514
13 533
13 936
13 571
13 604
13 55
13 460
13 813
13 705
13 121
13 890
13 99
13 817
13 148
13 43
13 871
13 144
13 207
13 812
14 15
14 59
14 98
14 104
14 176
14 102
14 431
14 453
14 202
14 421
14 452
14 116
14 563
14 672
14 629
14 324
14 688
15 17
15 19
15 67
15 31
15 370
15 23
15 86
15 100
15 110
15 149
15 743
15 546
15 179
15 205
15 537
15 439
15 511
15 991
15 188
15 630
15 897
15 39
15 717
15 900
15 802
16 30
16 390
16 132
16 79
16 932
16 149
16 101
16 164
16 949
16 198
16 278
16 37
16 222
16 295
16 486
16 571
16 99
16 518
16 64
16 103
16 40
16 778
16 140
16 216
17 770
17 272
17 277
17 258
17 369
17 706
17 209
17 90
18 987
18 807
18 50
18 381
18 148
18 260
18 203
18 117
18 700
18 294
18 428
19 62
19 27
19 107
19 38
19 41
19 69
19 82
19 363
19 196
19 603
19 252
19 77
19 482
19 442
19 542
19 662
19 43
19 778
20 223
20 825
20 281
20 682
20 974
20 138
20 378
20 466
20 487
20 46
20 658
20 726
21 36
21 538
21 68
21 175
21 563
21 978
22 233
22 666
22 23
22 310
22 46
22 56
22 758
22 787
22 154
23 82
23 114
23 557
23 246
23 522
23 454
23 468
23 204
23 209
23 27
23 92
23 244
23 909
24 833
24 612
24 549
24 290
25 821
25 82
25 681
25 350
25 763
25 364
25 287
25 297
25 338
25 931
25 291
25 181
25 386
25 45
25 244
25 562
26 671
26 516
26 554
26 594
26 668
26 221
26 442
26 936
26 736
26 969
26 846
27 533
27 823
27 36
27 40
27 718
27 69
27 616
27 90
27 100
27 413
27 184
27 199
27 206
27 187
27 267
27 337
27 304
27 105
27 194
27 140
27 382
27 210
27 98
27 509
27 587
27 131
27 412
27 378
27 731
27 104
27 353
27 961
28 105
28 175
28 63
28 93
28 285
28 615
28 170
28 572
28 178
29 133
29 513
29 876
29 498
30 191
30 176
30 238
30 126
30 133
31 89
31 989
31 203
31 286
31 829
31 412
31 499
31 428
31 685
31 140
32 49
32 611
32 512
32 141
32 221
32 314
32 274
32 857
33 942
33 235
33 809
33 384
33 227
34 426
34 588
35 148
35 767
35 343
35 251
36 69
36 882
36 54
36 144
36 758
36 127
36 309
36 327
36 103
36 669
36 58
36 319
36 82
36 45
36 178
37 104
37 257
37 54
37 312
37 78
37 57
37 289
37 125
37 187
37 770
37 40
37 96
37 977
37 291
38 156
38 101
38 347
38 134
38 157
38 304
38 150
38 217
38 251
38 411
38 369
38 64
38 370
38 553
38 130
38 457
38 575
38 915
38 797
39 858
39 525
39 717
39 71
39 199
39 911
40 314
40 70
40 214
40 83
40 192
40 931
40 387
40 736
40 279
40 681
40 82
40 462
40 66
40 785
40 982
40 814
40 321
40 992
40 317
41 937
41 146
41 228
41 189
41 86
41 264
41 363
41 214
41 79
41 951
42 349
42 842
42 528
42 255
42 708
42 87
43 238
43 46
43 59
43 72
43 98
43 99
43 229
43 178
43 100
43 502
43 648
43 834
43 345
43 717
43 775
44 923
44 49
44 893
44 70
44 420
44 178
44 737
44 205
44 702
44 457
44 96
44 772
45 68
45 908
45 74
45 119
45 781
45 131
45 161
45 164
45 195
45 72
45 268
45 894
45 986
45 263
45 460
45 508
45 832
45 573
45 782
46 145
46 431
46 482
46 87
47 855
47 88
47 54
47 130
47 594
47 868
47 148
47 809
47 660
47 562
47 709
47 529
47 297
47 509
47 197
47 988
47 704
47 155
48 701
48 473
48 70
48 786
48 333
48 183
48 202
48 151
48 208
48 179
48 696
48 740
48 177
48 576
48 877
48 98
49 286
49 719
49 308
49 157
49 53
49 161
50 976
50 938
50 266
50 74
50 248
50 438
50 578
50 196
51 623
51 924
51 582
51 988
51 93
51 950
51 185
51 451
51 82
51 487
51 129
51 207
51 554
51 823
51 796
51 814
52 687
52 424
52 62
52 100
53 391
53 307
54 55
54 64
54 96
54 461
54 188
54 271
54 298
54 302
54 327
54 411
54 349
54 103
54 920
54 279
54 940
54 747
54 453
54 255
54 545
54 222
54 848
54 728
55 591
55 433
55 148
55 223
55 478
55 809
55 90
55 709
55 578
55 594
55 137
56 440
56 578
56 108
56 783
56 569
56 535
56 715
56 723
56 880
57 493
57 65
57 798
57 211
57 373
57 225
57 555
58 705
58 373
58 68
58 96
58 792
58 503
58 127
58 138
58 343
58 59
58 684
59 881
59 107
59 128
59 401
59 978
59 322
59 611
59 738
59 792
59 63
60 793
60 790
60 185
60 300
60 450
60 420
60 166
60 91
60 96
60 371
60 795
60 295
60 70
61 776
61 709
61 216
61 342
61 580
62 547
62 402
62 285
62 182
62 345
62 159
62 416
62 420
62 215
62 624
62 76
62 904
63 151
63 248
63 722
63 178
63 657
63 607
63 875
64 111
64 196
64 104
64 402
64 184
64 455
64 300
64 603
64 500
64 862
65 346
65 171
65 393
65 204
66 642
66 410
66 530
66 290
66 227
66 613
66 350
66 632
66 406
66 449
66 92
66 707
66 110
66 452
67 116
67 372
67 535
67 180
67 613
67 171
67 708
67 419
67 237
67 609
68 227
68 161
68 348
68 435
68 840
69 703
69 186
69 537
69 585
69 594
70 344
70 922
70 366
70 460
70 213
70 251
70 358
70 106
70 438
70 594
70 103
70 636
70 521
71 239
71 266
71 86
71 322
71 111
71 126
71 141
71 635
71 738
71 518
71 204
71 246
71 534
71 344
71 122
71 929
71 131
71 415
71 765
71 416
71 722
71 82
71 250
72 540
72 410
72 374
72 90
72 121
72 165
72 757
72 602
72 422
72 497
72 690
72 78
72 660
73 363
73 223
73 131
73 90
73 135
73 868
73 388
73 114
73 275
74 225
74 91
74 599
75 654
75 135
75 851
75 250
76 561
76 683
76 114
76 792
76 212
76 337
76 335
76 375
77 402
77 553
77 79
77 279
77 452
77 415
77 738
78 596
78 271
78 836
78 177
78 200
78 371
78 434
78 639
78 176
79 942
79 290
79 111
79 361
79 98
79 493
79 417
79 527
80 268
80 552
80 515
80 406
80 386
81 167
81 365
81 517
81 178
81 918
81 207
81 619
82 129
82 139
82 134
82 159
82 898
82 240
82 506
82 520
82 187
82 930
82 732
82 823
82 556
83 514
83 576
83 511
83 386
83 733
83 873
84 483
84 302
84 612
84 107
84 91
84 879
85 690
85 129
85 499
85 463
85 611
85 694
85 723
85 308
85 284
86 95
86 943
86 154
86 574
86 854
86 213
86 517
86 937
87 422
87 282
87 272
87 751
87 265
87 495
87 322
87 865
87 935
88 986
88 794
88 585
89 511
89 862
89 218
89 330
89 455
89 592
89 908
90 133
90 97
90 98
90 498
90 96
90 240
90 827
90 508
90 200
90 116
90 397
90 900
90 677
91 774
91 133
91 352
91 316
91 460
91 197
91 164
92 212
92 982
93 443
93 262
93 240
93 500
93 153
93 876
93 127
94 323
94 746
94 418
94 260
94 295
94 460
95 283
95 635
95 349
95 172
95 618
95 531
95 188
96 551
96 277
96 456
96 639
96 436
96 772
97 782
97 651
97 808
97 349
97 590
98 744
98 110
98 620
98 286
98 432
98 303
98 309
99 244
99 322
99 210
99 211
99 647
99 691
99 697
99 103
99 461
99 227
99 182
100 371
100 273
101 912
101 570
101 291
101 762
102 310
102 496
102 336
102 368
102 686
102 614
103 406
103 115
103 952
103 203
103 220
103 262
103 277
103 309
103 339
103 176
103 508
103 518
103 715
103 461
103 905
103 558
103 551
103 178
103 673
103 718
103 230
104 713
104 262
104 126
104 694
104 445
104 290
104 830
105 895
105 932
105 136
105 168
105 117
105 133
105 681
106 114
106 870
106 640
106 578
106 797
106 336
106 698
107 139
107 544
107 393
107 198
107 778
107 384
107 427
107 780
108 362
108 163
108 993
108 116
108 659
108 729
108 209
108 444
108 545
108 615
108 318
108 595
108 744
109 126
109 957
109 806
110 137
110 173
110 749
110 837
110 190
110 144
110 193
110 589
110 920
110 657
111 184
111 494
111 168
111 505
111 313
112 573
112 162
112 391
113 839
113 357
113 886
113 450
114 239
114 241
114 475
114 444
114 718
114 765
114 182
115 179
115 189
115 795
115 361
115 314
116 760
116 375
116 290
116 667
116 902
116 555
116 527
116 460
116 132
116 417
116 159
116 461
117 181
117 138
117 858
117 855
117 189
118 640
118 799
118 408
119 332
119 125
119 158
119 851
119 148
119 132
119 457
119 541
119 405
119 983
120 846
120 916
120 989
120 625
121 509
121 485
121 709
121 503
122 880
122 247
122 969
122 135
122 286
122 683
123 329
123 154
123 224
123 266
123 694
123 337
124 572
124 972
125 967
125 173
125 142
125 824
126 303
126 470
126 390
126 886
126 996
126 163
127 431
128 941
128 574
128 757
128 853
129 325
129 968
129 856
129 360
129 645
130 564
130 381
130 228
131 861
131 273
131 199
131 893
131 615
131 661
131 172
132 466
132 386
132 497
132 419
132 225
132 173
132 597
132 976
132 380
133 494
133 654
133 884
133 489
133 384
133 238
133 457
133 359
133 638
134 768
134 705
134 385
134 999
135 630
135 890
135 907
135 295
135 704
135 550
135 582
136 890
136 255
136 479
136 818
136 835
136 319
137 151
137 305
137 789
137 776
137 373
138 359
138 725
139 593
139 743
139 559
139 354
140 519
140 249
140 906
140 927
141 316
141 382
141 289
142 346
142 180
142 367
143 527
143 828
143 980
143 898
143 556
143 356
143 947
144 536
144 768
144 913
144 710
144 506
144 176
144 830
144 289
145 808
145 152
145 158
145 318
145 557
145 894
145 148
145 723
145 514
145 955
145 386
146 644
146 473
146 379
147 594
147 446
148 206
148 814
148 861
148 729
148 305
148 428
148 448
148 500
148 267
148 554
148 316
148 509
149 933
149 198
149 322
149 623
149 628
149 672
150 546
151 510
152 608
153 165
153 254
153 676
153 183
154 766
154 338
155 564
155 396
155 386
155 770
155 618
156 692
156 291
156 487
156 196
156 627
156 883
156 170
157 912
157 173
157 196
157 261
157 192
158 892
158 320
159 891
159 756
159 177
159 526
159 282
160 324
160 815
160 865
160 353
160 446
161 217
161 824
161 334
161 550
161 920
161 557
161 527
161 902
162 673
162 863
162 180
162 246
164 520
164 293
164 385
164 507
164 419
164 668
164 711
164 361
165 739
165 178
165 319
165 480
165 179
166 953
166 547
167 345
167 816
167 751
167 571
167 714
167 412
167 322
167 824
168 200
168 449
168 458
169 227
169 215
169 970
170 874
170 185
171 928
171 215
171 382
171 749
171 686
171 249
172 754
172 822
172 737
172 615
172 975
172 499
173 279
173 719
173 791
174 658
174 499
174 290
175 202
175 676
175 946
176 201
176 889
177 845
177 501
177 250
177 875
177 816
177 357
177 570
177 322
177 537
177 785
177 768
177 179
177 402
177 922
178 201
178 995
178 287
178 180
178 913
178 585
178 274
178 406
178 270
178 519
178 591
179 939
179 482
180 185
180 234
180 246
180 181
181 773
182 937
182 210
183 255
183 825
184 612
184 226
184 481
184 946
185 677
185 827
186 548
186 215
186 237
186 190
186 284
186 386
186 892
186 541
186 720
186 193
186 590
186 784
187 418
187 942
187 958
188 277
188 576
188 300
188 205
189 476
189 496
190 358
190 791
190 596
190 253
190 288
190 544
191 437
192 310
192 416
193 517
193 314
193 473
193 347
193 755
193 853
193 847
194 480
195 452
195 883
195 561
195 539
195 376
195 256
196 410
196 681
196 208
196 363
197 275
197 480
197 677
197 439
197 364
198 464
198 504
198 702
199 222
199 401
199 574
200 970
200 405
201 712
201 406
201 230
202 431
202 712
202 559
202 477
202 809
202 552
203 600
203 741
203 219
204 606
204 478
205 225
205 780
205 687
206 596
206 873
206 211
206 572
206 386
206 529
206 611
206 399
208 466
208 806
208 482
208 913
209 801
209 562
209 302
210 532
210 923
210 822
210 554
212 744
212 637
212 322
212 822
212 867
212 606
213 714
214 906
214 577
215 586
215 311
216 477
216 646
216 223
216 492
216 260
216 614
217 268
217 417
217 372
217 815
217 479
217 644
217 272
218 240
218 745
218 528
218 327
218 619
218 859
219 403
219 530
219 783
220 460
220 738
221 275
221 666
222 781
223 355
223 447
224 437
224 884
224 340
224 540
224 271
224 763
225 507
225 293
225 494
225 998
225 357
225 516
226 978
226 582
226 583
227 782
227 400
227 715
227 409
227 652
228 820
228 745
229 879
229 383
229 380
230 646
230 551
230 909
231 396
231 840
231 487
231 684
231 265
232 882
232 860
232 472
232 628
232 636
233 283
234 339
234 838
234 494
234 912
235 968
235 601
235 393
236 604
236 797
237 963
237 494
237 301
237 589
238 357
238 296
239 833
239 854
239 979
240 834
240 316
240 380
241 908
241 418
242 273
242 259
242 274
242 891
242 361
243 769
243 621
243 356
243 866
244 278
244 736
244 341
245 941
245 979
245 761
245 819
246 491
246 341
247 341
247 297
247 672
248 409
248 346
248 724
248 289
249 350
250 624
251 320
251 769
251 411
251 495
251 403
251 933
251 297
252 970
252 798
253 649
253 365
253 367
253 945
253 738
254 592
254 325
254 974
254 274
254 372
255 399
255 670
255 388
255 884
255 840
256 328
257 657
257 864
258 955
258 693
258 523
259 290
259 617
260 334
260 296
260 445
260 441
260 606
260 365
261 716
261 509
261 318
261 926
262 371
262 280
262 392
263 296
263 471
264 721
264 619
264 774
265 314
265 745
265 507
265 463
267 357
267 897
267 910
268 882
268 477
268 519
268 634
269 683
269 633
269 691
270 391
270 510
271 451
271 448
271 881
271 832
272 492
272 478
272 698
272 857
272 915
273 928
273 811
274 351
275 922
275 323
276 616
276 551
276 529
276 351
277 614
277 307
277 385
277 754
278 875
278 536
278 851
279 331
280 454
281 677
281 831
282 375
282 294
282 984
282 315
283 343
283 404
283 919
283 553
283 603
284 398
284 996
285 293
285 413
286 477
287 587
288 967
288 421
288 616
288 548
289 936
289 971
289 353
289 835
289 987
290 301
290 490
291 456
291 298
291 483
292 993
292 867
292 475
293 889
293 896
293 622
293 883
293 318
294 423
294 410
294 408
294 671
295 300
295 757
296 383
297 390
298 673
298 427
298 716
298 621
299 602
299 897
299 877
300 675
300 525
301 623
302 727
302 778
303 795
303 984
303 788
304 533
304 501
304 537
305 949
305 474
305 397
306 988
306 321
306 447
307 730
307 355
307 701
307 376
307 746
308 686
309 467
309 418
309 328
310 460
310 359
311 946
312 896
312 362
313 369
313 818
314 398
315 782
316 826
316 983
317 441
317 759
317 606
318 497
318 862
318 836
319 513
320 591
320 663
320 626
321 860
322 828
322 612
322 417
322 869
323 476
323 461
323 707
323 698
323 885
324 726
324 490
325 554
325 783
326 874
326 941
326 748
326 463
327 467
327 804
327 810
327 751
328 373
328 394
328 729
329 505
329 892
330 660
330 693
331 518
331 944
332 366
332 697
333 727
333 848
333 339
333 722
334 465
334 390
334 829
335 401
335 858
335 393
336 734
337 536
338 550
338 398
338 400
338 551
339 433
339 903
340 929
340 949
340 694
340 727
340 588
340 989
341 830
342 557
342 539
342 665
343 432
343 642
343 586
343 703
344 540
344 360
344 358
344 377
344 487
345 694
345 744
345 469
346 433
347 887
347 917
348 839
348 982
348 637
349 448
350 820
350 774
351 546
352 927
352 478
352 805
353 968
353 508
354 625
354 781
355 597
355 559
356 869
356 778
356 394
357 436
357 699
358 544
359 945
359 914
360 440
361 956
361 756
361 886
362 957
362 424
362 453
363 497
364 588
365 777
365 616
366 609
366 520
367 739
368 477
368 844
368 729
370 425
370 617
371 651
372 843
372 679
373 917
373 779
373 428
373 952
374 395
376 432
377 866
377 691
377 701
378 605
379 446
379 532
379 887
380 571
381 524
381 992
382 581
383 631
385 513
385 965
386 707
386 953
387 459
388 425
388 790
389 517
389 757
390 415
390 526
392 918
392 688
393 460
393 760
394 449
395 841
396 626
396 604
396 842
397 799
397 522
398 605
399 895
400 555
400 454
403 808
403 660
403 610
403 685
404 767
404 640
405 449
406 696
407 661
407 986
407 983
408 568
408 973
408 603
409 503
410 510
410 669
410 886
410 947
412 855
412 438
412 528
412 594
413 426
413 586
414 473
414 878
416 551
417 728
417 695
419 491
420 972
420 869
421 494
421 951
421 948
422 642
422 569
423 765
423 813
423 515
424 611
425 690
426 704
426 540
427 574
427 439
428 782
428 484
428 980
429 639
429 884
429 663
430 753
430 961
430 786
432 443
433 646
434 580
434 688
435 565
436 500
436 704
437 804
438 701
438 896
439 810
440 740
440 450
441 605
441 447
441 838
442 666
443 488
443 930
444 857
445 647
446 915
447 874
448 469
450 532
450 682
451 981
452 935
453 650
455 461
455 480
455 526
456 694
458 567
458 901
459 872
459 531
459 523
460 678
460 796
460 548
461 750
461 714
462 951
462 610
463 807
464 945
464 491
464 755
464 997
464 927
465 821
465 633
465 872
467 549
467 749
468 605
468 637
469 845
469 944
469 653
470 534
470 565
471 649
471 608
471 929
472 645
472 967
473 805
473 852
474 539
474 776
475 577
475 768
475 544
476 560
478 780
479 644
481 596
481 955
482 563
482 778
482 622
483 952
483 635
484 533
485 564
485 843
486 611
486 582
487 746
488 812
488 801
489 991
489 861
489 629
490 999
491 614
492 654
493 904
494 985
495 660
496 556
497 993
502 543
502 592
504 766
504 826
505 590
506 967
507 599
510 769
511 957
512 785
513 819
514 634
515 994
516 965
518 927
518 985
520 933
521 745
521 674
521 568
521 656
522 788
522 582
523 773
523 708
524 733
524 542
525 689
527 692
527 816
528 547
529 654
530 753
530 631
531 960
532 700
533 710
533 677
533 956
535 885
537 686
538 669
538 655
539 710
539 900
540 735
541 948
541 595
541 990
541 731
542 646
543 742
543 740
545 975
546 705
549 674
550 605
552 679
555 778
558 925
559 836
559 975
560 753
560 699
561 567
562 619
565 777
565 684
566 821
567 680
567 958
568 852
569 606
574 601
575 736
575 771
576 768
576 866
577 830
578 785
579 905
579 815
579 813
580 904
581 688
581 879
582 963
583 803
583 713
584 925
584 926
584 725
587 914
589 683
593 924
593 724
595 653
596 730
597 601
597 903
598 614
598 601
598 756
598 974
599 871
600 773
600 903
602 655
606 874
607 666
607 842
608 905
609 748
609 850
610 734
612 829
613 692
615 795
617 932
618 953
619 966
620 726
620 824
621 774
621 748
626 887
627 716
628 765
629 822
629 796
630 827
631 663
632 652
632 802
633 704
634 811
634 926
636 737
638 922
638 994
639 969
639 852
641 682
641 762
641 987
642 648
643 747
643 835
643 845
645 764
647 954
648 933
650 850
650 924
651 750
652 953
653 998
654 818
654 964
655 979
656 804
656 963
657 787
658 837
659 668
659 811
661 674
662 960
662 817
662 779
664 800
664 771
664 798
665 721
665 812
667 781
667 693
668 793
670 935
670 733
671 950
673 899
673 696
675 784
675 821
678 757
679 921
685 768
686 800
686 703
687 752
688 758
689 956
689 778
695 794
695 746
699 838
701 731
707 837
710 959
710 714
711 730
711 853
713 875
715 899
718 873
718 958
719 847
720 910
723 923
725 799
728 860
732 743
733 917
734 906
735 911
735 787
738 980
739 938
741 977
741 998
742 760
744 861
747 868
750 790
752 940
752 878
754 776
755 854
759 791
761 907
761 962
762 853
763 864
763 807
763 971
764 789
765 872
766 990
766 870
767 787
769 784
771 817
772 880
775 777
775 859
775 841
779 844
780 901
785 919
788 959
792 869
795 931
800 991
801 985
802 905
803 892
803 821
804 971
805 916
810 849
820 943
825 863
828 834
833 973
834 878
839 863
841 964
843 850
844 893
846 865
847 939
848 894
849 981
856 901
861 898
863 921
864 966
871 950
876 920
881 972
883 909
886 938
888 919
888 939
889 997
895 928
897 962
899 962
902 943
902 930
907 916
910 947
911 960
914 952
918 948
921 959
934 965
940 973
947 996
954 966
954 995
964 984
971 995
976 977
