0 1
0 2
0 3
0 4
0 7
0 11
0 16
0 19
0 26
0 56
0 729
0 90
0 114
0 136
0 142
0 158
0 175
0 832
0 96
0 256
0 303
0 333
0 354
0 364
0 400
0 432
0 580
0 637
0 652
0 680
0 701
0 761
0 778
0 821
0 855
0 880
0 894
0 907
0 961
1 338
1 3
1 4
1 7
1 806
1 5
1 12
1 19
1 25
1 654
1 31
1 33
1 639
1 53
1 346
1 766
1 83
1 86
1 89
1 96
1 716
1 415
1 124
1 818
1 276
1 13
1 155
1 880
1 72
1 178
1 201
1 975
1 238
1 759
1 785
1 534
1 138
1 48
1 32
1 167
1 353
1 359
1 563
1 471
1 962
1 172
1 460
1 29
1 532
1 333
1 438
1 117
1 281
1 330
1 594
1 764
1 36
1 283
1 14
1 44
1 789
1 419
1 58
1 431
1 531
1 46
1 910
1 191
1 703
1 115
1 154
2 12
2 3
2 4
2 5
2 6
2 15
2 904
2 24
2 27
2 32
2 33
2 118
2 38
2 42
2 52
2 58
2 352
2 418
2 92
2 235
2 445
2 120
2 122
2 614
2 124
2 82
2 152
2 139
2 216
2 161
2 150
2 214
2 221
2 739
2 250
2 534
2 331
2 276
2 115
2 85
2 308
2 443
2 503
2 263
2 886
2 429
2 572
2 89
2 390
2 436
2 850
2 596
2 123
2 99
2 10
2 973
2 550
2 735
2 135
2 23
2 228
2 490
2 255
2 369
2 36
2 282
3 5
3 6
3 8
3 48
3 15
3 126
3 20
3 22
3 23
3 28
3 35
3 43
3 67
3 69
3 75
3 80
3 147
3 13
3 105
3 108
3 113
3 845
3 160
3 46
3 755
3 325
3 241
3 805
3 326
3 502
3 18
3 304
3 760
3 684
3 372
3 382
3 383
3 212
3 4
3 520
3 395
3 137
3 626
3 942
3 855
3 345
3 33
3 433
3 41
3 599
3 660
4 5
4 6
4 7
4 491
4 10
4 141
4 12
4 13
4 14
4 16
4 17
4 18
4 19
4 20
4 21
4 24
4 26
4 28
4 160
4 36
4 37
4 38
4 683
4 46
4 51
4 54
4 509
4 513
4 66
4 68
4 69
4 984
4 79
4 63
4 143
4 355
4 405
4 131
4 15
4 795
4 462
4 65
4 154
4 86
4 11
4 171
4 737
4 901
4 177
4 179
4 199
4 205
4 758
4 856
4 209
4 210
4 99
4 823
4 318
4 719
4 942
4 150
4 261
4 263
4 268
4 274
4 57
4 280
4 407
4 293
4 362
4 308
4 311
4 317
4 322
4 106
4 378
4 386
4 437
4 396
4 294
4 406
4 153
4 224
4 674
4 433
4 128
4 93
4 461
4 484
4 489
4 8
4 523
4 672
4 528
4 35
4 25
4 445
4 225
4 191
4 822
4 27
4 666
4 599
4 687
4 704
4 708
4 996
4 600
4 646
4 336
4 305
4 852
4 75
4 953
4 883
4 236
4 892
4 207
4 910
4 919
4 145
4 456
4 769
4 950
4 979
5 10
5 990
5 12
5 23
5 34
5 184
5 219
5 957
5 813
5 538
5 159
5 78
5 640
5 361
5 180
5 67
5 221
5 233
5 81
5 241
5 6
5 176
5 211
5 389
5 56
5 68
5 475
5 104
5 331
5 534
5 110
5 168
5 294
5 846
5 737
5 181
5 665
5 79
5 507
5 314
6 101
6 10
6 17
6 20
6 22
6 810
6 28
6 29
6 49
6 85
6 80
6 81
6 92
6 988
6 117
6 142
6 146
6 239
6 103
6 192
6 228
6 481
6 240
6 107
6 269
6 128
6 13
6 227
6 313
6 209
6 400
6 365
6 388
6 379
6 26
6 19
6 31
6 334
6 462
6 914
6 41
6 532
6 537
6 517
6 495
6 588
6 403
6 866
6 252
6 404
6 298
6 995
6 861
6 15
6 124
6 979
6 950
6 978
7 13
7 17
7 390
7 25
7 26
7 37
7 39
7 828
7 44
7 30
7 28
7 61
7 63
7 68
7 743
7 443
7 742
7 187
7 220
7 124
7 127
7 905
7 134
7 191
7 512
7 29
7 217
7 15
7 275
7 285
7 35
7 741
7 843
7 387
7 524
7 980
7 167
7 624
7 281
7 759
7 425
7 780
7 185
7 794
7 785
7 355
7 269
7 452
7 327
7 59
7 809
7 893
7 447
7 878
8 893
8 941
8 41
8 224
8 32
8 83
8 645
8 485
8 756
8 314
8 989
8 724
8 112
8 474
8 972
8 500
8 214
8 61
8 332
8 362
8 650
9 881
9 777
9 634
9 111
9 953
10 551
10 36
10 189
10 539
10 839
10 117
10 37
10 101
10 25
10 347
10 477
10 13
10 486
10 541
10 632
10 638
10 853
10 454
10 813
10 972
11 209
11 580
11 13
11 19
11 195
11 48
11 167
11 389
11 32
11 653
11 22
11 735
11 886
11 201
11 219
11 14
11 103
11 364
11 814
11 566
11 261
11 88
11 386
12 14
12 22
12 39
12 55
12 56
12 28
12 35
12 99
12 129
12 112
12 152
12 171
12 41
12 576
12 334
12 375
12 62
12 524
12 521
12 444
12 427
12 774
12 793
12 226
12 438
13 27
13 782
13 49
13 448
13 609
13 197
13 748
13 708
13 140
13 179
13 869
13 228
13 262
13 492
13 398
13 44
13 246
13 117
13 210
13 162
13 656
13 410
13 715
13 303
13 129
14 67
14 15
14 851
14 30
14 24
14 66
14 457
14 44
14 421
14 57
14 64
14 224
14 956
14 77
14 84
14 91
14 93
14 100
14 143
14 179
14 149
14 105
14 88
14 628
14 289
14 205
14 327
14 367
14 380
14 161
14 437
14 422
14 245
14 473
14 22
14 539
14 545
14 595
14 637
14 399
14 19
14 690
14 26
14 747
14 86
14 33
14 846
14 594
14 201
14 374
14 137
14 816
15 25
15 555
15 744
15 362
15 18
15 550
15 222
15 150
15 310
15 570
15 361
15 80
15 713
15 90
15 183
15 459
15 545
15 664
16 248
16 41
16 967
16 926
16 31
16 530
16 527
16 809
16 44
16 575
16 950
17 51
17 899
17 349
17 18
17 85
17 595
17 351
17 36
18 721
18 506
18 27
18 35
18 51
18 68
18 375
18 214
18 52
18 248
18 296
18 404
18 159
18 129
18 373
18 203
18 784
18 310
18 539
18 726
18 185
18 388
18 742
19 95
19 58
19 194
19 20
19 149
19 157
19 207
19 187
19 268
19 789
19 64
19 331
19 527
19 407
19 269
19 556
19 25
19 225
19 93
20 34
20 397
20 772
20 111
20 208
20 224
20 83
20 416
20 382
20 22
20 35
20 653
20 585
20 432
20 654
20 287
20 274
20 639
20 228
21 456
21 527
21 802
21 218
21 25
21 91
22 63
22 86
22 97
22 127
22 887
22 293
22 194
22 227
22 351
22 243
22 255
22 823
22 308
22 325
22 307
22 446
22 598
22 69
22 28
22 842
22 499
22 470
22 179
23 154
23 216
23 465
23 85
23 584
23 404
23 712
23 334
23 344
24 557
24 26
24 117
24 56
24 552
24 190
24 137
24 874
24 250
24 329
24 244
24 355
24 368
24 382
24 113
24 341
25 33
25 88
25 111
25 139
25 182
25 207
25 28
25 430
25 390
25 648
25 842
25 464
25 469
26 32
26 186
26 70
26 883
26 544
26 99
26 189
26 188
26 34
26 723
26 179
26 890
26 180
26 301
26 621
26 634
26 72
26 366
26 75
26 35
26 138
26 704
27 841
27 167
27 80
27 116
27 765
27 350
27 68
27 754
27 985
28 48
28 85
28 638
28 134
28 812
28 693
28 571
28 601
29 258
29 257
29 757
29 46
29 49
29 53
29 100
29 88
29 569
29 99
29 107
29 416
29 135
29 438
29 36
29 120
29 227
29 65
29 436
29 510
29 939
29 85
29 414
29 154
29 623
29 304
29 502
29 756
29 83
29 343
30 188
30 257
30 161
30 829
30 115
30 832
30 292
30 715
30 414
30 501
30 38
30 598
30 31
31 632
31 48
31 52
31 592
31 669
31 202
31 228
31 525
31 349
31 171
31 717
31 684
31 741
31 547
32 312
32 36
32 577
32 126
32 211
32 458
32 975
32 933
33 36
33 65
33 825
33 106
33 672
33 303
33 35
33 691
33 968
34 609
34 37
34 733
34 207
34 50
34 849
34 231
34 867
34 159
34 76
34 63
34 184
34 79
34 586
34 953
34 605
34 155
34 848
34 211
34 652
34 662
34 45
34 228
34 341
34 478
34 714
35 92
35 622
35 182
35 205
35 826
35 167
35 498
35 329
35 70
35 727
35 399
35 631
35 95
35 480
35 491
35 86
35 68
35 307
35 118
35 944
36 610
36 65
36 455
36 228
36 352
36 206
36 368
36 402
36 204
36 305
36 676
36 478
36 324
36 998
36 762
37 347
37 924
37 84
37 274
37 156
37 510
37 970
37 267
37 67
37 395
37 237
37 342
37 264
37 479
37 726
37 45
37 195
37 435
37 855
38 42
38 146
38 49
38 145
38 210
38 67
38 216
38 45
38 111
39 142
39 914
39 140
39 95
39 891
39 871
39 438
39 728
39 351
39 151
39 602
39 649
39 177
40 328
40 490
40 380
40 104
40 94
40 879
40 758
41 43
41 63
41 166
41 272
41 265
41 347
41 203
41 355
41 874
41 769
41 378
42 198
42 349
42 878
42 129
42 807
42 126
43 326
43 168
43 824
43 989
43 147
43 409
43 245
43 297
43 582
43 904
43 362
43 389
43 472
43 157
43 974
44 404
44 531
44 387
44 145
44 400
44 122
44 223
44 542
44 685
44 276
44 565
44 877
45 985
45 100
45 324
45 251
45 274
45 48
45 56
46 432
46 91
46 171
46 483
46 163
46 125
46 737
46 691
47 280
47 273
47 740
47 117
47 262
47 383
47 781
47 982
47 557
48 253
48 504
48 597
48 373
48 511
48 451
49 145
49 500
49 251
49 945
49 933
49 63
49 831
49 764
49 60
49 860
50 111
50 949
50 908
50 598
50 658
50 97
51 347
51 537
51 52
51 719
51 550
51 587
52 106
52 63
52 59
52 65
52 70
52 85
52 91
52 963
52 162
52 227
52 905
52 353
52 439
52 147
52 228
52 483
52 396
52 798
53 190
53 218
53 239
53 284
53 189
53 456
53 651
53 134
54 729
54 631
54 601
54 189
54 205
54 466
54 238
54 104
55 413
55 74
55 101
55 264
55 64
55 617
55 149
56 224
56 95
56 104
56 873
56 983
56 66
56 122
56 581
56 246
56 252
57 167
57 65
57 371
57 82
57 175
57 150
57 965
57 399
57 62
57 115
57 955
57 134
57 575
57 806
57 763
58 510
58 940
58 704
58 334
59 541
59 260
59 328
59 327
59 875
60 299
60 294
60 634
60 549
61 633
61 330
61 205
61 135
61 248
61 998
62 484
63 79
63 581
63 244
63 306
63 679
63 891
63 185
63 243
64 444
64 119
64 562
64 363
64 312
64 224
64 685
64 530
64 568
65 77
65 174
65 108
65 204
65 374
65 261
65 569
65 438
65 668
65 82
65 199
65 645
65 159
65 491
65 319
66 899
66 862
66 239
67 773
67 77
67 261
67 163
67 212
67 92
67 635
67 528
67 951
67 80
67 927
68 304
68 97
68 191
68 261
68 267
68 612
68 668
68 351
68 317
68 431
68 199
68 100
68 154
68 237
68 794
68 822
68 294
68 140
69 536
69 99
69 183
69 722
69 126
69 977
69 652
69 469
70 351
70 532
70 794
71 537
71 898
71 930
71 821
71 765
71 867
71 109
71 728
71 89
71 161
72 626
72 217
72 778
72 246
72 298
73 363
73 101
73 909
73 805
73 213
74 505
74 450
74 318
74 419
74 423
74 811
74 501
75 278
75 137
75 495
75 176
76 281
76 991
76 92
76 461
76 305
76 299
77 104
77 108
77 709
77 80
77 538
77 641
77 247
77 911
78 839
78 280
78 451
78 99
78 468
78 118
79 362
79 125
79 83
79 296
79 324
79 711
79 245
79 123
79 219
79 599
79 590
79 430
79 499
79 997
79 851
79 878
79 536
80 288
80 320
80 264
81 452
81 618
81 121
81 310
81 365
81 237
81 812
82 168
82 125
82 611
82 630
82 312
82 233
82 738
82 380
83 982
83 95
83 185
83 200
83 302
83 89
83 803
83 102
83 591
84 126
84 915
85 111
85 121
85 136
85 227
85 934
85 457
85 685
85 246
85 110
85 230
85 455
85 734
85 836
85 303
86 552
86 583
86 822
87 679
87 638
87 172
87 283
87 193
87 458
87 595
88 471
88 350
88 116
88 575
88 400
88 486
88 545
88 779
88 623
88 113
88 360
89 162
89 137
89 168
89 903
89 833
89 204
89 161
89 954
89 976
89 416
90 225
90 364
90 125
90 275
90 359
90 992
90 192
90 149
90 133
91 943
91 500
91 829
92 367
92 163
92 814
92 963
93 101
93 94
93 770
93 135
93 190
94 781
94 306
94 609
94 298
94 739
95 433
95 249
95 232
95 306
95 971
95 677
95 780
95 848
95 556
95 768
95 732
95 723
96 484
96 507
96 466
96 237
96 243
96 517
96 520
96 983
96 468
96 440
97 547
97 132
97 494
97 202
97 263
97 190
97 331
97 292
97 733
98 876
98 563
98 726
98 128
98 980
98 750
98 801
99 123
99 164
99 405
99 125
99 971
99 287
99 325
99 315
99 692
99 937
99 911
99 424
99 122
99 617
99 390
100 942
100 122
100 141
100 916
100 190
100 230
100 275
100 262
100 896
100 882
100 418
100 611
100 166
100 113
101 717
101 221
101 411
101 244
101 311
102 704
102 367
102 186
102 276
103 806
103 611
103 747
104 857
104 223
104 725
104 169
104 486
104 184
104 127
104 812
105 923
105 161
106 649
106 343
107 702
107 141
107 499
107 314
108 325
108 126
108 267
108 301
108 929
108 579
108 995
109 441
109 675
109 407
109 599
110 280
110 450
110 336
110 121
110 422
111 523
111 218
111 251
111 120
111 242
111 396
111 337
112 186
112 315
112 928
112 131
112 771
112 162
112 368
113 511
113 604
113 576
113 968
113 222
114 893
114 551
114 453
115 610
115 625
115 403
115 180
115 585
115 450
115 857
115 600
116 159
116 485
117 739
117 497
117 228
117 300
118 954
118 693
118 469
118 138
118 642
118 609
118 391
118 133
118 903
119 696
119 356
119 267
119 237
119 690
120 715
120 386
120 695
120 839
120 216
121 215
121 318
121 937
121 235
121 640
121 770
121 305
121 795
122 823
122 744
122 227
122 542
122 201
122 901
123 422
123 721
123 142
123 646
123 436
123 533
123 559
123 885
124 129
124 973
124 217
124 862
124 858
124 963
124 291
124 290
124 369
125 916
125 653
125 180
125 767
125 451
125 142
125 800
126 589
126 588
126 228
126 560
126 171
127 377
127 242
127 393
128 641
128 413
129 528
129 729
129 804
130 854
130 275
130 843
130 195
130 876
131 997
131 167
131 265
131 168
132 323
132 643
132 584
132 560
132 768
133 265
133 399
133 428
133 817
133 264
133 146
134 935
134 217
134 219
134 226
134 170
135 399
135 780
135 237
135 443
135 386
135 522
135 986
135 611
135 784
135 425
135 355
136 244
136 834
136 429
136 268
136 808
136 378
137 447
137 474
137 529
137 787
137 662
138 602
138 241
139 172
139 610
139 628
139 522
139 245
140 734
140 707
141 744
141 195
141 149
141 315
141 210
141 599
142 159
142 369
142 595
142 402
142 339
142 828
143 361
143 439
143 251
143 215
143 446
143 509
143 370
143 210
144 156
144 284
144 161
146 641
146 367
146 298
146 609
146 177
147 519
147 945
147 865
147 517
147 545
147 790
147 881
148 298
148 188
148 825
149 472
149 219
149 885
149 278
149 498
149 948
150 307
150 768
150 559
150 225
150 245
150 536
151 330
151 776
151 394
151 233
151 393
152 408
152 354
152 334
152 863
152 275
152 918
152 498
152 368
153 674
153 245
153 359
153 931
154 788
154 159
154 185
154 224
154 252
154 249
154 651
155 281
155 753
156 342
156 965
157 248
157 676
158 520
158 196
159 591
159 448
159 778
159 858
159 565
159 527
160 398
160 833
160 356
160 579
160 171
161 562
161 270
161 243
161 330
161 424
161 347
161 783
161 877
162 198
162 266
162 409
162 416
163 898
163 913
163 319
163 401
163 548
164 282
164 547
164 367
164 992
164 808
165 186
165 671
165 545
165 464
165 948
166 698
166 279
166 247
166 720
167 233
167 215
167 218
167 852
167 719
168 321
168 800
168 494
169 210
169 251
169 475
170 362
170 594
170 981
170 709
170 791
170 840
171 183
171 815
171 488
171 211
172 405
172 387
173 302
173 580
173 260
173 423
174 297
174 191
174 450
174 949
174 689
174 823
174 250
174 271
174 190
175 188
175 241
175 325
175 712
176 749
176 603
176 872
177 572
177 958
177 818
178 230
178 381
178 941
178 772
179 196
179 321
179 251
179 761
179 645
180 402
180 860
180 728
180 940
180 944
180 181
180 847
181 311
181 320
181 221
181 255
181 770
182 760
182 892
183 185
183 467
183 262
183 323
183 676
183 350
183 283
183 673
183 583
183 666
183 871
184 820
184 205
184 376
184 788
184 200
184 278
185 854
185 334
185 194
185 632
185 234
185 904
186 755
186 439
187 207
187 551
187 441
188 543
188 216
188 280
188 496
188 599
188 440
188 460
189 359
189 444
189 467
189 776
190 298
190 428
190 426
190 266
190 751
191 283
191 681
191 408
192 376
192 798
192 337
192 604
192 286
192 324
192 554
193 553
193 669
194 602
194 624
194 318
195 405
196 986
196 294
196 709
196 920
197 493
197 796
197 501
197 530
198 381
198 525
198 763
198 932
199 938
199 213
199 621
199 868
199 770
200 415
200 218
200 385
200 767
200 347
200 338
201 203
202 215
202 555
202 268
203 706
203 510
203 370
203 256
203 506
204 702
204 424
204 593
206 795
206 902
206 272
206 338
207 597
207 246
207 287
207 996
207 902
207 278
208 442
208 293
208 303
209 702
209 653
210 793
210 740
210 734
210 369
211 566
211 455
211 736
212 591
212 290
212 314
212 467
213 333
213 903
214 693
214 582
214 283
214 420
214 486
214 768
214 269
215 246
215 884
215 786
217 955
217 310
218 938
218 280
218 376
218 441
218 379
218 232
218 626
219 790
219 899
219 562
219 680
219 330
219 805
219 363
220 271
220 859
220 294
221 537
221 229
221 677
221 563
221 535
222 296
222 365
223 732
223 845
223 647
224 304
224 786
224 703
224 407
225 501
226 369
227 317
227 482
227 348
227 952
227 454
228 970
228 325
228 402
228 722
229 865
229 670
229 277
230 434
230 815
230 264
231 656
231 650
231 275
231 295
232 736
232 274
233 851
233 341
233 355
234 808
234 313
234 444
234 658
235 750
235 432
235 362
236 564
236 753
236 450
237 360
238 647
238 339
238 707
238 396
239 514
239 532
239 680
240 418
240 900
240 294
241 469
241 406
241 944
242 544
242 252
243 308
243 439
244 487
245 439
245 445
246 375
246 570
246 678
246 453
246 553
247 458
247 491
247 568
248 783
249 471
250 515
250 902
250 434
250 774
251 259
251 672
251 307
251 397
251 676
252 327
252 810
252 564
252 582
252 728
252 529
252 811
253 924
253 254
254 505
254 300
255 446
255 850
255 656
255 373
256 641
256 374
257 350
257 959
257 575
258 382
258 318
258 741
258 725
258 887
258 614
258 543
259 471
259 308
259 742
260 264
260 637
260 410
261 339
262 687
262 327
262 600
263 346
263 714
263 571
264 710
265 878
265 809
266 281
266 898
267 862
267 791
267 988
267 718
268 310
269 744
270 688
270 879
270 743
271 960
271 833
272 321
272 555
273 523
273 736
273 485
274 413
275 981
275 464
275 457
275 629
275 911
276 390
276 305
276 336
276 703
276 803
277 470
277 417
279 642
279 617
280 296
280 856
280 512
280 609
280 806
281 592
281 407
281 304
281 810
281 775
282 519
282 381
282 858
283 766
283 308
283 385
283 930
284 782
284 541
284 312
285 348
285 858
285 464
285 492
286 827
286 589
287 622
287 435
288 877
288 416
289 621
289 339
290 547
290 319
290 917
291 837
291 305
291 934
291 335
292 361
292 596
292 887
293 512
293 479
293 639
294 466
294 528
295 755
295 360
295 921
296 578
296 561
297 581
297 371
298 599
298 670
299 519
299 471
299 353
299 841
300 427
300 524
301 423
301 540
302 508
302 579
302 368
302 792
302 411
303 665
304 530
304 589
304 923
304 490
305 566
305 604
305 583
307 964
307 789
308 403
308 852
308 697
309 537
309 849
309 786
310 742
312 922
312 870
313 316
313 891
313 555
315 918
315 707
315 578
316 479
316 727
317 407
318 452
318 410
318 375
319 539
319 692
319 409
319 558
319 861
320 412
320 882
321 746
321 605
321 961
322 538
322 483
323 602
323 633
323 493
324 855
324 817
326 999
326 717
326 489
327 360
327 966
328 554
329 565
329 648
330 846
331 355
331 692
331 467
332 908
332 536
333 622
334 451
334 607
335 838
335 466
336 731
337 358
337 912
337 989
340 439
340 836
340 711
340 817
342 442
342 694
342 685
342 361
343 566
343 496
344 385
344 883
344 896
345 363
345 635
346 387
347 970
348 366
350 946
351 415
351 389
351 815
351 881
351 982
352 367
352 661
352 623
353 582
353 400
353 427
354 599
354 374
354 610
354 980
355 505
355 419
355 763
355 787
356 889
356 498
356 525
356 389
357 498
357 827
357 640
357 492
357 670
358 749
358 394
358 431
359 657
360 935
360 397
360 813
360 956
361 820
362 472
362 401
362 732
362 502
364 637
366 438
366 546
366 480
368 492
369 518
369 972
369 431
369 830
369 873
369 969
370 830
370 713
370 618
370 465
371 557
371 513
371 706
372 897
372 849
372 552
372 793
373 799
373 548
374 832
375 426
375 682
375 708
375 875
375 925
376 698
377 751
377 476
379 494
380 698
381 519
382 412
383 627
383 675
383 660
383 438
384 978
384 607
384 663
385 607
386 490
386 679
388 708
389 636
390 468
390 419
391 458
391 927
392 712
392 664
392 826
392 857
392 546
393 608
393 597
393 578
394 967
395 905
395 588
397 987
398 550
398 986
398 514
399 960
399 559
399 490
400 606
401 523
402 540
402 411
403 795
403 915
403 528
403 434
404 713
404 518
406 672
406 906
407 824
408 891
408 994
409 620
409 718
409 649
410 917
411 480
411 937
412 847
414 999
415 461
415 747
415 529
416 777
416 485
417 868
417 587
417 441
417 474
418 931
418 454
419 625
420 947
420 574
421 724
421 864
422 695
422 675
423 772
423 544
423 932
424 592
424 728
424 582
425 493
425 971
425 824
426 572
428 660
428 488
429 653
429 686
430 964
431 855
433 684
433 630
435 779
435 992
435 444
436 758
437 630
437 696
437 990
438 660
439 823
440 546
440 443
441 643
442 769
442 853
443 984
445 856
445 731
446 564
446 557
446 626
446 673
447 993
447 689
448 844
448 482
449 578
449 625
449 800
450 636
450 488
452 700
453 988
453 811
453 949
453 859
454 639
455 647
455 889
456 544
459 720
459 612
460 481
460 535
460 759
461 674
462 684
462 827
462 909
463 935
463 767
463 727
463 616
463 906
465 549
468 912
469 663
469 644
469 885
470 752
472 657
473 801
473 706
474 999
474 622
474 663
475 664
475 511
475 655
476 631
476 494
476 996
477 919
477 895
478 755
478 879
478 654
478 705
478 973
479 561
480 815
480 632
481 689
481 725
481 572
482 934
483 835
483 869
486 616
486 490
487 625
487 756
487 657
489 752
489 619
490 792
490 632
490 907
491 867
491 507
492 745
492 761
495 665
495 571
496 929
496 771
497 603
497 741
498 711
499 785
500 545
500 915
502 527
503 550
503 652
504 838
504 584
504 938
504 774
506 916
506 797
508 534
508 897
509 956
511 890
512 773
513 975
514 688
515 683
515 754
516 557
516 967
516 754
518 909
521 816
521 895
522 629
523 528
524 913
525 873
526 918
526 896
526 605
527 936
528 556
529 866
531 666
533 990
533 651
534 814
534 847
535 870
536 943
538 888
539 900
540 831
541 921
542 835
543 946
545 554
548 991
549 987
551 797
551 753
551 966
553 678
554 573
554 818
555 634
556 952
557 804
558 983
558 919
560 646
560 749
561 598
562 752
563 897
563 785
567 593
567 936
567 987
568 829
568 681
568 686
569 671
569 894
570 596
571 625
571 661
572 615
573 931
573 745
574 821
574 718
574 777
574 773
574 790
575 968
575 993
575 771
576 886
577 601
577 943
577 984
579 786
582 844
583 819
584 647
584 776
585 723
585 851
586 659
586 826
586 746
587 925
588 901
590 661
590 680
593 874
594 795
596 615
598 699
598 795
598 840
599 755
602 788
603 618
605 876
606 738
606 951
606 665
607 906
608 888
608 912
609 802
612 892
613 701
613 636
613 837
614 946
615 894
616 834
617 756
619 923
619 783
620 861
620 816
620 730
622 690
624 994
626 869
627 710
627 961
628 981
629 836
630 825
633 752
635 925
637 702
640 748
640 751
640 848
642 957
643 668
643 998
643 644
644 958
648 985
648 835
650 962
650 978
651 671
654 673
655 803
655 921
658 705
659 831
659 930
660 974
662 788
662 889
663 751
667 954
667 746
667 716
669 720
672 757
675 686
677 710
678 959
678 932
679 872
681 728
682 801
682 977
683 830
685 913
687 920
688 908
690 936
691 788
691 775
692 993
694 958
694 745
695 907
696 776
697 705
697 746
698 798
699 872
699 740
700 977
700 837
701 838
702 927
707 952
710 782
711 962
712 842
714 734
716 979
721 870
722 806
723 924
724 799
726 878
727 730
728 939
730 807
731 855
731 926
733 781
735 862
735 860
737 941
738 957
739 762
743 750
747 762
748 851
751 928
754 888
757 782
757 872
758 796
760 997
764 976
765 994
766 779
773 966
775 787
784 797
789 864
791 965
792 880
793 828
796 868
799 875
802 845
804 914
806 866
807 991
810 834
813 922
814 884
819 900
819 843
820 854
827 850
838 863
840 955
841 947
844 951
848 864
849 877
853 917
858 920
859 884
863 922
865 969
871 929
882 995
889 933
890 910
895 947
926 959
928 976
939 960
940 948
945 974
964 969
