0 1
0 2
0 3
0 5
0 9
0 11
0 13
0 14
0 15
0 16
0 18
0 19
0 26
0 30
0 31
0 32
0 33
0 34
0 40
0 41
0 43
0 44
0 46
0 48
0 49
0 53
0 55
0 57
0 59
0 66
0 82
0 86
0 92
0 97
0 118
0 125
0 135
0 143
0 149
0 158
0 169
0 170
0 181
0 186
0 188
0 191
0 199
0 201
0 235
0 247
0 250
0 251
0 257
0 292
0 295
0 305
0 316
0 83
0 329
0 335
0 341
0 346
0 356
0 368
0 435
0 443
0 492
0 499
0 514
0 517
0 533
0 538
0 546
0 548
0 594
0 597
0 635
0 649
0 659
0 660
0 662
0 704
0 736
0 738
0 749
0 755
0 776
0 777
0 822
0 850
0 866
0 960
1 2
1 3
1 4
1 5
1 6
1 8
1 9
1 144
1 17
1 21
1 553
1 82
1 352
1 505
1 125
1 182
1 825
1 925
1 231
1 481
1 169
1 172
1 101
1 595
1 338
1 339
1 135
1 44
1 83
1 588
1 177
1 175
1 89
1 12
1 455
1 911
1 299
1 632
1 65
1 192
1 64
1 227
1 73
1 62
1 69
1 251
1 838
1 422
1 176
2 3
2 4
2 7
2 10
2 16
2 22
2 28
2 33
2 36
2 439
2 241
2 58
2 71
2 94
2 851
2 957
2 168
2 171
2 383
2 219
2 371
2 581
2 248
2 268
2 273
2 821
2 907
2 43
2 388
2 376
2 47
2 148
2 6
2 76
2 59
2 116
2 245
2 522
2 968
2 556
2 181
2 574
2 471
2 468
2 325
2 62
2 295
2 641
2 554
2 29
2 820
2 15
2 569
2 140
2 861
2 989
3 4
3 5
3 6
3 369
3 8
3 137
3 12
3 166
3 18
3 23
3 28
3 40
3 41
3 84
3 55
3 167
3 78
3 243
3 374
3 38
3 89
3 411
3 705
3 109
3 800
3 614
3 24
3 638
3 410
3 201
3 17
3 923
3 133
3 548
3 275
3 389
3 86
3 349
3 568
3 839
3 704
3 841
3 508
3 604
3 294
3 101
3 22
3 293
3 54
3 459
3 741
3 135
3 39
3 418
3 952
3 360
4 816
4 8
4 59
4 12
4 14
4 963
4 6
4 29
4 49
4 70
4 909
4 56
4 88
4 91
4 598
4 113
4 583
4 365
4 128
4 336
4 679
4 146
4 18
4 117
4 217
4 469
4 467
4 326
4 34
4 203
4 540
4 455
4 479
4 485
4 509
4 209
4 182
4 941
4 519
4 111
4 402
4 313
4 241
4 684
4 686
4 32
4 71
4 738
4 596
4 595
4 45
4 550
4 331
4 170
4 191
4 726
4 158
4 57
4 213
5 237
5 722
5 15
5 18
5 19
5 20
5 26
5 508
5 710
5 31
5 35
5 44
5 37
5 127
5 47
5 56
5 392
5 62
5 63
5 69
5 86
5 376
5 688
5 732
5 160
5 338
5 478
5 287
5 434
5 263
5 307
5 522
5 938
5 90
5 67
5 146
5 310
5 841
5 983
5 851
5 330
5 747
5 388
5 189
5 968
5 919
5 89
5 426
5 594
5 151
6 242
6 13
6 15
6 24
6 650
6 372
6 92
6 513
6 181
6 281
6 189
6 157
6 839
6 257
6 130
6 286
6 832
6 43
6 151
6 289
7 24
7 588
7 173
7 14
7 27
7 32
7 758
7 143
7 775
7 976
7 295
7 718
7 163
7 446
7 133
7 247
7 197
7 260
7 195
7 777
7 474
7 337
7 352
7 104
7 25
7 206
7 10
7 454
7 26
7 834
7 33
7 158
7 37
7 743
7 116
7 52
7 296
7 898
8 10
8 34
8 66
8 24
8 37
8 41
8 870
8 84
8 114
8 818
8 859
8 999
8 145
8 210
8 11
8 56
8 514
8 120
8 150
8 192
8 524
8 258
8 561
8 306
8 35
8 327
8 389
8 390
8 631
8 190
8 68
8 754
8 535
8 488
8 625
8 225
8 790
8 14
8 649
8 151
8 70
8 399
9 247
9 11
9 63
9 116
9 798
9 139
9 144
9 169
9 28
9 339
9 983
9 24
9 683
9 101
9 34
9 26
9 60
9 914
10 19
10 14
10 510
10 33
10 36
10 289
10 632
10 67
10 544
10 499
10 134
10 143
10 175
10 293
10 203
10 266
10 627
10 352
10 15
10 375
10 382
10 315
10 471
10 71
10 273
10 333
10 641
10 998
10 953
10 407
10 49
10 753
10 207
10 572
10 31
10 206
10 458
11 60
11 329
11 389
11 27
11 40
11 12
11 93
11 128
11 241
11 59
11 640
11 893
11 169
11 520
11 528
11 95
11 80
11 28
11 347
11 578
11 30
11 922
11 42
11 217
11 221
12 786
12 126
12 27
12 621
12 77
12 246
12 23
12 365
12 301
12 433
12 72
12 423
12 92
12 333
12 247
12 483
12 37
12 372
12 859
13 749
13 72
13 41
13 358
14 21
14 35
14 539
14 93
14 130
14 167
14 228
14 217
14 330
14 24
14 136
14 546
14 559
14 562
14 385
14 44
14 201
14 181
14 766
15 73
15 659
15 527
15 105
15 54
15 130
15 341
15 790
15 411
15 235
15 831
15 18
15 353
15 720
15 71
15 215
15 854
15 365
15 70
15 727
15 848
15 116
15 276
15 32
15 636
15 290
16 887
16 19
16 20
16 25
16 26
16 29
16 911
16 58
16 63
16 258
16 75
16 88
16 116
16 516
16 144
16 287
16 216
16 275
16 109
16 691
16 91
16 432
16 680
16 689
16 482
16 22
16 34
16 520
16 687
16 246
16 839
16 168
16 62
16 661
17 292
17 228
17 424
17 941
17 101
17 24
17 903
17 486
18 21
18 849
18 151
18 80
18 85
18 207
18 496
18 785
18 300
18 931
18 194
18 278
18 312
18 125
18 358
18 721
18 483
18 484
18 96
18 459
18 182
18 727
18 140
18 658
18 403
18 331
18 253
18 670
18 434
18 72
19 137
19 457
19 207
19 494
19 43
19 181
19 62
19 693
20 441
20 129
20 192
20 79
20 785
20 294
20 665
20 578
20 318
21 45
21 785
21 68
21 356
21 211
21 792
21 152
21 210
21 633
21 117
21 87
21 763
21 219
21 291
22 467
22 108
22 76
22 511
23 104
23 333
23 328
23 507
23 240
23 42
23 433
23 572
23 330
24 384
24 32
24 34
24 261
24 64
24 67
24 101
24 237
24 751
24 707
24 124
24 756
24 127
24 162
24 106
24 231
24 517
24 770
24 25
24 678
24 82
24 78
24 458
24 169
24 363
24 112
24 40
24 41
24 297
24 234
24 598
24 74
24 548
24 37
24 646
24 480
24 983
24 698
24 994
25 258
25 56
25 77
25 98
25 428
25 133
25 818
25 397
25 106
25 742
25 958
25 203
25 931
25 280
25 300
25 302
25 843
25 334
25 768
25 351
25 633
25 969
25 803
25 116
25 598
25 338
25 147
25 668
25 269
25 64
25 329
26 29
26 512
26 88
26 45
26 52
26 65
26 764
26 70
26 78
26 137
26 140
26 358
26 338
26 585
26 236
26 299
26 305
26 339
26 100
26 979
26 216
26 544
26 232
26 122
26 590
26 724
26 40
26 101
26 403
26 49
26 975
27 270
27 444
27 110
27 37
27 699
27 130
27 823
27 328
27 359
27 311
27 904
27 438
27 39
27 90
28 171
28 201
28 56
28 113
28 577
28 690
28 264
28 488
28 576
28 654
28 844
29 42
29 196
29 169
29 830
29 236
29 498
29 249
29 206
30 125
30 196
30 149
30 248
30 124
30 206
31 298
31 65
31 825
31 222
31 420
31 731
31 181
31 936
31 90
31 694
31 408
31 883
31 719
32 71
32 206
32 375
32 38
32 216
32 290
32 200
32 248
32 217
32 990
32 462
32 390
32 70
32 673
33 269
33 890
33 90
33 360
33 102
33 587
33 137
33 141
33 206
33 143
33 36
33 280
33 184
33 915
33 411
33 62
33 467
33 42
33 84
33 815
33 65
33 87
33 204
33 663
34 676
34 894
34 823
34 687
34 93
34 61
34 79
34 889
34 318
34 334
34 384
34 390
34 424
34 531
34 222
34 117
34 591
35 168
35 64
35 826
35 879
35 775
35 237
35 115
35 330
35 356
35 157
35 451
35 373
35 495
35 411
35 97
35 647
35 220
35 407
35 68
35 154
35 230
35 504
35 66
36 269
36 150
36 563
36 268
36 386
36 451
37 737
37 44
37 407
37 178
37 63
37 71
37 432
37 83
37 238
37 115
37 141
37 655
37 148
37 72
37 219
37 223
37 47
37 864
37 842
37 298
37 668
37 241
37 312
37 395
37 415
37 629
37 494
37 353
37 157
37 442
37 271
37 327
37 739
37 907
37 166
37 140
37 64
37 890
37 830
38 648
38 925
38 164
38 67
38 194
38 453
38 825
38 413
38 236
38 744
38 962
39 548
39 260
39 221
39 146
39 133
39 523
39 395
39 754
39 151
40 56
40 818
40 91
40 200
40 776
40 427
40 959
40 310
40 300
40 126
40 422
40 311
41 453
41 289
41 250
41 477
41 582
41 964
41 752
41 100
41 57
41 450
42 575
42 149
42 47
42 558
42 763
43 774
43 295
43 619
43 288
43 325
43 944
43 59
43 849
43 127
44 915
44 104
44 142
44 65
44 718
44 139
44 536
44 75
44 768
44 555
44 837
44 342
44 71
44 310
44 244
45 192
45 61
45 100
45 505
45 815
45 56
45 116
45 741
45 556
45 788
45 880
46 235
46 677
46 211
46 431
46 65
46 721
46 79
47 634
47 600
47 67
47 838
47 212
47 220
47 227
47 166
47 795
47 58
48 763
48 329
48 222
48 640
48 252
48 695
48 304
48 181
49 840
49 472
49 203
49 257
49 220
49 194
50 89
50 172
50 798
50 670
50 480
51 215
51 927
51 182
51 261
51 323
51 364
51 616
51 714
52 180
52 203
52 140
52 343
52 70
53 541
53 252
53 99
53 347
53 554
53 61
53 275
53 333
53 231
53 835
53 487
53 140
53 206
54 611
54 656
54 269
54 518
54 326
54 133
55 67
55 826
55 955
55 482
56 80
56 748
56 364
56 262
56 222
56 631
56 85
56 915
56 92
56 384
57 444
57 653
57 103
57 566
57 910
57 371
57 373
57 992
57 949
57 819
57 720
58 926
58 61
58 71
58 91
58 857
58 595
58 114
58 675
58 448
58 66
58 642
58 695
58 460
59 145
59 652
59 69
59 89
59 126
59 146
59 612
59 417
59 87
59 200
59 705
59 223
59 243
59 638
59 249
59 166
59 789
59 761
59 115
59 164
59 760
59 113
59 768
60 214
60 508
60 424
60 202
61 346
61 72
61 418
61 206
61 329
61 495
61 516
61 585
61 149
61 130
61 787
61 132
61 121
62 173
62 448
62 159
62 182
62 196
62 108
62 286
62 511
63 83
63 95
63 962
63 102
63 882
63 200
63 115
63 117
63 316
63 92
63 191
63 586
63 231
63 347
63 783
63 407
63 632
63 118
63 449
63 485
63 319
63 85
63 459
63 182
63 169
64 570
64 265
64 379
64 232
64 83
64 657
65 315
65 672
65 603
65 197
65 127
65 177
65 69
66 732
66 458
66 215
66 346
66 448
66 97
66 345
66 697
66 332
66 737
66 937
67 305
67 355
67 999
67 358
67 294
67 377
67 602
67 245
68 132
68 106
68 279
68 273
68 471
68 490
68 127
68 595
68 865
68 331
68 277
68 888
68 110
68 178
69 315
69 101
69 863
69 157
69 233
69 898
69 954
70 127
70 747
70 161
70 194
70 89
70 80
70 227
71 935
71 151
71 205
71 200
71 246
71 100
71 644
71 83
71 964
71 992
72 842
72 450
72 220
72 110
72 142
72 278
72 128
72 342
72 95
72 297
73 278
73 972
73 656
73 284
73 314
74 320
74 246
74 386
74 957
74 100
74 917
74 195
74 838
75 82
75 139
75 918
75 378
75 354
75 217
75 672
75 358
75 852
76 89
76 168
76 414
76 236
76 520
77 476
77 188
77 400
77 197
77 392
78 597
79 834
79 367
79 463
79 947
79 170
80 967
80 841
80 342
80 159
80 297
80 157
80 689
80 899
81 607
81 424
81 96
81 154
81 191
81 200
81 422
81 139
81 444
81 500
81 666
81 308
81 671
82 252
82 177
82 548
82 486
83 161
83 135
83 102
83 84
83 801
83 379
83 150
83 956
83 428
83 462
83 241
83 486
83 497
83 494
83 635
83 105
83 939
83 385
84 105
84 507
84 916
84 188
84 531
84 475
85 577
85 281
85 175
85 132
85 299
85 123
85 252
85 500
85 206
85 776
86 390
86 232
87 522
88 110
88 498
89 830
89 205
89 780
89 215
90 707
90 92
90 95
90 286
90 764
90 159
90 724
90 285
90 453
90 310
90 152
90 105
90 418
90 458
91 703
91 217
91 391
91 579
92 163
92 105
92 158
92 386
92 113
92 379
92 214
92 93
92 980
92 144
92 937
92 485
92 394
92 984
93 663
93 281
93 908
93 383
93 203
93 209
93 211
93 155
93 162
93 185
93 120
94 104
94 728
94 317
94 674
94 97
94 668
94 914
94 986
95 101
95 339
95 692
95 528
95 197
95 336
96 285
96 919
96 928
97 254
97 984
97 232
97 468
97 207
97 733
97 203
97 565
97 676
97 585
97 966
97 327
98 128
98 886
98 115
98 140
98 528
98 259
98 361
99 616
99 770
99 207
99 237
99 584
100 197
100 119
100 679
100 519
100 554
101 344
101 864
101 275
101 473
101 527
101 401
101 212
101 221
102 847
102 317
102 421
102 343
103 283
103 908
103 758
103 741
103 936
104 821
104 404
104 285
104 229
104 252
104 301
104 244
104 407
104 840
104 628
104 347
105 273
105 338
105 291
105 746
105 152
105 294
106 386
106 232
106 369
106 982
106 256
106 333
106 114
106 817
106 724
107 357
107 193
107 663
108 465
109 494
109 210
110 150
110 210
110 287
110 138
110 429
110 175
110 328
110 856
111 500
111 479
111 504
111 179
111 921
111 543
112 160
112 576
112 969
112 686
112 123
112 307
113 210
113 418
113 297
113 287
113 484
113 290
114 952
114 466
114 846
114 308
115 510
115 301
115 534
115 305
115 599
115 613
116 131
116 548
116 591
116 293
116 195
116 208
116 177
116 256
116 809
116 480
116 300
116 281
116 336
116 192
116 121
116 139
116 311
117 709
117 129
117 533
117 440
117 460
117 866
117 567
118 184
118 319
118 351
118 855
119 179
119 700
119 920
119 552
119 297
119 396
119 348
119 460
119 312
120 549
120 694
120 335
121 874
121 412
121 963
121 303
121 905
121 187
121 126
121 269
122 762
122 658
122 318
122 527
122 161
123 145
123 469
124 678
124 387
124 242
124 839
125 249
126 610
126 244
126 180
127 237
127 187
127 282
128 386
128 930
128 181
129 249
129 639
129 693
129 218
129 404
129 546
129 653
129 715
129 570
130 752
130 526
131 875
131 873
132 974
132 237
132 982
133 745
133 143
133 198
134 419
134 266
134 593
134 868
134 748
135 836
135 784
136 142
136 636
136 159
136 516
136 997
136 747
136 701
136 809
136 327
137 769
137 170
138 485
138 967
138 589
139 146
139 436
139 409
139 336
139 294
139 725
139 457
139 644
139 214
139 313
139 994
140 343
140 505
140 377
140 204
140 214
140 308
140 182
140 441
140 642
140 535
140 557
140 570
141 178
141 518
142 847
142 341
142 413
142 991
143 317
143 525
143 580
143 732
143 744
143 733
144 202
144 610
145 497
145 324
145 552
146 147
146 235
146 759
146 581
146 416
146 446
146 700
146 422
146 790
146 399
146 200
146 158
147 728
147 759
147 914
148 391
148 298
149 325
150 337
150 489
150 545
151 215
151 217
151 244
151 307
151 347
151 510
151 154
152 234
152 790
153 389
153 954
153 636
153 840
154 711
154 632
154 164
154 169
154 203
154 973
154 327
155 157
155 869
155 995
155 540
155 206
155 195
156 578
156 661
156 617
156 583
157 653
157 420
157 511
157 437
157 181
158 205
158 170
158 233
158 159
158 912
158 953
158 295
159 302
160 682
160 889
160 215
160 360
161 392
161 822
161 693
162 621
162 556
162 392
162 338
162 165
162 364
163 932
163 421
163 396
163 515
163 702
163 294
163 268
164 401
164 884
164 334
164 195
164 659
165 502
165 776
166 554
166 627
166 833
166 900
166 726
167 637
167 479
167 809
168 330
168 917
168 420
168 633
168 788
168 394
169 490
169 225
169 364
169 742
169 381
169 284
169 773
169 695
169 827
170 623
170 845
170 181
170 755
170 434
171 841
171 187
171 458
171 440
172 626
172 971
173 329
173 756
173 575
173 570
174 965
174 638
174 878
174 227
175 629
175 460
175 480
175 907
175 227
176 303
176 528
177 181
177 502
177 539
178 591
179 536
179 576
179 424
180 627
180 934
181 249
181 242
181 820
181 351
181 347
181 950
181 863
181 654
181 935
181 308
181 856
182 570
182 676
182 250
182 675
182 198
182 367
182 421
182 381
183 418
183 196
183 872
183 915
183 401
184 655
184 265
184 191
184 497
185 242
185 430
185 669
185 750
186 293
186 614
187 206
188 224
188 361
188 684
188 262
188 701
189 477
189 461
190 206
190 873
190 370
191 709
191 458
191 674
192 203
192 426
192 604
193 586
193 432
193 294
194 722
194 378
194 351
194 413
194 589
194 875
194 804
195 736
195 848
196 385
196 212
196 330
196 358
196 670
196 730
197 561
197 268
197 610
197 266
198 234
198 764
199 945
199 633
199 282
199 295
200 426
200 867
200 908
201 900
201 549
202 739
202 287
202 289
202 815
202 775
202 219
203 535
203 589
203 330
203 622
203 873
203 805
203 302
203 269
204 472
204 966
204 888
204 862
204 553
205 735
205 618
205 298
205 369
205 692
206 993
206 521
206 279
207 711
207 334
207 657
207 553
207 421
207 229
207 714
208 261
208 560
208 903
209 965
209 664
209 805
210 410
211 637
211 412
211 926
211 586
211 647
211 998
211 945
212 988
212 901
212 232
212 274
212 490
212 258
212 925
213 247
213 579
213 466
213 509
214 360
214 442
215 302
215 819
215 418
216 267
217 364
217 331
217 803
217 667
217 361
218 427
218 254
218 622
219 296
219 800
219 250
219 831
220 906
220 473
220 314
220 588
220 924
220 801
221 702
221 606
222 551
222 241
223 427
223 362
223 930
224 837
224 919
224 829
225 248
225 642
225 401
225 876
225 603
226 943
226 332
226 715
227 995
227 272
227 619
227 268
227 462
227 706
227 565
227 568
228 949
228 793
228 368
229 392
229 438
229 430
230 437
230 577
231 757
231 886
231 467
232 634
232 793
232 275
233 742
233 508
234 537
235 956
235 705
236 866
236 943
236 431
236 423
237 753
237 862
237 772
238 654
238 974
238 350
238 608
239 902
239 322
239 283
239 506
239 465
239 309
240 597
240 452
241 666
241 532
241 513
241 651
242 431
242 442
242 639
242 996
243 345
244 988
245 461
245 907
245 955
245 696
246 442
246 573
247 254
247 563
247 760
248 468
248 944
249 422
249 757
250 881
251 945
252 627
253 909
253 960
253 811
253 437
253 921
254 876
254 326
255 847
255 786
255 891
255 555
256 901
256 356
257 417
257 357
257 846
257 848
257 457
258 906
258 833
259 544
259 380
259 564
259 569
260 433
260 410
261 616
261 380
261 778
262 630
263 350
263 336
263 735
264 608
264 567
264 578
264 849
265 966
265 292
265 626
265 358
266 977
267 500
267 487
267 809
268 470
268 567
268 630
270 931
270 592
271 554
271 600
271 369
272 702
272 316
272 438
272 381
272 602
273 573
273 623
274 440
274 684
275 480
275 611
275 554
275 933
275 380
275 425
276 979
276 639
277 736
277 525
277 762
277 379
278 802
278 352
278 814
279 581
279 547
280 970
281 583
281 909
282 974
282 792
282 568
283 794
283 754
284 878
284 797
284 555
285 436
285 335
286 512
287 800
287 304
287 549
287 308
287 812
288 399
288 950
288 774
288 655
289 569
289 808
289 413
289 326
290 550
290 493
291 651
291 522
291 534
291 980
291 403
292 476
292 385
293 348
294 658
294 683
294 373
294 893
294 491
294 389
295 860
295 990
295 618
296 481
296 926
297 777
297 502
297 929
298 530
298 342
298 615
298 708
298 301
299 553
299 516
299 418
299 665
299 835
300 360
301 878
301 744
301 352
302 564
302 476
303 409
303 835
303 885
304 526
304 706
304 819
304 343
304 798
304 755
305 534
306 321
306 330
306 323
307 631
307 688
307 638
308 681
308 414
308 490
309 421
309 675
309 959
309 725
310 609
310 669
310 502
310 762
311 362
311 970
312 931
312 992
313 457
313 740
313 458
313 643
314 616
314 542
314 698
314 784
314 677
315 690
315 948
315 897
316 995
316 349
317 688
317 912
318 564
318 784
319 695
319 630
319 449
319 547
319 972
320 333
320 801
321 737
321 865
321 862
321 543
321 977
322 894
322 858
322 875
323 330
323 788
323 332
324 993
324 550
324 958
326 408
326 564
327 486
327 375
328 383
328 621
329 771
329 513
329 562
330 538
330 626
330 898
330 598
330 751
330 731
330 449
331 877
331 827
331 434
332 787
333 613
333 804
333 883
333 609
334 382
334 423
336 728
336 456
336 975
337 514
337 362
338 938
338 880
339 778
340 799
340 774
340 608
341 712
341 752
341 824
342 970
342 872
343 795
343 893
344 885
344 693
345 471
346 574
346 765
346 489
347 398
347 977
347 886
347 582
347 890
347 712
347 698
347 620
348 420
348 988
348 901
349 610
349 895
350 722
350 701
351 697
351 891
353 801
353 677
354 767
354 435
355 478
355 981
355 913
355 510
357 910
358 580
358 934
358 474
359 808
359 473
359 493
360 812
362 641
363 478
363 916
363 989
363 978
363 629
365 555
365 395
366 828
366 484
366 951
367 778
367 758
368 462
368 451
369 997
369 470
370 460
370 512
371 952
372 558
373 434
374 674
374 463
374 843
375 728
375 846
376 815
376 973
377 766
377 575
377 566
378 382
378 439
378 748
379 529
379 911
380 405
381 661
381 868
382 746
382 933
384 521
384 836
385 687
385 693
385 500
385 501
386 405
387 867
387 998
388 718
388 662
388 605
389 482
390 653
390 617
391 509
391 510
393 574
393 474
393 605
393 743
394 519
394 933
395 691
395 398
396 790
397 615
397 697
398 635
399 714
400 402
400 671
400 769
402 703
403 463
404 948
404 453
405 864
406 546
406 963
406 561
407 884
407 463
407 983
408 794
408 961
409 584
409 560
409 633
410 537
412 592
414 454
415 752
415 685
416 810
416 984
417 713
418 871
419 737
419 534
420 682
420 743
420 828
420 638
420 645
422 708
422 634
423 782
423 531
424 544
425 833
425 573
426 446
426 475
426 639
426 737
427 937
427 680
428 571
429 880
429 989
430 920
430 922
431 886
433 876
435 906
436 874
437 716
437 591
438 739
439 846
439 571
439 654
440 753
440 843
441 624
441 730
442 740
442 640
443 836
443 710
443 617
444 552
444 590
444 501
445 935
445 492
445 923
446 889
446 583
447 749
447 449
447 896
448 585
448 515
449 750
450 545
450 902
450 692
451 859
451 708
451 651
452 858
452 852
453 965
454 770
454 651
454 505
455 614
455 560
456 681
456 828
456 857
457 723
457 826
457 949
458 783
459 896
459 783
461 813
461 651
461 491
464 837
464 923
464 976
465 899
466 946
468 590
468 624
469 696
470 475
472 910
474 832
475 955
477 588
477 782
478 987
479 601
480 789
480 919
481 751
482 922
483 856
484 860
485 567
487 672
488 961
488 711
488 864
488 796
488 791
489 855
490 496
490 892
491 512
491 976
492 807
492 811
493 508
495 546
495 807
496 938
496 924
496 519
496 625
497 966
497 606
498 903
499 879
499 968
500 551
501 713
503 929
503 791
503 730
504 715
506 817
506 822
507 662
507 555
507 928
509 682
509 628
509 672
509 811
510 691
511 909
511 605
513 649
515 571
515 813
517 582
518 523
520 627
520 754
521 650
522 881
523 625
523 857
524 528
524 731
525 717
525 844
525 533
526 590
527 895
527 936
529 564
529 734
530 734
530 832
532 956
532 666
532 753
533 643
536 786
537 624
538 673
538 816
539 905
540 825
540 790
541 685
541 897
542 669
542 940
542 882
543 771
544 572
545 871
547 652
547 752
548 608
550 863
551 765
551 799
554 644
555 897
557 869
557 650
557 858
557 647
558 599
559 750
559 796
560 778
562 962
563 756
564 861
565 577
566 821
568 733
568 603
570 855
570 707
574 807
575 605
575 715
576 899
577 969
578 757
579 593
580 978
581 773
581 709
582 728
584 867
584 765
585 823
586 829
587 812
587 646
588 895
590 932
591 665
592 869
593 594
595 740
595 853
595 913
596 648
596 729
596 927
597 987
598 607
598 960
598 629
598 986
598 660
598 883
599 652
599 601
600 994
601 991
602 978
602 942
604 624
604 911
605 625
606 664
607 810
609 954
611 739
612 930
612 716
613 845
614 948
615 841
616 668
616 806
618 863
618 939
619 870
620 957
620 792
622 904
623 808
625 767
627 727
628 971
628 879
629 740
633 746
633 796
634 854
636 917
636 729
637 850
640 904
641 802
643 741
644 725
645 723
645 795
646 781
646 961
647 981
648 677
650 939
652 794
655 820
656 979
657 879
659 924
660 877
664 781
664 946
665 981
667 964
667 892
671 887
672 852
673 720
676 772
677 824
678 750
679 947
680 882
681 703
683 750
683 759
684 902
685 884
685 853
686 700
688 779
689 924
690 934
693 990
694 987
695 887
696 780
696 716
697 727
699 905
699 932
702 860
704 707
705 930
706 772
707 896
708 913
710 823
711 713
712 918
712 881
714 951
717 918
717 996
718 735
719 928
719 761
721 802
722 916
723 997
726 767
726 814
727 782
729 941
730 745
734 950
737 888
738 800
740 993
745 891
750 787
754 921
756 789
757 877
760 797
761 985
766 985
768 975
769 940
771 818
773 799
775 953
775 868
776 806
779 817
779 858
780 797
781 985
785 942
786 943
791 865
793 927
800 853
803 814
804 872
805 854
806 967
810 871
813 892
815 999
815 827
816 874
824 851
829 912
830 991
831 861
834 946
842 870
844 900
845 972
850 942
885 894
908 986
920 951
929 958
939 947
940 971
944 996
959 980
973 982
