0 1
0 2
0 3
0 298
0 5
0 8
0 9
0 10
0 12
0 13
0 16
0 18
0 19
0 20
0 25
0 905
0 28
0 29
0 30
0 31
0 36
0 43
0 44
0 46
0 49
0 50
0 54
0 55
0 56
0 58
0 91
0 97
0 103
0 119
0 121
0 124
0 127
0 131
0 143
0 144
0 156
0 162
0 170
0 183
0 96
0 198
0 203
0 209
0 219
0 225
0 232
0 241
0 252
0 254
0 255
0 261
0 262
0 274
0 306
0 288
0 295
0 311
0 338
0 351
0 363
0 372
0 385
0 386
0 393
0 403
0 418
0 454
0 455
0 459
0 463
0 476
0 514
0 516
0 526
0 557
0 559
0 565
0 575
0 592
0 595
0 610
0 612
0 634
0 703
0 777
0 779
0 805
0 853
0 854
0 874
0 879
0 934
1 2
1 3
1 4
1 8
1 14
1 15
1 40
1 54
1 34
1 72
1 80
1 121
1 234
1 259
1 609
1 563
1 215
1 295
1 230
1 408
1 266
1 306
1 313
1 324
1 909
1 53
1 361
1 532
1 290
1 537
1 769
1 961
1 811
1 550
1 331
1 840
1 426
1 200
1 618
2 3
2 5
2 6
2 9
2 10
2 11
2 15
2 16
2 17
2 18
2 20
2 23
2 32
2 128
2 52
2 287
2 59
2 64
2 284
2 71
2 77
2 79
2 793
2 89
2 45
2 425
2 145
2 117
2 135
2 136
2 401
2 944
2 616
2 8
2 173
2 187
2 636
2 201
2 925
2 213
2 626
2 963
2 248
2 268
2 138
2 283
2 475
2 96
2 329
2 335
2 336
2 36
2 162
2 783
2 299
2 225
2 146
2 383
2 446
2 555
2 612
2 849
2 630
2 256
2 19
2 220
2 578
2 615
2 796
2 127
2 31
2 825
2 861
2 739
2 53
2 852
2 496
2 433
2 40
2 485
2 592
2 855
2 884
2 895
2 914
2 938
2 305
3 4
3 5
3 26
3 7
3 10
3 575
3 17
3 19
3 289
3 38
3 30
3 62
3 829
3 180
3 690
3 122
3 97
3 102
3 37
3 140
3 151
3 157
3 983
3 22
3 162
3 113
3 481
3 970
3 242
3 251
3 76
3 267
3 602
3 315
3 339
3 379
3 901
3 342
3 16
3 95
3 434
3 290
3 13
3 46
3 59
3 489
3 501
3 643
3 542
3 608
3 560
3 576
3 412
3 331
3 637
3 660
3 663
3 686
3 56
3 310
3 123
3 726
3 164
3 319
3 150
3 985
3 841
3 196
3 21
3 73
3 341
4 472
4 15
4 9
4 935
4 420
4 19
4 797
4 886
4 58
4 60
4 16
4 100
4 122
4 206
4 134
4 146
4 156
4 770
4 125
4 938
4 267
4 79
4 5
4 715
4 149
4 380
4 860
4 691
4 925
4 28
4 311
4 499
4 130
4 167
4 88
4 410
4 521
4 45
4 827
4 293
4 91
4 882
4 965
4 972
4 101
4 307
5 246
5 431
5 13
5 22
5 25
5 26
5 444
5 35
5 9
5 65
5 259
5 212
5 83
5 95
5 27
5 264
5 118
5 142
5 151
5 28
5 18
5 181
5 196
5 922
5 29
5 714
5 663
5 243
5 286
5 32
5 370
5 261
5 238
5 421
5 161
5 507
5 12
5 937
5 800
5 594
5 201
5 311
5 400
5 695
5 323
5 723
5 20
5 343
5 163
5 780
5 848
5 912
5 74
6 330
6 46
6 8
6 895
6 24
6 25
6 239
6 64
6 210
6 219
6 215
6 277
6 410
6 814
6 674
6 976
6 604
6 749
6 89
6 31
6 892
6 179
6 13
6 969
7 84
7 13
7 47
7 70
7 89
7 381
7 100
7 543
7 697
7 359
7 837
7 660
7 137
7 299
7 582
7 514
7 323
8 11
8 240
8 28
8 45
8 286
8 53
8 80
8 81
8 915
8 58
8 134
8 173
8 742
8 200
8 205
8 220
8 456
8 652
8 204
8 894
8 234
8 482
8 258
8 401
8 278
8 307
8 789
8 451
8 100
8 546
8 30
8 624
8 640
8 709
8 913
8 184
8 906
8 626
8 345
9 14
9 17
9 18
9 20
9 27
9 28
9 365
9 788
9 52
9 60
9 940
9 85
9 87
9 247
9 846
9 116
9 595
9 139
9 136
9 82
9 200
9 235
9 217
9 104
9 311
9 319
9 838
9 125
9 380
9 29
9 345
9 120
9 560
9 169
9 632
9 55
9 45
9 159
9 184
9 553
9 65
9 374
9 529
9 465
9 151
9 33
9 231
9 290
10 13
10 33
10 768
10 983
10 28
10 193
10 75
10 188
10 206
10 218
10 90
10 334
10 725
10 128
10 752
10 211
10 316
10 522
10 166
10 401
10 21
11 492
11 247
11 441
11 61
11 112
11 926
11 773
11 988
11 208
11 165
11 22
11 24
12 628
12 814
12 21
12 32
12 42
12 41
12 498
12 64
12 73
12 14
12 986
12 237
12 250
12 278
12 264
12 269
12 291
12 369
12 377
12 405
12 281
12 122
12 534
12 30
13 14
13 23
13 38
13 45
13 48
13 56
13 63
13 953
13 338
13 180
13 232
13 218
13 519
13 410
13 557
13 262
13 248
13 84
13 955
13 331
13 767
13 358
13 880
13 387
13 87
13 748
13 210
13 470
13 472
13 508
13 568
13 25
13 103
13 20
13 667
13 970
13 740
13 965
13 113
13 954
13 577
13 36
13 937
13 911
13 251
13 79
14 16
14 29
14 31
14 55
14 484
14 67
14 25
14 91
14 102
14 152
14 191
14 210
14 130
14 334
14 39
14 305
14 368
14 366
14 438
14 457
14 775
14 510
14 550
14 228
14 36
14 684
14 196
14 80
14 944
14 452
15 440
15 135
15 251
15 304
16 24
16 971
16 300
16 532
16 154
16 206
16 866
16 204
16 239
16 277
16 70
16 90
16 433
16 972
16 156
16 501
16 178
16 939
16 196
16 861
16 410
16 850
16 402
17 46
17 19
17 884
17 54
17 413
17 203
17 287
17 467
17 473
17 641
17 357
17 730
17 923
17 133
17 526
17 83
18 21
18 934
18 26
18 34
18 68
18 67
18 74
18 75
18 165
18 99
18 127
18 147
18 304
18 159
18 98
18 259
18 222
18 226
18 342
18 440
18 575
18 550
18 791
18 441
18 167
18 95
18 59
18 214
18 23
18 53
18 256
18 364
19 81
19 47
19 89
19 127
19 152
19 242
19 742
19 232
19 367
19 560
19 30
19 422
19 120
19 957
19 98
19 157
19 418
19 728
19 693
20 102
20 23
20 31
20 778
20 37
20 122
20 258
20 857
20 645
20 95
20 110
20 641
20 653
20 150
20 171
20 179
20 73
20 452
20 665
20 176
20 448
20 814
20 341
20 639
20 148
20 313
20 39
20 394
20 42
20 296
20 119
20 197
21 184
21 42
21 180
21 994
21 26
21 423
21 245
21 232
21 96
21 656
21 714
21 522
21 481
21 795
21 760
21 35
22 676
22 208
22 37
22 54
22 684
22 95
22 858
22 267
22 418
22 45
22 297
22 509
22 471
22 93
23 43
23 381
23 277
23 32
23 48
23 295
23 493
23 365
24 617
24 358
24 481
24 161
24 950
24 101
24 27
24 327
24 394
25 62
25 332
25 930
25 164
25 166
25 53
25 247
25 635
25 161
25 507
25 390
25 731
25 106
25 184
25 849
25 265
25 263
25 655
26 816
26 179
26 39
26 275
26 253
26 113
26 931
26 145
26 293
26 184
26 282
26 183
26 434
26 120
26 447
26 735
26 318
26 808
26 28
26 128
26 959
27 748
27 887
27 35
27 119
27 992
27 51
27 73
27 584
27 40
27 373
27 413
27 823
27 59
27 261
28 355
28 464
28 98
28 111
28 112
28 143
28 136
28 199
28 244
28 273
28 327
28 987
28 78
28 73
28 437
28 724
28 991
28 200
28 364
28 871
28 74
28 600
28 802
28 793
28 605
28 915
28 50
28 558
28 985
29 90
29 727
29 971
29 561
29 63
29 203
29 410
29 529
30 359
30 266
30 574
30 544
30 241
30 650
30 170
30 958
31 34
31 106
31 795
31 862
31 278
31 35
31 210
31 358
31 668
31 409
31 448
31 967
31 658
31 83
32 422
32 128
32 101
32 943
32 138
32 477
32 280
32 504
32 518
32 374
32 103
32 444
32 660
33 943
33 49
33 161
33 154
33 260
33 766
33 222
33 513
33 573
33 626
33 302
33 576
33 358
33 278
33 311
34 239
34 172
34 318
34 322
34 403
34 415
34 465
34 612
35 887
35 247
35 90
35 359
35 776
35 115
35 139
35 228
35 468
35 119
35 187
35 124
35 39
35 137
35 413
36 304
36 98
36 535
36 121
36 779
36 807
36 311
36 702
36 682
37 960
37 533
37 378
37 64
38 226
38 64
38 374
38 175
38 468
38 515
38 863
39 568
39 845
39 57
39 86
39 82
39 329
39 148
39 437
39 207
39 604
39 147
39 172
39 439
39 585
39 50
39 746
39 506
39 494
40 44
40 211
40 48
40 96
40 162
40 473
40 245
40 258
40 802
40 964
40 266
40 123
40 646
40 672
40 139
40 597
40 872
40 979
41 807
41 74
41 283
41 974
41 57
41 223
41 659
41 679
41 101
42 104
42 889
42 152
42 387
42 126
42 446
43 284
43 248
43 920
43 608
43 240
43 600
44 215
44 460
44 286
44 653
44 64
44 242
45 49
45 62
45 66
45 70
45 677
45 79
45 782
45 463
45 467
45 201
45 273
45 716
45 401
45 196
45 583
45 125
45 537
45 485
45 587
45 83
45 693
45 998
45 711
45 977
45 84
45 973
45 313
45 256
45 188
46 798
46 707
46 642
46 441
46 81
46 613
47 582
47 53
47 184
47 550
47 190
47 232
47 365
47 616
47 689
47 555
47 474
47 168
48 806
48 617
48 988
48 537
48 926
48 340
49 92
49 101
49 103
49 497
49 152
49 163
49 828
49 184
49 360
49 576
49 762
50 138
50 471
50 302
50 284
50 761
50 753
50 234
51 118
51 257
51 433
51 616
51 120
51 314
51 747
51 562
51 976
51 928
52 258
52 74
52 881
52 708
52 157
52 293
52 491
52 461
52 88
53 806
53 63
53 569
53 177
53 85
53 87
53 133
53 201
53 146
53 983
53 195
53 196
53 242
53 488
53 285
53 296
53 797
53 89
53 484
53 92
53 575
53 369
53 557
53 628
53 678
53 351
54 772
54 532
54 199
54 134
54 360
54 254
54 297
54 789
54 344
55 185
55 74
55 177
55 81
55 139
55 78
55 57
55 839
55 656
56 571
56 96
56 146
56 205
56 167
56 454
56 377
56 73
57 781
57 771
57 270
57 237
57 80
57 659
57 745
58 65
58 114
58 755
58 95
58 376
58 268
58 152
58 542
58 100
58 784
58 115
58 389
58 59
59 995
59 685
59 109
59 159
59 220
59 263
59 870
59 210
59 145
59 718
60 66
60 154
60 306
60 229
60 362
60 157
60 388
60 173
60 126
60 586
60 110
60 908
60 846
60 419
61 305
61 611
61 192
62 627
62 166
63 241
63 105
63 232
63 242
63 532
63 613
63 371
63 310
64 83
64 116
64 126
64 213
64 164
64 88
64 349
64 502
64 912
65 240
65 285
65 310
65 596
65 466
65 669
66 528
66 92
66 200
66 361
66 284
67 73
67 234
67 242
67 154
67 774
67 391
67 138
68 333
68 554
68 623
68 120
68 108
68 430
68 395
68 736
68 207
69 223
69 576
69 950
70 482
70 563
70 470
71 169
71 73
71 872
71 854
71 112
71 432
72 990
72 793
72 375
73 436
73 210
73 515
73 676
73 589
73 138
73 299
73 305
73 370
73 643
73 576
73 259
73 646
74 138
74 255
74 87
74 88
74 362
74 203
74 235
74 245
74 370
74 561
74 580
74 256
75 159
75 433
75 442
75 428
75 588
75 308
75 324
75 422
75 90
75 585
75 127
76 653
76 310
76 123
76 830
76 923
76 869
77 410
77 430
77 621
78 473
78 426
78 338
78 844
78 240
78 527
79 816
79 565
79 372
79 394
80 876
80 278
80 896
80 478
80 893
81 321
81 159
81 958
81 402
82 152
82 320
82 841
82 238
82 733
82 815
82 105
82 829
82 633
82 683
83 138
83 491
83 152
83 842
83 220
83 726
83 398
83 142
83 493
83 510
83 98
83 316
83 135
84 395
84 133
84 274
84 339
84 681
85 193
85 631
85 949
85 461
85 298
85 317
85 544
85 607
85 976
85 151
86 488
86 210
86 909
86 89
86 446
86 180
86 191
86 507
86 115
87 104
87 655
87 623
87 594
87 682
87 193
87 706
87 309
87 276
87 92
87 168
87 95
87 598
87 216
88 756
88 90
88 91
88 315
88 590
88 247
88 857
88 788
89 252
89 505
89 157
89 847
89 270
90 686
90 115
90 129
90 140
90 720
90 290
90 653
91 182
91 673
91 110
91 201
91 349
91 838
92 918
92 904
92 180
92 415
92 247
92 507
92 173
92 295
92 128
92 869
93 553
93 363
93 219
93 544
94 521
94 723
94 301
94 536
94 276
95 535
95 358
95 258
95 144
95 260
95 124
95 323
95 236
95 526
95 104
96 187
96 956
96 480
97 468
97 337
97 585
97 670
97 393
97 118
98 706
98 100
98 916
98 318
98 834
98 543
98 660
98 900
98 555
98 860
99 990
99 891
99 448
99 638
100 810
100 563
100 492
100 180
101 646
101 337
101 223
101 272
101 234
102 740
102 845
103 529
103 136
103 692
103 140
103 936
103 295
103 468
103 955
104 935
104 758
104 424
104 802
104 879
104 554
104 213
104 530
104 310
105 775
105 574
105 525
105 785
105 234
106 183
106 311
106 279
106 221
106 281
106 387
106 597
106 145
106 324
106 335
107 311
107 493
107 455
107 374
107 423
108 947
108 535
109 996
109 750
109 121
110 431
110 902
110 285
111 953
111 867
111 773
112 202
112 443
112 484
112 455
112 286
112 541
112 755
112 495
112 758
112 279
112 365
112 278
113 249
113 390
113 120
113 942
113 275
113 115
114 298
114 457
114 194
114 266
115 203
115 885
115 151
115 285
115 181
115 260
115 463
115 511
115 715
115 210
115 564
115 257
115 813
116 567
116 599
116 240
116 690
117 342
117 427
117 575
117 303
117 294
117 493
117 803
117 903
118 317
118 163
118 251
118 454
118 389
118 971
118 457
118 285
119 685
119 789
119 630
119 369
119 859
119 841
120 322
120 139
120 163
120 233
120 368
120 183
120 912
120 641
120 636
120 191
120 811
120 721
121 862
121 457
121 275
121 804
122 249
122 477
122 787
122 539
122 645
123 888
123 125
123 226
123 257
123 310
124 354
124 624
124 127
124 618
124 305
125 417
125 483
125 224
125 269
125 330
125 443
125 558
125 687
125 405
126 690
126 488
126 419
126 485
126 410
127 444
127 933
127 336
127 743
127 420
127 247
127 311
127 292
127 947
128 819
128 171
128 605
129 619
129 717
129 216
129 709
129 372
129 431
129 281
129 647
129 258
129 201
130 531
130 504
130 223
130 287
130 189
130 396
130 701
131 951
131 882
131 311
131 487
132 734
132 982
132 822
133 227
133 904
133 219
133 351
134 523
134 988
134 413
134 483
134 184
134 752
134 987
134 411
134 835
135 990
135 382
136 720
136 271
136 540
137 170
137 299
137 221
137 415
137 247
137 746
137 678
137 191
137 465
138 211
138 292
138 317
138 295
138 255
138 233
138 530
139 169
139 147
139 242
139 355
139 946
139 646
139 573
140 178
140 696
140 821
141 397
141 529
141 820
141 178
141 339
141 980
141 941
142 240
142 696
142 962
143 844
143 827
143 443
143 768
143 157
144 620
144 737
144 818
145 571
145 482
146 352
146 959
146 643
147 734
147 561
147 197
147 164
147 187
148 640
148 665
148 178
148 712
148 205
148 619
148 410
148 319
148 345
149 478
149 162
149 940
149 782
150 357
150 498
150 175
150 781
150 152
150 480
151 232
151 455
152 199
152 335
152 930
152 700
152 442
152 999
153 186
153 313
153 217
153 220
153 780
154 448
154 195
154 196
154 531
154 634
155 283
155 296
155 688
155 241
155 659
155 820
155 269
155 249
155 585
156 263
156 614
157 203
157 735
157 275
157 397
157 362
157 334
157 806
157 191
158 915
158 739
158 410
159 315
159 268
159 237
159 853
159 832
160 684
160 731
160 241
160 634
161 244
161 296
161 261
161 210
162 756
162 450
162 387
163 328
163 258
163 190
163 444
163 184
163 345
163 406
163 571
164 735
164 254
164 186
164 649
165 880
165 419
165 166
165 437
166 534
167 370
167 542
167 280
167 470
168 404
168 224
168 340
168 496
168 759
168 800
168 756
168 631
169 824
169 548
169 267
170 525
171 375
171 855
171 513
171 259
171 376
172 939
172 856
172 487
172 387
172 615
173 327
173 469
173 458
173 812
173 661
174 224
174 300
174 211
174 222
175 936
175 632
175 332
175 737
176 455
176 450
177 346
177 720
177 736
177 417
177 683
177 547
178 905
178 579
178 439
178 811
178 328
179 341
179 371
179 349
179 941
179 247
179 401
180 229
180 956
181 411
181 757
181 335
182 321
182 750
182 418
182 371
182 403
183 202
183 978
183 920
184 744
184 924
184 705
184 714
184 404
184 415
185 451
185 244
186 388
186 472
186 448
187 493
187 453
187 389
188 710
188 477
188 259
188 395
188 923
188 952
188 236
189 408
189 568
189 765
190 699
190 467
190 907
190 849
191 202
191 652
192 411
192 969
192 645
192 910
193 456
193 278
193 286
193 378
193 416
193 543
194 375
194 323
194 496
194 278
195 449
195 324
195 563
195 792
196 403
196 325
196 826
196 322
196 378
197 754
197 491
197 517
197 697
197 881
198 399
198 741
198 255
199 432
199 327
200 591
200 377
200 259
201 516
201 410
201 480
201 527
201 637
202 396
203 613
203 547
203 580
203 331
204 259
204 226
204 285
204 542
205 865
206 593
206 347
206 493
206 650
207 265
207 719
207 216
207 298
207 613
207 581
207 997
208 264
208 883
208 485
209 882
209 732
210 401
210 812
210 560
211 489
212 490
212 556
213 908
213 267
213 281
213 933
213 747
214 874
214 727
214 837
215 278
215 270
215 439
215 551
215 998
216 631
216 591
216 482
216 472
217 371
217 946
217 825
217 396
218 603
218 843
218 289
219 681
219 866
219 689
219 556
219 568
220 306
220 326
220 489
220 282
220 467
220 451
221 594
221 239
221 366
221 790
222 975
222 506
222 932
223 508
224 523
224 271
224 383
224 482
224 278
224 893
224 713
224 554
224 233
225 868
225 953
225 760
226 471
227 424
227 528
227 265
227 878
228 565
228 657
229 648
229 666
229 738
230 603
230 926
230 856
231 264
231 845
232 246
232 584
232 987
232 629
232 598
233 984
233 929
234 317
234 409
234 985
235 504
236 778
236 317
237 692
237 281
238 698
238 762
238 705
239 749
240 633
240 416
241 464
241 333
241 246
241 873
242 522
242 483
243 398
243 693
243 617
243 722
243 876
244 451
244 843
244 286
244 447
245 619
245 794
246 417
247 410
247 381
247 261
247 260
247 312
247 506
247 511
247 279
248 529
248 929
249 599
249 997
249 747
249 332
249 464
250 517
250 269
251 883
251 713
251 628
252 765
253 526
253 728
255 290
255 261
256 497
256 639
256 992
257 826
257 607
258 330
258 577
258 384
259 297
260 392
261 348
261 445
261 830
261 672
262 687
262 708
263 297
264 387
264 487
264 555
264 747
265 678
265 828
265 833
266 344
266 270
266 708
266 656
267 389
267 319
267 279
268 347
268 364
268 358
269 414
270 606
270 468
270 951
270 552
270 873
270 330
270 560
270 598
270 684
270 981
271 336
271 751
271 497
271 890
271 918
271 447
272 775
272 285
272 700
273 356
273 303
274 360
274 577
274 555
275 929
275 625
275 765
276 579
276 363
276 944
277 509
277 769
278 282
279 533
280 303
280 654
280 787
280 330
280 642
280 548
280 719
281 748
282 465
282 329
282 666
283 609
284 501
284 809
284 386
285 754
285 850
286 921
286 847
287 896
287 710
287 384
287 626
287 703
287 538
288 415
288 352
289 864
289 396
290 897
290 563
290 815
291 986
291 605
292 421
292 851
292 574
293 817
293 494
293 611
294 467
294 914
295 632
295 767
295 327
295 907
295 516
295 814
298 310
298 762
299 859
299 466
299 867
299 449
299 709
299 518
300 375
301 791
301 994
302 402
302 426
302 675
302 665
302 569
303 463
303 397
304 625
304 800
304 499
304 532
304 416
305 894
305 396
305 836
306 807
307 651
308 319
308 529
308 763
308 526
308 365
309 479
309 895
309 704
311 444
311 751
311 906
311 834
312 445
312 904
312 395
313 593
313 682
314 435
314 738
315 414
316 664
316 352
317 458
317 783
317 451
318 322
318 902
318 939
319 721
319 654
320 835
320 498
320 599
321 518
321 465
322 446
322 602
322 590
323 643
323 513
324 671
325 831
325 649
325 618
325 644
326 565
326 782
326 515
327 512
327 959
328 877
329 672
330 391
330 792
330 824
330 468
330 686
332 952
332 524
333 519
333 835
335 886
336 425
337 383
337 970
338 678
338 756
338 642
338 406
339 445
339 524
340 664
340 468
340 605
341 701
342 718
343 670
343 435
344 536
344 702
344 532
345 863
346 760
346 724
347 712
347 919
348 984
348 932
349 480
349 460
350 880
350 390
350 443
350 989
351 757
353 530
353 500
353 474
353 481
354 360
354 392
355 479
355 685
356 438
356 403
356 898
356 855
357 713
357 456
358 410
358 599
358 566
358 399
359 872
360 651
360 377
360 438
361 871
361 877
361 844
362 698
363 391
363 770
364 628
364 975
365 505
366 879
366 690
367 759
367 795
367 770
368 866
368 899
369 512
369 529
370 648
371 510
372 459
372 479
373 379
373 744
373 382
374 928
376 738
376 694
377 522
377 424
377 622
378 903
379 992
379 493
379 442
380 836
380 621
381 948
381 607
382 731
383 535
384 870
384 447
384 635
385 400
385 810
386 513
386 765
387 942
387 711
387 464
388 448
388 536
388 776
390 701
390 538
390 749
391 921
392 469
392 541
393 832
395 892
396 682
397 813
398 700
399 516
399 685
399 669
399 657
400 667
401 729
402 489
402 454
403 422
403 497
403 857
403 911
404 486
404 798
404 625
405 593
405 512
406 514
406 421
407 503
407 504
407 818
408 778
408 547
409 817
409 968
409 744
410 448
411 851
412 729
412 966
412 849
413 890
413 613
414 935
414 429
414 949
415 543
415 913
418 624
419 449
419 804
420 500
420 703
421 621
422 461
422 474
422 804
423 747
423 844
423 955
424 477
424 786
425 611
425 783
427 984
427 865
428 706
428 888
429 900
429 653
430 613
430 727
431 639
431 495
431 552
432 975
432 996
433 567
434 901
434 802
434 682
435 820
436 538
436 804
437 633
437 551
438 622
439 997
439 806
439 832
440 856
440 745
440 952
441 487
441 752
441 888
442 760
442 570
442 969
443 520
443 789
445 782
445 862
446 871
448 809
448 553
449 707
449 644
450 650
450 616
451 846
452 850
452 523
453 718
453 861
454 496
454 742
455 549
455 813
456 924
457 703
458 980
459 695
460 887
460 931
461 629
461 608
462 720
462 965
462 544
463 958
463 906
464 699
464 949
464 688
464 723
466 596
466 567
466 570
469 726
469 829
470 682
472 617
473 509
473 580
473 529
474 808
474 999
475 590
475 927
476 613
476 572
478 982
481 886
481 585
482 502
483 874
485 673
485 725
486 553
486 644
487 905
487 833
488 539
488 957
490 794
490 956
490 689
491 824
491 917
492 735
493 654
494 745
495 876
495 642
496 808
496 908
496 801
497 805
497 694
499 838
499 580
500 538
500 526
501 674
502 925
503 604
503 761
503 629
503 594
505 883
506 675
508 688
509 933
510 564
511 647
512 885
514 894
517 974
517 866
519 680
519 529
520 960
520 539
520 543
521 885
522 597
522 607
522 747
523 649
524 680
524 579
525 670
525 913
527 601
528 848
530 716
531 708
533 616
534 680
534 610
536 591
537 630
537 642
540 717
540 586
541 884
544 652
544 655
545 897
545 910
545 592
546 978
546 917
547 839
548 569
548 859
548 599
549 858
549 634
550 753
551 562
552 678
553 573
554 981
554 727
555 729
555 803
555 738
556 596
557 751
557 683
558 772
559 816
559 664
560 810
562 927
563 586
564 799
566 712
566 758
569 572
570 893
570 916
572 891
572 892
574 578
574 773
577 928
578 823
578 903
579 847
581 819
581 720
581 764
582 617
582 781
583 611
583 618
583 897
584 938
586 719
587 826
587 847
588 848
588 620
589 650
589 972
591 794
595 904
598 619
599 836
600 771
600 671
601 689
601 679
602 626
603 623
603 831
605 732
605 815
606 954
606 666
606 663
606 817
607 746
608 920
609 859
609 713
610 615
611 614
612 637
614 779
617 763
617 774
619 673
620 661
621 627
622 661
622 640
623 954
624 877
624 694
625 716
625 667
627 855
629 791
629 830
631 648
635 822
636 761
638 924
638 932
641 762
643 828
643 964
643 671
644 681
645 710
647 977
647 663
649 977
650 875
651 868
651 772
657 864
657 886
658 785
658 673
662 716
662 668
662 698
664 692
666 980
668 856
669 951
670 930
670 750
672 710
674 840
674 803
675 739
676 724
677 881
677 724
679 921
685 858
686 999
687 998
691 741
691 822
695 922
696 809
697 743
698 843
699 927
700 993
701 963
702 799
702 710
702 716
704 868
704 737
704 973
705 850
707 916
707 995
711 993
714 740
715 974
715 901
717 961
718 979
721 917
722 873
722 734
725 982
728 919
730 936
730 745
731 989
732 790
733 787
733 960
736 853
741 994
742 805
743 993
752 916
753 797
754 898
755 763
757 909
759 790
763 867
764 991
764 946
766 922
766 777
767 851
768 842
769 986
771 801
774 860
775 948
776 875
777 945
780 839
784 865
784 799
785 968
786 821
786 818
788 957
792 854
796 950
796 891
797 899
798 833
801 973
803 864
808 900
811 948
812 961
813 821
819 890
821 943
823 914
825 896
827 837
830 964
831 870
834 846
835 842
839 966
840 979
852 858
852 966
863 902
869 941
875 942
878 947
878 978
884 911
889 898
889 940
899 931
907 945
910 968
918 995
919 963
934 989
937 962
945 962
967 981
967 996
972 991
