0 1
0 2
0 3
0 892
0 11
0 13
0 14
0 15
0 16
0 18
0 23
0 26
0 27
0 29
0 34
0 40
0 46
0 48
0 56
0 65
0 66
0 71
0 80
0 91
0 97
0 98
0 100
0 106
0 120
0 122
0 123
0 124
0 127
0 128
0 130
0 137
0 152
0 164
0 165
0 174
0 182
0 189
0 199
0 202
0 203
0 206
0 207
0 214
0 224
0 265
0 269
0 288
0 299
0 305
0 313
0 315
0 337
0 340
0 350
0 352
0 371
0 382
0 400
0 419
0 427
0 428
0 433
0 437
0 443
0 448
0 450
0 456
0 462
0 466
0 480
0 495
0 557
0 558
0 563
0 566
0 571
0 579
0 585
0 590
0 620
0 631
0 648
0 678
0 694
0 743
0 750
0 754
0 764
0 775
0 788
0 796
0 797
0 800
0 816
0 823
0 842
0 381
0 887
0 889
0 907
0 909
0 924
0 942
0 951
0 983
0 988
1 2
1 3
1 4
1 5
1 17
1 547
1 22
1 167
1 431
1 662
1 10
1 36
1 655
1 58
1 140
1 72
1 74
1 407
1 99
1 901
1 153
1 14
1 421
1 625
1 201
1 391
1 283
1 325
1 327
1 330
1 333
1 300
1 215
1 364
1 393
1 486
1 740
1 25
1 27
1 767
1 603
1 64
1 750
1 682
1 210
1 45
1 776
1 729
1 755
1 46
1 805
1 114
1 184
1 125
1 673
1 249
1 109
1 53
1 559
2 108
2 4
2 5
2 6
2 7
2 9
2 561
2 12
2 785
2 20
2 752
2 10
2 24
2 30
2 32
2 59
2 242
2 424
2 47
2 50
2 53
2 55
2 383
2 72
2 81
2 84
2 56
2 104
2 136
2 143
2 147
2 163
2 8
2 85
2 14
2 198
2 82
2 93
2 3
2 16
2 89
2 244
2 125
2 541
2 863
2 870
2 181
2 77
2 602
2 46
2 709
2 629
2 406
2 426
2 808
2 209
2 777
2 786
2 499
2 223
2 562
2 827
2 974
2 848
2 325
2 978
2 357
2 320
2 79
2 790
3 132
3 4
3 5
3 11
3 670
3 780
3 30
3 36
3 37
3 140
3 59
3 13
3 555
3 90
3 772
3 180
3 811
3 109
3 920
3 652
3 350
3 147
3 186
3 199
3 212
3 510
3 128
3 576
3 323
3 361
3 148
3 172
3 60
3 792
3 726
3 7
3 16
3 309
3 583
3 99
3 241
3 749
3 644
3 809
3 154
3 79
3 781
3 15
3 133
3 101
3 245
3 123
3 110
3 63
3 8
3 190
4 6
4 8
4 965
4 16
4 23
4 26
4 28
4 31
4 33
4 44
4 150
4 46
4 56
4 62
4 82
4 421
4 149
4 389
4 9
4 129
4 140
4 151
4 158
4 254
4 242
4 137
4 223
4 586
4 338
4 306
4 337
4 565
4 30
4 871
4 407
4 461
4 544
4 958
4 221
4 590
4 635
4 725
4 284
4 914
4 38
4 936
4 946
4 5
5 101
5 7
5 8
5 10
5 14
5 15
5 19
5 20
5 22
5 23
5 45
5 747
5 38
5 40
5 42
5 44
5 791
5 67
5 60
5 63
5 150
5 70
5 43
5 204
5 94
5 100
5 104
5 115
5 315
5 733
5 134
5 90
5 156
5 217
5 167
5 182
5 49
5 216
5 576
5 209
5 393
5 270
5 223
5 417
5 147
5 261
5 120
5 211
5 786
5 692
5 484
5 294
5 302
5 172
5 65
5 319
5 103
5 411
5 390
5 79
5 858
5 420
5 78
5 438
5 454
5 455
5 500
5 516
5 566
5 288
5 970
5 355
5 189
5 59
5 634
5 615
5 719
5 86
5 727
5 446
5 297
5 713
5 26
5 693
5 437
5 136
5 810
5 824
5 107
5 855
5 330
5 33
5 947
5 564
5 180
5 106
5 170
5 73
5 18
5 478
5 966
5 286
6 628
6 7
6 8
6 810
6 110
6 18
6 118
6 119
6 306
6 413
6 172
6 128
6 220
6 888
6 161
6 208
6 49
6 946
6 398
6 333
6 88
6 445
6 307
6 860
6 766
6 144
6 171
6 918
6 50
6 140
7 13
7 309
7 93
7 26
7 191
7 55
7 73
7 54
7 83
7 714
7 755
7 212
7 193
7 297
7 172
7 80
7 101
7 71
7 723
7 279
7 12
7 188
7 43
7 734
7 18
7 113
7 27
8 12
8 31
8 180
8 57
8 60
8 426
8 92
8 94
8 399
8 134
8 982
8 159
8 611
8 202
8 236
8 248
8 105
8 351
8 488
8 369
8 256
8 52
8 181
8 485
8 46
8 574
8 85
8 129
8 333
8 946
9 40
9 506
9 15
9 62
9 113
9 142
9 864
9 364
9 562
9 131
9 455
9 89
9 900
9 759
9 515
9 81
10 379
10 75
10 65
10 42
10 576
10 51
10 117
10 248
10 459
10 69
10 28
10 109
10 98
10 181
10 13
10 245
10 767
10 594
10 408
10 147
10 48
10 542
10 606
10 935
11 674
11 18
11 318
11 46
11 294
11 54
11 57
11 263
11 181
11 125
11 111
11 460
11 741
11 804
11 978
11 497
11 147
11 30
11 238
11 341
11 355
11 247
11 271
11 700
11 595
11 349
11 426
11 545
11 500
11 296
11 86
11 765
11 20
11 12
11 331
12 554
12 98
12 15
12 320
12 139
12 79
12 128
12 129
12 604
12 999
12 229
12 843
12 248
12 113
12 556
12 574
12 576
12 873
12 934
13 142
13 37
13 41
13 58
13 61
13 79
13 107
13 123
13 92
13 161
13 703
13 569
13 820
13 286
13 980
13 261
13 622
13 395
13 984
13 52
13 616
13 14
13 762
13 34
13 206
13 502
13 588
13 504
13 134
13 40
13 96
14 489
14 19
14 59
14 42
14 48
14 68
14 201
14 407
14 121
14 144
14 841
14 209
14 326
14 27
14 853
14 148
14 252
14 464
14 86
14 345
14 85
14 341
14 206
14 223
14 582
14 596
14 16
14 23
14 697
14 296
14 879
15 38
15 143
15 64
15 30
15 144
15 150
15 696
15 181
15 156
15 841
15 151
15 266
15 180
15 334
15 336
15 159
15 384
15 45
15 227
15 294
15 652
15 239
15 919
15 313
15 695
15 374
15 818
15 155
16 190
16 20
16 923
16 416
16 39
16 628
16 337
16 129
16 477
16 105
16 261
16 215
16 361
16 177
16 314
16 41
16 240
16 248
16 294
16 538
16 535
16 111
16 321
16 36
16 198
16 271
17 248
17 45
17 32
17 103
17 74
17 46
17 846
17 682
17 957
17 215
17 318
17 845
17 35
17 409
17 311
17 979
17 151
17 672
17 589
17 114
17 937
17 269
17 187
18 249
18 160
18 316
18 34
18 35
18 39
18 422
18 126
18 660
18 212
18 914
18 287
18 32
18 76
18 643
18 548
18 616
18 431
18 43
18 976
19 139
19 460
19 781
19 700
19 175
19 204
19 653
19 275
19 148
19 505
20 523
20 67
20 148
20 153
20 647
20 516
20 223
20 263
20 252
20 463
20 785
20 807
20 53
20 579
20 220
20 46
20 550
21 483
21 840
21 552
21 100
21 31
21 264
21 111
21 349
21 269
21 542
21 97
21 106
21 288
22 126
22 876
22 630
22 482
22 33
22 53
22 30
22 172
22 485
22 66
22 476
22 711
22 959
22 107
23 539
23 35
23 53
23 61
23 69
23 147
23 102
23 770
23 480
23 467
23 141
23 199
23 137
23 353
23 45
23 103
23 38
23 365
23 179
23 127
23 607
23 295
23 659
23 405
23 454
24 553
24 452
24 643
25 153
25 803
25 151
25 369
25 513
25 549
25 611
25 994
25 859
25 50
25 206
26 954
26 765
26 111
26 728
26 160
26 28
26 543
26 659
26 473
26 189
26 952
27 583
27 316
27 63
27 198
27 108
27 73
27 28
27 920
27 399
27 179
27 812
28 702
28 75
28 484
28 86
28 204
28 254
28 496
28 309
28 350
28 958
28 120
28 49
28 47
28 129
28 245
28 828
28 613
28 109
29 838
29 707
29 725
29 470
29 694
30 37
30 101
30 468
30 777
30 40
30 787
30 470
31 321
31 77
31 98
31 136
31 809
31 369
31 50
31 486
31 104
31 992
31 626
31 289
31 357
31 198
31 788
31 931
31 40
31 821
31 74
32 34
32 59
32 237
32 314
32 582
32 622
32 437
32 375
32 74
32 284
32 57
32 64
33 424
33 368
33 84
33 325
33 203
33 123
33 180
33 255
33 469
33 573
33 791
33 657
33 236
33 914
34 481
34 305
34 63
34 662
34 107
34 129
34 264
34 812
34 915
35 520
35 501
35 43
35 766
35 139
35 206
35 209
35 261
35 905
35 268
35 50
36 198
36 50
36 150
36 636
36 135
36 261
36 49
36 38
36 936
37 595
37 891
37 396
37 237
37 492
37 312
37 327
37 473
37 600
37 83
37 90
37 240
38 508
38 338
39 178
39 346
39 797
40 220
40 165
40 664
40 193
40 328
40 477
40 582
40 993
40 391
40 275
41 185
41 274
41 447
41 208
41 496
41 138
41 779
41 233
41 303
41 568
41 126
41 567
41 620
41 913
41 418
42 426
42 77
42 924
42 221
42 616
42 549
42 252
42 83
43 114
43 356
43 269
43 458
43 375
43 344
43 729
43 153
43 86
44 746
44 57
44 74
44 92
44 471
44 145
44 323
44 130
44 396
44 501
44 357
44 828
44 320
44 607
45 83
45 118
45 152
45 163
45 716
45 143
45 225
45 328
45 104
45 892
45 826
45 74
45 995
46 79
46 791
46 410
46 208
46 470
46 162
46 129
46 191
46 198
46 215
46 74
46 142
46 479
46 415
46 355
46 172
46 937
46 958
46 371
46 482
46 508
46 770
46 392
46 77
46 455
46 728
46 752
46 260
46 295
46 558
46 634
46 386
46 221
47 298
47 253
47 54
47 740
47 77
47 877
47 413
47 135
47 340
47 252
47 304
47 360
47 64
47 461
47 506
47 807
47 453
47 418
47 131
47 257
48 434
48 551
48 132
48 298
48 333
48 227
48 347
48 642
48 177
48 272
48 144
49 537
49 899
49 94
49 99
49 102
49 178
49 116
49 110
49 155
49 62
49 510
49 825
50 781
50 76
50 85
50 438
50 205
50 937
50 940
50 731
50 378
50 824
50 756
50 72
51 248
51 161
51 484
51 137
52 189
52 298
52 100
52 813
52 179
52 956
52 140
53 103
53 604
53 235
53 315
53 778
53 777
53 524
53 486
53 251
53 347
53 89
54 478
54 331
54 107
55 952
55 113
55 56
55 631
55 67
55 808
55 757
55 468
55 487
55 963
56 86
56 564
56 939
56 704
56 836
57 346
57 921
57 182
57 60
57 204
57 108
57 546
57 749
58 224
58 280
58 250
58 575
58 541
59 795
59 139
59 66
59 86
59 329
59 78
59 374
59 977
59 75
59 435
59 160
59 444
59 140
59 268
59 461
59 241
59 449
59 73
59 474
60 199
60 67
60 165
60 135
60 193
60 577
60 362
60 445
60 475
60 332
60 833
60 540
61 443
61 392
62 899
62 917
62 831
62 74
62 379
62 536
62 345
63 385
63 597
63 451
63 149
63 476
63 554
63 282
63 96
64 813
64 341
64 81
64 153
64 453
64 327
65 738
65 77
65 276
65 637
65 518
65 712
66 795
66 529
66 883
66 772
66 273
66 72
67 135
67 110
67 512
67 195
67 208
67 281
67 328
67 612
67 835
67 98
67 141
67 621
67 384
67 80
68 451
68 880
68 625
68 108
68 622
68 661
68 121
69 114
69 83
69 152
69 241
69 697
69 518
69 857
69 887
69 98
69 609
70 474
70 898
70 198
70 336
70 87
70 369
70 999
70 494
71 593
71 128
71 486
71 724
71 684
71 654
72 74
72 993
72 149
72 177
72 662
72 196
72 131
72 803
72 113
73 353
73 704
73 518
73 526
73 847
73 468
73 125
73 469
74 250
74 292
74 133
74 166
74 88
74 479
74 363
74 114
74 460
74 431
74 726
74 647
74 691
74 448
74 138
74 356
74 317
74 844
75 129
75 599
75 822
75 718
75 280
75 402
75 472
75 219
76 679
76 219
76 129
76 905
76 302
76 235
77 990
77 335
77 517
77 108
77 245
77 278
77 469
77 825
77 844
77 98
77 665
78 429
78 501
78 152
79 358
79 311
79 140
79 201
79 348
79 542
80 948
80 501
81 191
81 492
81 649
82 92
82 991
82 159
82 171
82 170
82 527
82 295
82 739
82 863
82 986
82 524
83 103
83 131
83 242
83 274
83 126
83 450
83 505
83 217
83 243
83 962
84 400
84 185
84 288
84 206
84 370
84 421
85 776
85 626
85 168
85 802
85 226
85 436
85 662
85 467
85 591
85 679
85 182
85 294
86 345
86 129
86 560
86 361
86 222
86 503
86 441
87 162
87 565
87 350
87 95
87 829
87 150
88 830
88 958
88 106
89 822
89 116
89 321
90 495
90 878
90 580
90 185
90 221
90 424
90 411
90 209
90 584
90 621
90 652
91 518
91 544
91 108
91 250
91 349
91 966
91 945
91 332
91 607
91 682
91 633
92 100
92 930
92 133
92 183
92 231
92 644
92 341
92 804
92 763
92 404
93 149
93 634
93 233
93 365
93 538
93 608
94 541
94 189
94 272
94 998
95 192
95 271
96 638
96 600
97 777
97 268
97 98
98 815
98 127
98 211
98 276
98 804
98 419
98 147
98 217
99 374
99 395
99 685
99 399
99 180
99 401
99 740
99 756
100 264
100 501
100 407
100 851
100 928
100 191
101 983
101 679
101 598
101 745
102 923
102 376
103 623
103 557
103 731
103 562
103 416
104 140
104 657
104 482
104 778
104 177
104 715
104 726
104 306
104 272
105 965
105 238
105 114
105 140
105 112
105 227
105 322
106 114
106 209
107 141
107 843
107 191
107 289
107 818
107 183
107 297
107 561
107 230
107 806
107 972
108 608
108 348
108 113
108 154
108 621
108 875
109 498
109 157
109 359
109 620
109 375
110 883
110 114
110 375
110 906
110 146
110 252
110 603
110 764
110 932
111 133
111 800
111 710
111 233
112 643
112 767
113 339
113 470
113 532
113 294
113 336
113 717
113 572
113 247
113 172
113 708
113 984
114 968
114 412
114 945
114 347
114 710
114 221
114 217
114 654
114 223
115 192
115 744
115 259
115 968
116 441
116 885
116 944
117 555
117 136
117 733
117 519
117 528
118 833
119 317
119 614
119 851
119 201
119 447
120 908
120 280
120 134
120 168
120 193
120 930
120 606
121 831
121 150
121 931
121 503
121 395
122 876
122 880
122 605
123 572
123 177
123 263
123 962
123 394
123 277
123 571
123 486
124 833
124 397
125 573
125 606
125 706
125 255
125 471
125 220
125 154
125 172
125 422
125 244
126 451
126 311
126 658
126 163
126 766
126 293
126 717
127 217
127 790
128 454
128 786
128 417
128 257
129 217
129 491
129 384
129 812
129 509
129 759
129 295
129 146
130 278
130 768
130 513
130 379
131 448
131 264
131 676
131 193
131 276
131 277
131 334
132 601
132 891
132 931
132 875
133 632
133 223
133 621
134 210
134 140
134 236
134 223
134 161
134 501
134 586
134 809
135 154
135 531
135 639
135 183
135 928
135 346
135 568
136 522
136 231
136 294
136 154
136 511
136 414
136 235
136 987
137 443
137 552
137 475
137 996
138 151
138 559
139 319
139 742
140 221
140 842
140 271
140 982
140 794
141 963
141 823
141 470
141 354
142 289
142 315
142 188
143 344
143 263
143 213
143 155
143 472
143 272
143 289
143 651
143 209
143 959
144 989
144 730
145 167
145 233
145 876
145 160
146 747
146 147
146 539
146 187
147 282
147 158
147 862
147 182
147 323
147 279
147 332
148 745
148 369
148 886
148 175
148 787
148 495
148 801
148 626
148 200
148 782
148 583
148 202
148 686
148 839
148 263
149 445
149 361
149 548
149 396
150 249
150 962
150 396
150 362
150 609
150 211
152 177
152 623
152 167
152 307
152 228
152 488
152 417
152 580
152 180
152 751
152 569
153 274
153 446
153 709
153 315
153 414
153 869
154 762
154 330
154 176
154 216
154 416
155 342
155 533
155 288
156 680
156 209
156 727
156 198
157 457
157 540
157 692
158 722
158 262
158 908
159 951
159 797
159 704
160 587
160 273
161 381
161 763
161 468
161 254
161 321
162 359
162 308
163 186
163 658
163 451
163 883
164 551
164 324
164 264
164 252
165 190
165 982
166 274
166 963
166 363
166 996
167 285
167 380
168 360
168 264
168 241
169 464
169 424
169 547
170 960
170 172
170 852
170 843
170 391
170 464
170 259
171 299
171 911
171 574
172 484
172 327
172 353
172 478
172 852
172 509
172 391
172 573
172 667
172 827
173 665
173 624
173 814
173 234
174 441
174 853
174 588
175 743
175 332
175 514
175 789
176 459
176 177
176 524
176 935
177 636
177 210
177 732
177 849
178 439
178 610
178 543
178 185
178 289
178 492
179 782
179 238
179 351
180 331
180 865
180 397
180 379
180 412
180 260
181 699
181 316
181 748
181 613
182 811
182 627
182 455
182 504
182 571
183 427
184 240
184 455
185 494
185 301
185 838
185 649
186 783
186 742
187 714
187 225
187 408
187 577
188 377
188 689
189 234
189 258
189 223
189 251
189 716
189 605
189 391
189 408
190 473
191 677
191 251
191 419
191 436
191 778
191 281
191 272
191 921
192 336
192 363
192 613
193 352
193 719
193 682
193 387
193 251
193 383
193 821
193 255
193 592
194 730
194 667
194 737
195 229
195 410
195 641
196 483
196 882
196 896
197 244
197 271
197 299
197 677
198 479
198 489
199 410
199 213
199 468
199 848
200 594
200 322
201 233
201 446
201 904
202 272
202 228
202 897
202 697
202 296
202 267
202 810
202 528
202 533
202 422
202 223
203 256
203 733
203 661
204 304
204 774
204 358
205 423
205 908
205 567
205 430
206 730
206 493
206 243
206 402
206 535
206 578
207 893
207 256
208 715
208 420
208 813
208 667
208 852
209 541
209 613
209 366
209 859
210 885
210 262
211 953
211 232
211 341
212 338
212 828
213 359
213 458
213 308
214 651
214 692
214 228
215 319
215 857
215 969
216 366
216 416
216 969
216 916
217 255
217 575
217 907
217 738
217 538
217 842
217 518
217 328
217 265
217 502
218 661
218 794
218 321
219 879
219 546
219 381
220 347
220 481
220 886
220 288
220 617
220 361
221 794
221 874
221 342
222 673
222 329
222 652
223 244
223 935
223 656
223 918
224 694
224 386
224 533
225 772
225 897
225 418
225 451
225 853
225 611
226 574
226 510
226 832
227 925
227 917
227 401
227 473
228 537
228 357
229 954
229 439
230 925
230 363
231 254
231 531
232 254
232 919
232 498
233 862
233 435
234 656
235 463
236 362
237 400
238 585
238 466
238 444
238 705
239 676
239 688
239 805
240 326
241 820
241 431
242 617
242 838
242 910
242 673
242 402
242 735
242 645
243 500
244 563
244 498
244 467
244 424
244 313
244 792
245 996
245 990
246 575
246 806
246 792
246 289
246 838
246 530
247 519
247 351
248 768
248 695
248 618
248 475
248 323
248 927
249 602
249 677
249 385
249 368
249 915
250 500
250 584
250 879
250 578
251 499
251 691
251 797
251 740
252 274
252 297
252 326
252 318
252 311
252 487
252 835
252 839
252 654
253 959
253 500
254 308
254 685
254 957
255 428
255 416
255 513
256 632
256 275
256 938
257 830
258 676
258 623
258 398
258 551
259 370
260 861
261 727
261 638
261 769
262 440
262 890
263 409
263 587
265 919
265 267
266 276
266 871
266 800
267 496
267 751
267 680
268 365
269 418
269 710
269 452
269 967
270 539
270 960
271 890
271 370
272 534
272 811
273 395
273 900
273 528
274 753
274 922
274 716
275 980
276 588
276 799
276 666
276 453
276 429
276 325
276 406
276 639
276 371
276 867
277 462
277 522
278 487
278 546
278 636
279 834
280 873
280 582
281 384
281 852
281 890
282 847
283 938
283 399
284 654
284 913
284 736
285 491
285 753
285 665
285 394
286 867
286 413
287 796
287 760
287 380
288 981
288 401
289 409
289 301
289 464
289 508
289 665
290 322
290 403
290 338
291 911
291 390
291 950
292 333
292 645
292 841
293 713
293 816
293 877
294 349
294 312
294 737
294 670
294 308
295 655
295 464
296 757
296 653
296 355
297 360
297 860
297 814
298 721
299 858
300 927
300 335
301 624
301 532
301 401
302 392
302 912
302 721
302 870
303 425
303 506
303 619
304 437
304 555
304 666
304 840
304 793
305 984
306 870
306 758
306 710
307 497
307 668
307 599
308 856
308 873
308 421
308 790
309 654
309 650
309 492
309 886
310 434
310 689
310 605
310 403
311 642
312 335
312 529
312 492
313 644
313 819
313 654
313 553
313 785
314 402
314 761
314 690
314 916
315 837
315 521
315 675
315 901
316 686
317 590
317 690
318 424
318 372
318 486
319 420
319 368
320 411
320 342
320 663
320 507
320 480
321 459
321 329
322 415
322 645
323 477
323 523
324 952
324 713
324 907
326 835
327 488
328 799
328 681
328 648
329 698
330 898
330 419
330 387
330 504
330 584
331 505
331 463
331 771
331 670
332 490
333 393
333 475
333 763
333 606
334 463
334 436
334 576
335 374
335 987
335 721
337 725
337 419
337 567
338 390
338 472
338 342
338 412
338 372
338 634
338 687
339 404
339 522
340 458
341 504
341 601
343 671
343 658
343 699
344 542
344 485
345 796
345 589
346 583
346 375
347 974
347 946
348 566
348 567
350 649
351 354
351 522
352 718
353 722
353 854
354 382
355 856
355 523
356 537
356 501
357 556
358 715
359 868
360 644
360 378
360 628
364 868
365 936
366 540
366 506
366 773
367 906
367 868
367 432
368 805
368 481
369 703
370 606
370 406
371 532
371 399
372 862
372 502
372 767
373 889
373 793
373 973
375 570
375 561
375 980
375 770
376 404
376 487
377 941
377 749
377 975
378 563
378 803
379 600
380 944
380 614
380 555
381 456
381 497
382 798
383 785
384 579
385 490
386 536
386 979
387 981
387 901
388 590
388 978
388 972
388 912
389 704
389 672
390 593
390 526
390 849
390 568
391 986
391 739
391 784
393 733
394 752
394 953
395 902
396 465
396 849
397 682
398 874
398 964
399 985
399 949
400 447
400 731
401 955
402 515
402 420
403 526
404 554
405 493
405 877
407 697
407 712
408 755
408 481
408 851
408 741
408 543
409 422
410 767
410 884
410 463
410 581
411 438
411 902
411 512
411 557
411 551
414 736
415 534
416 433
418 900
418 861
418 855
420 870
422 768
423 462
423 425
425 581
425 638
426 629
427 503
428 934
428 967
429 521
430 570
430 826
431 467
431 523
431 631
431 617
432 478
432 898
432 897
433 896
433 971
434 590
434 701
434 866
435 903
435 499
436 723
436 553
438 686
439 783
439 756
440 893
440 789
441 704
441 566
441 652
441 701
442 930
442 610
442 894
444 516
445 447
445 589
445 615
446 706
449 490
449 760
449 519
450 773
450 902
450 696
451 619
452 507
452 975
452 998
453 571
454 592
454 816
455 471
455 525
455 729
455 650
455 861
456 705
457 574
457 960
458 607
459 942
459 688
459 880
460 520
460 943
460 703
460 720
460 997
461 954
462 549
463 483
463 936
463 971
463 564
464 991
465 992
465 614
465 598
466 548
467 926
467 532
468 804
469 882
469 874
472 599
472 529
473 678
474 559
475 950
475 629
475 480
475 695
476 512
476 823
477 717
477 520
479 566
479 745
480 806
482 929
482 758
483 763
483 547
483 743
484 544
484 961
486 624
489 771
489 711
491 974
491 496
493 859
493 970
494 964
494 505
495 519
497 683
497 872
498 666
498 718
500 971
501 815
502 961
504 985
504 913
505 761
507 788
509 817
509 758
510 845
511 523
511 637
512 624
513 545
514 762
514 752
515 569
516 854
517 977
517 917
517 672
517 999
519 836
520 549
521 636
523 956
525 756
525 800
527 987
527 948
527 667
528 590
529 619
530 722
530 832
531 818
532 802
533 641
534 683
534 830
534 709
535 922
536 545
538 926
539 653
540 757
542 602
543 679
544 698
544 627
544 747
546 801
548 802
549 837
550 618
550 807
550 994
551 753
552 918
553 681
553 901
553 597
556 677
556 616
557 596
558 572
560 761
560 609
560 701
562 994
562 757
563 899
564 807
565 827
567 761
567 878
567 577
568 839
569 733
570 651
574 846
575 603
576 779
577 675
577 611
577 755
578 586
580 852
580 716
581 892
583 955
583 951
583 977
584 657
585 646
586 626
587 602
588 792
588 634
588 847
588 699
590 609
591 973
591 592
592 885
592 782
593 807
594 743
595 976
595 894
596 617
596 674
597 710
598 904
601 881
604 727
606 671
608 813
610 632
611 850
611 975
612 949
612 719
614 668
614 746
615 947
617 850
618 663
618 800
624 657
625 711
626 941
627 677
628 735
630 750
630 637
631 732
633 669
633 926
635 713
635 707
636 747
637 639
637 889
640 995
640 680
640 775
641 689
641 793
642 858
644 774
645 702
646 780
646 884
647 916
648 684
650 910
652 769
654 862
655 824
656 988
658 973
659 821
660 732
660 714
662 905
663 847
664 864
664 734
668 888
669 778
669 811
669 990
671 961
673 817
674 878
675 949
678 831
678 969
680 776
681 693
682 887
683 820
684 925
685 719
685 723
687 948
687 852
688 894
690 784
690 705
691 795
693 741
695 923
696 965
698 808
700 850
702 970
704 741
705 834
706 764
707 829
707 991
708 863
708 748
710 774
712 779
717 770
720 837
720 829
724 765
724 866
725 976
726 855
728 929
729 881
730 986
734 888
735 942
735 937
736 872
737 801
737 956
738 865
739 845
742 930
744 939
744 981
746 913
747 929
748 903
751 989
751 943
754 814
754 848
755 836
756 985
759 934
760 941
765 995
769 972
769 939
771 927
772 967
773 933
775 922
780 944
783 846
784 869
787 895
789 933
793 819
796 827
798 895
798 815
799 858
801 840
804 879
816 955
817 940
819 915
822 904
823 910
825 854
826 920
832 884
834 911
844 983
856 953
857 867
860 882
864 989
865 988
866 924
869 928
871 998
872 964
875 932
876 896
881 909
891 997
893 979
895 943
898 957
903 968
906 993
906 945
909 950
912 992
921 932
933 997
938 940
947 966
