0 1
0 2
0 3
0 5
0 19
0 22
0 24
0 39
0 48
0 77
0 83
0 118
0 133
0 136
0 158
0 162
0 171
0 174
0 184
0 190
0 195
0 238
0 276
0 285
0 315
0 331
0 389
0 432
0 443
0 465
0 478
0 521
0 674
0 721
0 768
0 790
0 791
1 2
1 3
1 4
1 362
1 7
1 8
1 11
1 14
1 17
1 27
1 571
1 45
1 79
1 81
1 85
1 146
1 99
1 104
1 105
1 109
1 117
1 128
1 172
1 182
1 204
1 213
1 134
1 224
1 243
1 57
1 25
1 268
1 951
1 940
1 285
1 302
1 209
1 83
1 329
1 67
1 375
1 318
1 333
1 463
1 519
1 421
1 813
1 604
1 594
1 321
1 103
1 269
1 264
1 397
1 21
1 889
1 38
1 152
1 44
2 223
2 4
2 6
2 8
2 9
2 81
2 11
2 12
2 15
2 21
2 236
2 250
2 30
2 31
2 37
2 41
2 746
2 50
2 56
2 58
2 891
2 70
2 71
2 73
2 215
2 79
2 99
2 90
2 168
2 104
2 157
2 109
2 269
2 7
2 312
2 85
2 46
2 427
2 84
2 173
2 14
2 732
2 188
2 282
2 209
2 258
2 247
2 187
2 352
2 82
2 737
2 328
2 343
2 857
2 350
2 28
2 24
2 389
2 327
2 395
2 149
2 284
2 425
2 426
2 34
2 458
2 55
2 492
2 743
2 543
2 51
2 562
2 878
2 623
2 43
2 193
2 65
2 63
2 852
2 832
2 859
2 33
2 752
2 892
2 905
2 805
2 120
2 718
2 335
2 851
2 873
2 402
2 900
2 958
2 26
2 181
3 274
3 4
3 5
3 184
3 13
3 16
3 41
3 28
3 31
3 36
3 9
3 49
3 445
3 7
3 62
3 83
3 411
3 86
3 40
3 130
3 116
3 141
3 146
3 155
3 192
3 574
3 207
3 214
3 399
3 240
3 253
3 58
3 283
3 931
3 30
3 329
3 225
3 352
3 517
3 81
3 61
3 801
3 250
3 501
3 76
3 204
3 619
3 87
3 605
3 606
3 291
3 347
3 760
3 182
3 568
3 349
3 278
3 270
3 21
3 899
3 767
3 43
3 700
3 496
3 506
3 715
3 444
3 60
3 34
3 220
4 5
4 6
4 8
4 9
4 13
4 15
4 18
4 20
4 25
4 29
4 30
4 209
4 35
4 36
4 37
4 40
4 146
4 44
4 66
4 60
4 69
4 872
4 279
4 84
4 90
4 113
4 125
4 252
4 145
4 26
4 691
4 177
4 54
4 205
4 212
4 213
4 222
4 984
4 794
4 255
4 267
4 278
4 318
4 315
4 264
4 187
4 407
4 421
4 453
4 464
4 28
4 497
4 482
4 74
4 817
4 617
4 974
4 663
4 870
4 130
4 335
4 664
4 103
4 688
4 102
4 743
4 757
4 175
4 721
4 809
4 61
4 624
4 116
4 476
4 57
4 954
4 769
4 64
5 12
5 14
5 23
5 41
5 83
5 322
5 193
5 641
5 229
5 258
5 80
5 85
5 531
5 890
5 19
5 450
5 871
5 967
5 95
6 17
6 7
6 13
6 14
6 21
6 90
6 713
6 84
6 93
6 108
6 112
6 122
6 184
6 572
6 8
6 242
6 339
6 558
6 968
6 377
6 898
6 529
6 472
6 580
6 798
6 390
6 598
6 550
6 32
6 644
6 673
6 9
6 129
6 155
6 835
6 173
6 232
6 702
6 226
6 260
6 977
7 11
7 10
7 81
7 17
7 21
7 35
7 101
7 40
7 42
7 933
7 71
7 928
7 246
7 470
7 196
7 258
7 509
7 85
7 226
7 232
7 25
7 111
7 307
7 346
7 496
7 12
7 548
7 343
7 116
7 608
7 211
7 22
7 235
7 151
7 465
7 197
7 298
7 579
7 570
7 408
7 8
7 638
7 997
7 165
7 33
7 18
7 604
7 304
7 988
8 9
8 10
8 419
8 25
8 36
8 51
8 33
8 53
8 59
8 62
8 392
8 71
8 466
8 91
8 200
8 28
8 115
8 126
8 349
8 152
8 158
8 936
8 852
8 477
8 191
8 192
8 217
8 47
8 642
8 134
8 589
8 354
8 370
8 395
8 75
8 64
8 435
8 490
8 596
8 187
8 627
8 652
8 677
8 688
8 482
8 17
8 426
8 801
8 11
8 13
8 885
8 74
8 881
8 326
8 860
8 35
8 956
8 948
8 43
8 523
8 999
9 841
9 18
9 20
9 37
9 39
9 40
9 68
9 11
9 886
9 181
9 482
9 555
9 405
9 147
9 14
9 258
9 292
9 299
9 185
9 834
9 339
9 503
9 433
9 10
9 264
9 110
9 164
9 116
9 549
9 103
9 751
9 479
9 685
9 520
9 308
10 469
10 11
10 26
10 45
10 388
10 607
10 886
10 87
10 335
10 245
10 12
10 915
10 235
10 756
10 587
10 344
10 207
10 667
10 258
11 158
11 18
11 28
11 45
11 239
11 55
11 65
11 67
11 88
11 863
11 171
11 352
11 165
11 187
11 214
11 789
11 243
11 287
11 491
11 395
11 359
11 57
11 681
11 797
11 265
11 548
11 555
11 536
11 597
11 269
11 680
11 120
11 460
12 95
12 256
12 33
12 820
12 76
12 321
12 93
12 179
12 122
12 353
12 730
12 191
12 234
12 28
12 472
12 205
12 151
12 109
12 255
12 30
12 166
12 558
12 700
13 446
13 552
13 47
13 15
13 290
13 278
13 245
13 188
13 21
13 916
13 45
13 258
13 106
13 611
13 670
13 226
13 179
13 78
13 153
14 187
14 464
14 573
14 225
14 82
14 85
14 349
14 504
14 275
14 326
14 525
14 943
14 282
14 948
14 337
14 16
14 57
14 994
14 541
14 313
15 591
15 309
15 30
15 32
15 57
15 74
15 75
15 157
15 317
15 37
15 895
15 400
15 379
15 392
15 353
15 138
15 963
15 524
15 556
15 844
15 217
15 96
15 18
15 969
15 60
15 181
16 141
16 63
16 116
16 201
16 474
16 133
16 552
16 723
16 477
16 261
16 465
16 606
16 623
16 777
16 58
17 427
17 26
17 28
17 679
17 65
17 113
17 109
17 511
17 165
17 166
17 193
17 89
17 72
17 818
17 235
17 643
17 36
17 921
17 927
18 19
18 20
18 22
18 63
18 250
18 110
18 892
18 130
18 495
18 227
18 225
18 231
18 257
18 333
18 702
18 106
18 470
18 482
18 35
18 488
18 567
18 252
18 293
18 178
18 550
18 621
18 844
18 367
18 659
18 647
18 88
18 689
18 373
18 99
18 48
18 163
18 84
19 577
19 49
19 466
19 575
19 512
19 115
19 156
19 250
19 544
19 291
19 379
19 280
19 209
19 359
19 407
19 474
19 152
19 483
19 589
19 583
19 43
19 57
19 676
19 800
19 972
20 571
20 301
20 623
20 696
21 24
21 548
21 639
21 40
21 64
21 69
21 757
21 132
21 134
21 670
21 723
21 108
21 550
21 235
21 88
21 259
21 227
21 38
21 243
21 368
21 390
21 435
21 360
21 541
21 120
21 256
21 131
21 773
21 56
21 43
21 605
21 935
21 581
22 36
22 837
22 50
22 240
22 89
22 94
22 45
22 822
22 823
22 288
22 303
22 543
22 709
22 79
22 782
22 463
23 536
23 85
23 101
23 783
23 125
23 439
23 372
23 25
23 800
24 231
24 41
24 76
24 78
24 436
24 324
24 283
24 649
24 835
24 206
24 32
24 674
24 608
25 196
25 150
25 126
25 241
25 345
25 57
25 30
25 352
25 806
25 992
26 109
26 419
26 83
26 235
26 106
26 53
26 818
26 546
26 166
26 559
26 631
26 33
26 783
26 817
27 389
27 89
27 627
27 451
27 859
27 180
27 190
27 146
27 115
27 397
27 467
28 29
28 32
28 47
28 52
28 61
28 116
28 144
28 255
28 346
28 349
28 692
28 154
28 298
28 309
28 865
28 378
28 396
28 672
28 197
28 470
28 312
28 496
28 184
28 235
28 198
28 629
28 30
29 103
29 53
29 123
29 500
29 970
29 325
29 903
29 414
29 288
29 982
30 436
30 50
30 269
30 54
30 153
30 73
30 128
30 47
30 211
30 123
30 387
30 408
30 154
30 450
30 45
30 616
30 633
30 102
30 147
31 521
31 727
31 124
31 148
31 188
31 350
31 539
31 438
31 955
32 404
32 48
32 789
32 925
32 633
32 102
32 100
32 194
32 93
32 535
32 850
32 219
32 259
32 33
32 436
32 87
32 783
32 551
32 488
32 380
32 538
32 394
32 393
32 698
33 793
33 234
33 253
33 249
33 748
33 73
33 599
33 446
33 635
33 491
33 585
33 43
33 709
33 110
33 50
33 703
34 331
34 727
34 243
35 309
35 387
35 47
35 55
35 257
35 784
35 119
35 187
35 167
35 201
35 900
35 262
35 247
35 873
35 417
35 221
35 984
35 75
35 617
36 570
36 335
36 113
36 38
36 127
36 463
36 155
36 256
36 275
36 250
36 493
36 45
36 108
36 920
37 541
37 75
37 663
37 189
37 722
37 626
37 467
37 311
37 200
37 166
37 365
37 980
37 908
37 66
38 829
38 132
38 910
38 155
38 242
38 393
38 577
38 419
38 152
38 234
38 204
38 87
38 755
38 50
38 244
38 120
38 178
38 887
39 55
39 268
39 297
39 235
39 192
39 130
40 158
40 868
40 880
40 447
40 643
40 266
40 671
41 639
41 210
41 581
41 273
41 362
41 785
41 46
41 67
41 874
42 151
42 983
42 316
42 198
42 320
42 981
42 718
42 269
42 304
43 561
43 750
43 553
43 79
43 106
43 243
43 665
43 289
43 544
43 465
43 597
43 505
43 173
43 356
43 210
43 883
43 276
43 815
43 956
44 617
44 65
44 477
44 240
44 86
44 306
44 704
45 91
45 449
45 99
45 238
45 594
45 610
45 435
45 235
45 658
45 863
46 316
46 976
46 217
46 136
46 979
46 935
46 308
47 74
47 80
47 130
47 226
47 473
47 588
47 155
47 669
48 164
48 910
48 56
48 125
48 349
48 89
48 121
48 781
48 938
48 173
48 357
48 187
48 987
48 306
48 88
48 597
48 424
48 511
48 525
48 69
48 265
48 329
48 998
49 263
49 792
49 330
50 66
50 58
50 143
50 152
50 156
50 246
50 250
50 262
50 410
50 57
50 455
50 648
50 529
50 155
50 184
50 153
50 77
51 478
51 487
51 103
51 120
51 629
51 251
51 824
51 332
51 373
51 185
51 255
51 70
51 527
52 397
52 275
52 155
53 57
53 137
53 89
53 585
53 177
53 633
54 136
54 196
54 926
54 185
54 678
54 149
54 971
54 64
55 77
55 654
55 879
55 164
55 70
56 689
56 647
56 117
56 377
56 314
56 311
56 249
56 68
56 348
56 251
56 69
56 57
56 799
57 73
57 494
57 224
57 76
57 102
57 103
57 120
57 78
57 191
57 775
57 699
57 634
57 340
57 334
57 586
57 302
57 637
57 291
57 469
57 167
57 450
57 679
57 942
57 201
57 772
57 560
58 149
58 668
58 155
59 195
59 65
59 475
59 995
59 686
60 493
60 832
60 631
60 110
60 88
60 981
60 541
60 584
60 242
61 899
61 363
61 85
61 90
61 388
61 111
61 760
61 367
61 77
61 311
61 560
61 696
61 739
61 183
61 213
62 284
62 238
62 317
62 79
62 609
62 280
62 709
62 123
62 948
63 246
63 874
63 235
63 196
63 448
63 866
63 479
63 425
63 312
63 466
64 205
64 894
64 86
64 129
64 589
64 317
64 67
64 254
64 269
64 470
64 557
64 903
65 111
65 687
65 612
65 831
65 570
65 322
66 449
66 426
66 403
66 851
66 674
66 839
66 103
67 271
67 268
67 79
67 609
67 270
67 227
67 305
67 556
67 406
67 975
68 831
68 163
68 385
68 161
69 802
69 320
69 680
69 102
69 766
69 872
70 71
70 854
70 89
70 369
70 361
70 510
70 113
70 304
71 73
71 443
72 224
72 453
72 116
72 112
72 864
72 384
72 750
72 717
72 765
73 232
73 425
73 205
73 176
73 876
73 239
74 371
74 557
74 883
74 342
74 123
74 114
74 403
74 630
74 225
75 884
75 300
75 377
75 148
75 183
75 239
75 712
75 107
76 509
76 183
76 230
76 311
76 204
76 460
76 292
77 836
77 195
77 140
77 928
78 430
78 556
79 411
79 919
79 122
79 317
79 861
79 741
79 900
79 269
80 669
80 686
80 97
81 739
81 109
81 298
81 943
81 627
81 809
81 265
82 732
82 993
82 449
82 206
83 523
83 583
83 327
83 576
83 238
84 997
84 837
84 482
85 963
85 381
85 260
85 273
85 711
85 482
85 109
86 218
86 758
86 637
86 91
86 858
86 524
86 680
86 209
86 109
86 223
86 830
87 96
87 912
87 97
87 98
87 551
87 129
87 173
87 264
87 209
87 842
87 881
87 587
87 529
87 307
87 650
87 744
87 705
87 758
87 828
87 177
88 577
88 736
88 125
88 574
88 226
88 218
88 279
88 240
88 319
88 885
88 494
88 483
88 247
88 169
89 240
89 164
89 452
89 100
89 746
89 583
89 618
89 861
90 887
90 314
90 155
90 747
90 375
90 323
91 356
91 640
91 962
92 630
92 438
92 979
92 473
92 257
92 894
92 340
93 121
93 945
93 164
93 860
94 821
94 425
95 421
95 253
95 129
95 295
95 211
95 480
95 261
96 102
96 381
96 633
96 130
96 113
97 965
97 867
98 875
98 515
98 182
98 268
99 486
99 845
99 252
99 198
99 177
99 941
99 138
99 397
100 537
100 119
100 427
100 273
100 718
100 161
100 112
101 193
101 754
101 196
102 347
102 381
102 791
102 168
102 600
102 242
102 962
102 116
102 508
102 531
102 621
102 613
102 629
102 636
102 550
102 319
102 787
102 883
103 189
103 177
103 724
103 272
103 354
103 632
103 893
103 615
103 391
104 352
104 596
104 124
104 247
104 856
105 282
105 825
105 423
106 142
106 473
106 242
107 408
107 220
108 197
108 801
108 366
108 813
108 335
108 568
108 195
108 310
108 683
108 119
108 489
109 123
109 676
109 427
109 808
109 357
109 298
110 502
110 660
110 978
110 152
110 394
110 151
111 236
111 239
111 576
112 996
112 778
112 604
112 637
112 746
113 470
113 388
113 532
113 371
113 332
113 516
113 414
114 766
114 283
115 164
115 150
116 743
116 878
116 808
116 440
116 254
116 120
116 181
116 678
117 126
118 235
118 673
118 424
118 605
118 816
119 917
119 654
119 433
119 700
119 473
119 488
120 121
120 788
120 206
120 695
120 184
120 685
120 151
120 829
121 798
121 375
121 166
121 177
121 906
121 729
121 195
121 232
121 910
122 674
122 227
122 748
123 953
123 812
123 725
124 578
124 834
124 601
125 495
125 414
126 221
126 293
126 201
126 937
126 578
126 525
127 795
127 362
128 139
128 833
128 869
128 423
128 360
128 411
129 226
129 552
129 446
129 165
130 335
130 653
131 323
131 708
131 164
131 170
131 936
132 790
132 773
133 893
133 235
133 682
134 168
134 864
134 599
135 704
135 591
135 784
136 533
136 549
136 198
136 276
136 960
137 922
137 389
137 262
137 930
137 853
137 751
137 276
138 809
138 974
138 342
138 222
138 813
138 507
139 969
139 849
139 521
139 378
140 558
140 439
140 518
140 672
141 636
141 230
141 144
141 212
142 241
142 272
142 768
143 942
143 598
143 579
143 190
143 629
144 687
144 416
144 992
144 406
145 540
145 322
145 295
146 704
146 249
146 502
146 846
147 412
147 254
147 995
147 850
147 328
148 630
148 227
148 167
148 375
148 528
148 559
149 371
149 383
149 275
149 326
149 499
149 358
149 781
149 300
150 524
150 301
150 965
150 890
150 941
150 955
150 970
150 677
151 161
151 372
151 224
151 249
151 216
151 583
151 799
151 876
151 869
152 356
152 229
153 740
153 442
153 481
154 307
154 314
154 933
155 592
155 705
155 567
156 815
156 282
156 604
156 780
156 749
156 770
156 801
157 759
157 383
158 164
158 403
158 288
158 400
158 304
158 805
158 388
158 287
158 215
158 343
159 187
159 319
159 421
159 518
159 185
160 805
160 611
160 504
161 273
161 358
161 949
161 882
162 957
162 721
162 681
163 926
163 607
164 202
164 784
164 826
164 523
164 311
164 675
164 709
164 511
165 838
165 319
165 657
165 908
166 216
166 561
166 822
167 332
167 602
168 595
168 179
168 276
168 174
168 251
168 479
169 697
169 549
169 999
170 870
170 196
170 186
170 181
171 721
171 645
172 349
172 720
172 350
173 409
173 705
173 754
173 659
173 949
173 335
173 459
174 272
174 586
175 633
175 515
175 726
175 308
176 898
176 177
176 842
176 765
177 214
177 286
177 888
177 551
177 438
177 603
178 651
178 422
178 342
179 985
179 294
179 350
180 496
180 215
180 440
181 302
181 366
181 229
181 274
181 625
182 226
182 202
183 375
183 482
183 793
183 845
184 206
184 222
184 710
185 254
186 417
186 789
186 341
186 601
187 357
187 695
187 283
187 348
187 732
187 878
187 895
188 279
188 374
188 973
188 927
188 902
188 311
189 728
189 616
189 289
190 487
190 224
190 572
190 452
191 219
191 962
191 944
192 393
192 580
192 895
193 940
193 713
193 495
194 579
194 330
194 905
194 346
194 600
194 958
194 226
195 644
195 224
195 265
195 277
196 810
196 204
196 468
196 254
196 328
196 329
196 307
196 519
196 253
196 639
197 438
197 914
197 210
197 225
197 427
198 534
198 356
198 557
199 598
199 967
199 470
200 266
200 419
201 432
201 345
201 511
201 741
201 940
202 527
202 763
203 437
203 628
203 864
203 306
203 567
204 859
204 420
204 533
205 591
205 825
205 578
206 372
206 871
206 322
206 723
207 959
207 791
208 353
208 452
208 747
208 635
209 370
209 251
209 376
210 818
210 368
210 814
210 275
211 412
211 326
211 213
211 532
211 912
212 913
212 954
212 739
213 380
213 457
213 428
214 456
215 820
215 546
215 296
215 481
215 530
215 891
215 826
216 340
216 538
216 343
217 266
217 343
217 475
217 880
218 549
218 953
218 439
218 553
219 433
219 969
219 590
220 418
220 261
221 251
221 660
221 339
221 413
221 535
222 253
222 459
222 785
222 572
223 563
223 865
224 346
224 413
224 512
224 706
224 636
224 456
225 506
225 467
225 349
225 836
226 780
226 452
226 476
226 426
226 792
228 345
228 935
228 917
228 537
228 417
228 483
228 272
228 431
228 234
229 944
229 603
229 441
229 407
230 918
230 504
230 381
230 421
230 572
230 503
231 754
231 656
231 454
231 508
232 363
232 291
232 848
233 600
233 892
233 396
233 682
233 484
234 943
234 726
234 446
235 238
235 735
235 339
235 450
235 278
235 353
235 585
235 467
236 907
236 587
236 499
236 520
237 428
237 371
237 585
237 792
237 401
238 450
238 287
239 356
239 294
240 257
240 952
240 795
241 984
241 346
243 689
244 973
244 717
245 640
245 537
245 511
245 711
246 791
246 307
247 430
247 542
248 615
248 386
248 408
248 313
248 315
250 368
250 532
250 830
252 827
252 721
252 294
252 496
252 563
253 579
253 411
253 469
253 779
253 884
253 258
253 728
253 489
254 460
254 599
255 867
255 571
255 385
255 794
255 454
255 317
255 494
255 545
255 333
255 749
255 930
256 428
256 397
256 569
257 391
257 786
257 331
258 775
258 909
259 929
260 293
261 552
261 399
261 582
262 304
263 767
263 455
263 853
264 808
264 302
265 913
265 658
266 455
267 386
267 966
267 638
267 945
268 902
268 968
268 912
269 445
269 632
269 541
269 328
270 506
270 889
270 442
271 330
271 923
271 668
272 443
272 328
272 408
272 542
272 507
273 299
273 484
274 815
275 282
275 405
275 581
275 696
277 471
277 618
278 298
278 395
279 463
279 686
279 328
279 430
280 694
280 402
280 757
281 609
281 855
281 905
282 674
282 449
283 434
283 845
283 635
284 901
284 952
284 379
285 383
285 770
286 669
286 382
286 359
287 921
287 356
287 621
288 374
288 716
288 500
288 456
289 885
289 326
290 915
290 648
290 388
290 464
291 881
291 806
291 463
292 420
292 432
292 760
292 977
293 509
293 382
293 980
294 593
294 877
294 329
295 441
296 613
296 368
296 986
297 560
297 691
297 415
297 675
298 625
298 586
298 311
299 725
300 379
300 651
300 570
301 665
301 755
301 324
301 517
301 647
302 683
302 710
303 397
303 574
303 620
304 733
304 405
304 329
305 397
305 577
305 790
305 376
307 398
308 735
308 733
309 855
310 795
310 760
311 610
311 886
312 529
312 673
312 686
313 494
314 668
314 593
314 497
315 964
315 584
315 519
315 423
315 648
315 734
316 763
316 514
317 342
317 552
318 327
318 392
318 775
319 748
320 425
320 602
321 634
321 381
321 877
321 787
322 717
323 429
324 781
324 422
325 787
325 655
326 609
326 645
326 918
328 982
329 386
329 719
330 899
330 727
331 399
331 729
332 826
332 348
332 993
333 664
334 436
334 896
334 533
334 388
335 412
335 508
336 656
336 354
336 349
337 998
337 958
338 547
338 519
338 340
338 682
339 541
339 701
339 888
340 492
340 501
341 942
341 442
342 400
342 862
344 731
344 682
345 788
346 805
346 981
346 676
346 817
347 590
347 663
347 395
347 728
348 614
349 624
349 440
349 961
350 429
350 558
351 476
351 624
351 658
351 756
351 844
352 696
352 424
352 472
352 385
353 421
353 776
354 564
355 470
355 493
355 968
356 915
357 727
358 437
360 734
360 513
361 489
361 946
362 486
363 771
364 413
364 517
364 582
365 666
365 416
366 645
366 512
367 688
367 652
368 996
368 967
369 776
369 588
370 652
370 644
370 411
370 837
371 746
372 920
373 481
373 841
373 814
374 457
374 429
374 535
374 990
375 772
376 979
376 613
377 985
378 764
378 939
379 500
380 711
380 727
380 953
381 740
381 687
381 846
382 723
383 444
383 907
383 463
384 398
384 539
385 733
385 715
385 842
386 901
387 445
387 975
388 608
388 696
389 456
389 735
389 720
390 672
390 413
391 441
392 738
393 550
393 457
394 528
394 720
395 490
395 748
395 646
395 923
396 722
397 468
397 461
397 638
398 924
400 765
400 762
400 534
400 744
401 794
401 811
401 806
402 875
402 423
402 540
402 914
403 445
404 992
404 779
405 836
405 447
406 804
408 922
408 438
409 658
409 464
410 692
410 647
412 543
413 745
414 796
415 592
415 911
416 913
416 831
417 970
418 546
418 827
418 501
419 928
419 646
419 756
420 683
422 635
423 881
424 882
424 863
426 692
427 446
429 713
429 914
430 568
431 919
431 648
432 824
433 564
433 551
433 996
434 874
434 688
435 761
435 932
436 516
437 673
438 752
438 770
440 904
442 963
443 478
443 468
444 847
446 459
446 775
446 602
447 774
447 666
448 719
448 826
448 917
449 510
450 929
450 914
451 637
451 961
452 712
452 703
453 487
453 678
454 884
454 554
454 729
455 466
455 566
456 919
457 497
458 582
458 769
458 543
460 484
461 714
461 655
462 764
462 766
462 491
463 782
463 840
464 744
464 556
465 488
467 972
467 537
467 866
468 740
469 877
469 614
470 516
470 647
470 661
470 716
470 714
471 858
471 823
472 927
472 685
472 538
472 804
474 566
474 753
475 975
477 639
478 966
480 851
480 492
480 638
480 725
481 545
483 544
484 909
484 577
485 539
485 675
485 672
486 563
488 787
488 707
489 650
489 633
490 912
490 631
490 690
492 931
492 904
493 718
493 536
495 896
495 937
497 671
498 811
498 840
498 536
498 879
498 816
498 946
498 817
499 742
499 594
499 857
501 742
502 977
503 988
505 966
505 906
505 583
506 742
507 691
508 677
508 843
508 724
508 736
509 951
510 761
511 641
512 668
512 518
512 514
513 702
513 796
514 642
514 847
515 593
516 792
517 978
519 662
519 622
520 833
520 569
522 530
522 770
522 687
524 925
526 861
526 855
526 862
527 649
528 889
529 708
529 773
529 569
530 768
530 619
531 853
531 936
532 565
534 625
534 690
536 714
539 759
540 786
540 836
540 838
541 573
542 683
542 991
543 917
544 951
545 757
546 941
547 566
547 763
548 873
549 627
549 738
550 993
551 567
553 576
554 825
554 558
554 807
555 697
555 950
557 991
558 897
559 756
561 588
561 839
562 804
562 882
564 590
565 603
565 657
565 807
565 592
568 628
571 716
571 802
573 619
574 684
574 703
575 658
575 654
576 737
577 803
579 667
579 753
580 879
580 620
581 932
583 923
584 938
585 642
586 834
586 929
587 804
587 610
589 957
595 983
595 850
596 964
597 730
600 706
601 890
605 939
606 947
607 867
608 628
609 978
611 699
611 848
612 974
612 634
612 727
614 819
615 760
616 755
617 651
618 887
620 880
620 761
621 959
622 677
622 681
623 822
624 696
625 850
626 918
626 640
629 699
632 971
632 759
633 707
634 976
635 650
641 734
642 933
642 949
643 829
646 746
649 999
649 997
652 847
652 780
653 960
653 656
655 994
657 815
657 698
659 679
660 811
661 934
661 877
661 662
662 796
663 709
664 778
665 732
666 719
667 988
667 846
668 800
669 706
670 876
671 866
673 964
675 990
676 776
680 906
683 833
684 872
684 840
684 762
687 814
689 983
689 824
690 924
692 887
693 776
693 991
693 777
694 961
694 745
695 827
695 955
697 771
698 769
700 799
701 797
701 728
703 868
706 849
707 985
707 858
708 820
710 760
712 787
712 888
714 944
714 921
715 931
717 909
722 749
724 734
726 830
727 881
729 862
730 849
730 816
731 852
731 854
732 739
736 878
737 823
738 893
741 911
745 875
747 896
750 898
751 857
752 860
752 986
753 907
758 987
762 959
764 952
765 774
767 954
771 799
772 788
774 947
777 916
777 868
778 802
779 828
779 956
779 982
782 794
784 836
785 793
786 904
797 901
798 995
803 994
803 998
807 871
810 846
810 976
811 841
812 986
812 946
819 870
819 911
821 908
821 939
828 883
832 848
835 926
838 960
839 866
843 989
843 924
844 922
850 930
854 950
856 934
856 965
863 950
865 990
867 900
869 916
872 925
891 971
894 973
897 957
897 937
902 934
903 938
920 989
932 987
945 947
970 972
980 989
