0 1
0 2
0 3
0 4
0 5
0 6
0 8
0 9
0 11
0 12
0 14
0 18
0 20
0 22
0 34
0 38
0 39
0 45
0 55
0 69
0 78
0 101
0 123
0 159
0 160
0 168
0 183
0 200
0 232
0 235
0 249
0 260
0 287
0 301
0 303
0 329
0 334
0 337
0 348
0 363
0 402
0 427
0 429
0 430
0 439
0 460
0 497
0 501
0 523
0 530
0 540
0 591
0 594
0 627
0 646
0 664
0 336
0 671
0 674
0 679
0 712
0 762
0 837
0 840
0 841
0 867
0 899
0 923
0 925
0 939
0 945
0 948
0 955
0 987
0 990
1 936
1 3
1 4
1 6
1 11
1 12
1 16
1 18
1 26
1 29
1 37
1 45
1 52
1 77
1 727
1 98
1 541
1 140
1 30
1 123
1 699
1 884
1 179
1 579
1 220
1 225
1 555
1 9
1 281
1 58
1 683
1 318
1 335
1 333
1 865
1 546
1 166
1 489
1 8
1 199
1 448
1 374
1 543
1 81
1 726
1 43
1 25
1 108
1 156
1 472
1 654
1 283
1 27
1 756
1 798
1 181
1 353
1 996
2 141
2 3
2 4
2 349
2 9
2 205
2 13
2 28
2 36
2 43
2 718
2 6
2 21
2 53
2 60
2 71
2 85
2 273
2 10
2 150
2 164
2 200
2 55
2 420
2 564
2 391
2 140
2 41
2 317
2 407
2 153
2 221
2 106
2 413
2 415
2 84
2 324
2 30
2 92
2 190
2 25
2 56
2 520
2 608
2 458
2 228
2 172
2 594
2 108
2 45
2 152
2 487
2 239
2 180
2 15
3 155
3 8
3 9
3 11
3 12
3 30
3 32
3 102
3 36
3 472
3 822
3 184
3 283
3 312
3 287
3 235
3 113
3 539
3 531
3 740
3 895
3 280
3 63
3 292
3 294
3 300
3 239
3 54
3 619
3 295
3 436
3 202
3 217
3 29
3 334
3 420
3 114
3 307
3 41
3 609
3 475
3 827
3 16
3 907
3 201
3 27
3 80
3 14
3 630
3 7
3 774
3 711
3 77
3 10
3 748
3 207
3 37
3 21
3 190
3 933
3 988
3 109
4 7
4 14
4 17
4 23
4 32
4 424
4 749
4 218
4 367
4 99
4 12
4 145
4 150
4 333
4 120
4 213
4 219
4 246
4 264
4 271
4 295
4 307
4 397
4 415
4 15
4 102
4 24
4 13
4 19
4 252
4 80
4 385
4 11
4 63
4 260
4 807
4 157
4 460
4 37
4 534
4 272
5 285
5 396
5 6
5 38
5 8
5 10
5 15
5 19
5 449
5 386
5 67
5 217
5 381
5 92
5 452
5 113
5 691
5 138
5 193
5 132
5 563
5 201
5 91
5 199
5 46
5 16
5 242
5 715
5 451
5 34
5 884
5 44
6 7
6 14
6 16
6 21
6 32
6 37
6 62
6 15
6 752
6 72
6 73
6 75
6 79
6 84
6 319
6 692
6 961
6 503
6 419
6 116
6 125
6 144
6 196
6 39
6 172
6 182
6 204
6 134
6 258
6 179
6 269
6 278
6 283
6 304
6 328
6 410
6 35
6 372
6 303
6 156
6 423
6 416
6 421
6 152
6 807
6 137
6 167
6 525
6 309
6 216
6 839
6 350
6 50
6 34
6 944
6 240
6 632
6 190
6 747
6 157
6 153
6 842
6 83
6 110
6 310
7 429
7 810
7 16
7 22
7 23
7 250
7 253
7 47
7 58
7 269
7 97
7 824
7 806
7 74
7 543
7 109
7 219
7 592
7 494
7 342
7 400
7 396
7 166
7 743
7 371
7 32
7 76
7 574
7 10
7 686
7 120
7 132
7 875
7 978
8 10
8 502
8 27
8 31
8 33
8 34
8 381
8 50
8 993
8 61
8 556
8 209
8 157
8 132
8 135
8 464
8 510
8 12
8 193
8 230
8 257
8 294
8 298
8 304
8 367
8 24
8 368
8 32
8 424
8 197
8 434
8 217
8 513
8 529
8 413
8 597
8 180
8 693
8 285
8 731
8 528
8 73
8 41
8 776
8 344
8 172
8 176
9 15
9 50
9 40
9 57
9 92
9 104
9 37
9 387
9 149
9 48
9 26
9 301
9 436
9 221
9 78
9 899
9 772
9 12
9 394
9 23
9 326
10 230
10 135
10 17
10 21
10 352
10 258
10 37
10 94
10 130
10 361
10 543
10 161
10 676
10 708
10 275
10 625
10 45
10 120
10 26
10 435
10 197
10 147
10 16
10 127
10 463
10 172
10 11
10 242
10 351
11 19
11 21
11 41
11 858
11 586
11 246
11 75
11 152
11 90
11 92
11 390
11 436
11 144
11 45
11 172
11 171
11 186
11 32
11 311
11 341
11 323
11 827
11 368
11 24
11 12
11 94
11 299
11 534
11 239
11 520
11 462
11 684
11 26
11 553
11 739
11 432
11 764
11 781
11 500
11 16
11 164
11 869
11 256
11 904
11 918
11 934
12 18
12 132
12 104
12 36
12 55
12 216
12 643
12 404
12 84
12 979
12 170
12 105
12 641
12 145
12 833
12 689
12 539
12 165
12 399
12 126
12 70
12 447
12 205
12 791
12 222
12 391
12 248
12 583
12 277
12 483
12 233
12 324
12 781
12 88
12 351
12 184
12 494
12 408
12 142
12 446
12 114
12 722
12 261
12 741
12 593
12 33
12 106
12 230
12 37
12 737
12 172
12 528
12 79
12 883
12 340
12 386
12 690
13 363
13 143
13 16
13 30
13 890
13 140
13 965
13 598
13 74
13 26
13 911
13 609
13 52
14 255
14 130
14 161
14 24
14 21
14 320
14 311
14 428
14 527
14 630
14 981
14 146
15 305
15 17
15 29
15 42
15 26
15 69
15 221
15 36
15 122
15 18
15 128
15 82
15 55
15 107
15 90
15 243
15 803
15 804
15 372
15 21
15 50
15 78
15 789
15 45
15 983
15 54
15 779
15 175
15 797
15 582
15 24
15 660
15 157
15 903
15 730
15 86
15 30
16 23
16 25
16 26
16 31
16 38
16 57
16 60
16 716
16 778
16 371
16 121
16 708
16 140
16 153
16 94
16 209
16 225
16 21
16 228
16 237
16 297
16 125
16 796
16 295
16 343
16 288
16 199
16 222
16 812
16 647
16 281
16 719
16 219
16 767
16 510
16 282
16 910
17 32
17 78
17 129
17 19
17 283
17 265
17 140
17 400
17 479
17 84
17 195
18 20
18 945
18 28
18 43
18 73
18 182
18 455
18 331
18 473
18 529
18 196
18 132
19 320
19 673
19 39
19 41
19 445
19 747
19 122
19 148
19 169
19 261
19 969
19 476
19 29
19 474
19 204
19 50
19 168
19 272
19 895
20 152
20 597
20 153
20 49
21 203
21 40
21 94
21 38
21 58
21 942
21 230
21 77
21 873
21 206
21 829
21 97
21 314
21 113
21 116
21 444
21 212
21 175
21 229
21 408
21 118
21 321
21 403
21 283
21 478
21 210
21 510
21 78
21 26
21 639
21 576
21 177
21 623
21 217
21 255
21 44
21 166
21 981
21 150
21 935
21 732
21 219
22 279
22 27
22 115
22 651
22 244
22 216
22 939
22 771
22 391
22 58
22 814
22 756
22 419
22 706
22 397
22 103
22 61
22 611
22 67
23 695
23 993
23 258
23 24
23 140
23 152
23 211
23 187
23 347
23 681
23 108
23 163
24 402
24 583
24 105
24 159
24 196
24 208
24 161
24 995
24 582
24 65
24 511
24 658
24 736
24 250
24 723
24 625
25 71
25 963
25 452
25 859
25 238
25 41
25 739
25 861
25 966
25 196
25 294
25 509
25 253
25 36
25 243
25 526
25 186
25 338
25 778
25 706
25 188
25 271
26 216
26 27
26 96
26 408
26 215
26 54
26 55
26 45
26 79
26 84
26 391
26 97
26 814
26 110
26 878
26 713
26 310
26 296
26 182
26 235
26 279
26 283
26 264
26 386
26 239
26 362
26 410
26 418
26 448
26 496
26 351
26 350
26 632
26 101
26 707
26 907
26 57
26 125
26 973
27 149
27 42
27 48
27 107
27 86
27 163
27 132
27 219
27 234
27 240
27 263
27 79
27 585
27 72
27 651
27 32
27 752
28 217
28 157
28 823
28 36
28 644
28 413
28 962
29 54
29 67
29 145
29 155
29 37
29 140
29 84
29 338
29 861
29 416
29 292
29 426
29 514
29 57
29 80
29 491
29 110
29 631
29 878
30 367
30 49
30 91
30 141
30 520
30 188
30 212
30 617
30 337
31 258
31 91
31 103
31 473
31 208
31 186
31 40
31 415
31 62
31 542
31 307
31 596
31 998
32 86
32 286
32 74
32 150
32 94
32 946
32 338
32 124
32 248
32 95
32 950
32 187
32 879
32 521
32 549
32 106
32 673
32 121
32 773
32 57
32 704
32 796
32 519
32 115
32 881
32 572
33 926
33 88
33 56
33 953
33 126
33 247
33 377
33 860
33 949
33 507
33 762
33 130
33 636
33 61
33 711
34 656
34 44
34 103
34 132
34 129
34 918
34 264
34 277
34 255
34 45
34 997
34 225
34 411
34 152
34 47
34 412
35 238
35 65
35 816
35 794
35 970
35 395
35 516
36 778
36 61
36 592
36 551
36 468
36 43
36 173
36 190
36 158
36 217
36 492
36 245
36 364
36 242
36 464
36 349
36 89
36 273
36 769
36 693
36 545
36 879
36 90
37 463
37 175
37 246
37 82
37 84
37 743
37 271
37 335
37 630
37 393
37 592
37 667
37 712
37 593
37 43
37 424
37 128
37 331
37 441
37 317
37 669
37 545
37 699
37 824
37 554
37 161
37 223
37 891
37 283
37 146
38 105
38 749
38 524
39 990
39 41
39 73
39 319
39 590
39 126
39 656
39 299
39 799
39 661
40 64
40 208
40 149
40 217
40 635
41 43
41 53
41 164
41 361
41 363
41 522
41 743
41 558
41 280
41 166
41 660
41 554
42 298
42 179
42 173
42 146
42 46
42 265
42 599
42 254
42 459
43 282
43 125
43 71
43 65
43 147
43 488
43 320
43 798
43 132
44 601
44 337
44 137
44 542
44 566
44 438
44 316
44 201
44 828
44 325
45 221
45 407
45 96
45 114
45 291
45 127
45 589
45 382
45 247
45 735
45 886
45 486
45 493
45 571
45 556
45 136
45 256
45 103
45 753
45 927
45 164
46 816
46 236
47 550
47 378
47 170
47 767
47 124
47 50
47 219
47 722
48 222
48 335
48 462
48 53
48 999
49 203
49 67
49 56
49 495
49 193
49 63
49 568
49 194
49 318
50 610
50 194
50 141
50 154
50 854
50 140
50 452
50 172
50 79
50 777
50 724
50 962
50 602
51 285
51 829
51 448
52 655
52 481
52 773
52 403
52 197
52 239
52 547
52 360
52 359
53 870
53 196
53 499
53 187
53 147
53 286
53 932
53 713
53 80
53 368
54 119
54 76
54 109
54 597
54 588
54 229
54 91
54 751
55 638
55 455
55 78
55 414
55 668
55 147
55 198
55 205
55 125
55 377
55 281
55 134
55 927
55 577
55 641
55 854
55 892
55 782
55 418
56 672
56 70
56 592
56 118
56 586
56 527
57 323
57 63
57 224
57 94
57 65
57 159
57 971
57 360
57 152
57 981
57 977
57 80
57 875
58 490
58 404
58 91
58 162
58 125
58 541
58 373
58 535
58 412
58 92
58 380
58 307
58 801
58 936
59 185
59 617
59 472
59 583
60 535
60 670
60 234
60 549
60 248
60 556
61 195
61 646
61 530
61 112
61 217
61 967
61 959
61 124
61 239
62 739
62 288
62 104
62 133
62 259
62 77
63 146
63 158
63 596
63 265
63 268
63 358
63 613
63 86
63 225
63 215
64 98
64 182
64 964
64 370
64 684
64 478
65 459
65 70
65 104
65 330
65 130
65 436
65 220
65 457
65 987
66 220
66 197
66 453
66 460
66 87
67 355
67 444
67 380
67 259
67 357
67 501
67 342
67 980
68 909
68 902
68 857
68 236
68 681
68 392
68 527
69 435
69 457
69 387
69 72
69 397
70 101
70 96
70 85
70 175
70 302
70 244
70 885
70 157
70 580
71 321
71 162
71 107
71 137
71 402
71 653
71 422
72 691
72 830
73 293
73 297
73 315
74 484
74 197
74 274
74 389
74 441
74 850
74 556
75 502
75 766
75 101
75 172
76 190
76 440
76 840
76 213
77 141
77 649
77 232
77 459
77 537
78 537
78 520
78 665
78 217
78 230
79 105
79 309
79 665
79 513
79 323
79 170
79 508
79 877
79 219
79 870
80 366
80 123
80 287
80 140
80 136
80 692
80 165
80 356
80 405
80 490
80 804
80 187
80 747
80 155
80 428
80 200
81 698
81 481
81 211
81 176
81 631
81 793
81 656
82 588
82 849
82 262
82 515
82 169
82 393
82 283
82 845
83 151
83 414
83 710
83 533
84 647
84 193
84 922
84 308
84 364
84 665
85 448
85 567
85 392
85 620
85 776
86 567
86 423
86 216
87 130
87 496
87 661
87 90
87 697
87 116
87 651
88 858
88 734
88 967
88 182
89 159
89 951
89 719
89 264
89 253
90 100
90 713
91 619
91 415
91 279
91 673
91 677
92 108
92 422
92 791
92 774
92 662
92 158
92 641
92 961
93 244
93 729
93 134
94 518
94 953
94 420
94 671
94 872
94 259
95 339
95 997
95 912
95 194
96 99
96 217
96 450
96 206
97 228
97 131
97 403
97 554
98 376
98 468
98 138
98 430
98 513
98 935
99 147
99 250
99 711
100 675
100 669
101 548
101 193
101 776
101 130
101 297
101 316
101 324
101 510
101 975
101 603
101 235
101 595
101 201
101 858
101 597
102 131
102 123
102 738
102 361
102 104
102 531
102 451
103 606
103 360
103 306
103 125
103 157
103 182
104 513
104 108
104 609
104 179
104 214
104 117
104 146
104 387
104 204
105 169
105 154
105 794
106 883
106 477
106 768
107 508
107 614
107 866
108 338
108 552
108 207
108 137
108 799
108 896
109 854
109 432
109 662
109 111
109 230
109 144
110 296
110 134
110 495
110 467
110 931
110 948
110 746
110 266
110 206
111 503
111 149
111 231
111 191
112 477
112 626
113 992
113 219
113 370
113 408
113 221
113 998
114 903
114 794
114 380
114 836
114 195
114 199
114 848
114 161
114 820
115 279
115 131
115 229
115 388
116 629
116 711
116 300
116 269
116 860
116 509
117 876
117 141
117 194
117 978
118 154
118 871
119 166
119 623
119 152
119 441
119 272
119 604
119 575
119 921
120 703
120 733
121 129
121 217
121 738
122 753
122 148
122 882
122 202
122 607
122 770
122 806
122 588
122 177
123 209
123 784
124 681
124 760
125 277
125 351
125 268
126 849
126 149
126 230
126 668
126 199
126 529
126 624
126 726
127 684
127 225
127 869
127 638
128 985
128 139
128 744
128 399
128 359
129 221
129 344
129 346
130 980
130 628
130 381
130 660
130 418
130 675
130 882
130 230
130 472
130 663
130 194
130 379
130 378
130 621
130 865
131 203
131 179
131 562
131 590
132 792
132 239
132 258
132 196
132 478
132 492
132 944
132 958
132 157
132 153
133 224
133 635
133 367
134 839
134 367
134 157
135 550
135 384
135 541
136 224
137 700
137 154
138 407
138 274
138 259
138 406
138 340
138 205
139 469
139 972
139 535
139 614
139 309
140 966
140 302
140 238
140 351
140 161
140 246
140 826
141 613
141 180
141 408
141 830
142 760
142 566
142 678
142 888
142 369
142 820
142 363
143 166
143 269
143 829
143 577
143 623
143 264
144 350
145 787
145 491
145 212
146 862
146 404
146 742
147 210
147 454
147 280
148 622
148 752
148 222
148 238
148 803
149 887
149 619
149 598
149 594
149 474
149 972
149 304
150 552
150 612
150 261
150 980
150 954
150 759
150 224
151 284
151 974
151 167
151 267
151 273
151 278
151 288
151 176
152 159
152 826
152 255
153 284
153 285
153 313
153 458
153 616
153 710
153 756
153 875
154 835
154 184
155 230
155 389
155 372
155 610
155 958
155 725
156 702
156 983
156 646
157 699
157 772
157 205
157 659
157 327
157 783
157 170
157 982
158 876
158 223
158 397
158 827
158 482
159 250
159 569
159 746
159 222
159 550
159 978
159 910
159 797
160 438
160 396
160 355
161 767
161 374
161 326
162 183
162 436
162 732
163 310
163 391
164 239
164 684
164 316
164 543
164 666
165 729
165 918
166 371
167 307
167 805
167 926
167 419
168 813
168 893
168 897
169 829
169 952
169 753
169 519
169 642
169 832
169 251
169 651
169 624
170 900
170 216
170 524
170 678
170 570
170 279
171 310
171 942
171 593
172 185
172 245
172 254
172 257
172 339
172 353
172 531
172 372
173 520
173 377
173 732
174 821
174 414
174 409
175 223
175 571
175 452
175 426
176 239
176 516
176 690
177 232
177 391
177 251
178 608
178 716
178 207
178 568
179 316
179 585
179 313
179 949
180 785
180 433
181 603
181 898
181 321
181 480
182 407
182 596
182 680
182 783
183 486
183 300
183 783
183 453
184 657
184 299
184 347
185 804
185 311
186 735
186 916
186 583
186 945
187 431
187 758
187 599
188 925
188 698
188 733
188 227
189 652
189 263
189 749
190 503
190 341
190 840
190 915
191 806
191 883
191 549
192 287
192 941
192 322
192 442
192 199
193 459
193 384
193 413
193 732
193 670
194 223
194 999
194 691
194 218
194 297
194 219
194 722
194 574
194 649
195 395
195 433
195 201
196 390
196 421
196 466
197 359
198 287
198 880
198 951
199 463
199 886
199 259
200 928
200 525
200 265
200 544
200 808
201 334
201 963
202 714
202 905
202 782
203 378
203 393
203 752
203 586
204 218
204 267
204 709
204 324
205 440
205 968
206 443
206 402
206 690
206 620
206 353
206 441
207 703
207 431
207 676
208 285
208 411
209 433
209 273
209 250
210 311
210 274
211 322
211 234
211 268
212 986
212 782
212 637
213 267
213 780
213 293
214 674
214 491
214 610
215 249
215 219
216 809
216 865
216 501
216 456
216 609
217 269
217 857
217 270
217 250
217 714
217 479
217 872
217 361
218 294
218 542
218 258
219 928
219 934
219 488
219 502
220 842
220 248
220 332
221 757
221 379
221 390
221 445
222 287
222 867
222 838
222 706
222 345
222 825
222 914
222 463
223 394
223 436
224 917
226 803
226 720
226 589
226 453
227 506
227 556
227 892
228 695
228 530
228 628
228 567
229 996
229 318
229 887
229 411
229 659
229 754
229 407
230 366
230 404
230 587
230 761
230 792
231 600
231 642
232 534
232 924
233 759
233 790
233 705
234 824
234 566
236 328
236 472
237 562
237 308
237 758
237 456
237 489
238 595
238 691
239 414
239 716
239 396
239 631
239 257
240 689
240 786
240 923
241 417
241 611
241 965
241 634
241 729
242 343
242 425
242 505
242 636
242 647
243 500
243 515
244 750
244 788
245 465
245 510
247 558
247 601
247 941
247 549
247 704
247 573
248 383
248 465
249 608
249 654
249 557
250 662
250 949
251 794
251 519
251 753
252 713
252 340
253 866
253 530
253 729
254 806
254 294
254 386
254 843
254 919
254 371
255 678
255 294
256 855
256 857
256 497
256 292
256 405
257 282
258 474
258 740
259 604
259 483
259 687
260 686
260 370
260 691
261 546
261 328
261 307
261 622
261 604
262 503
262 637
262 505
262 788
263 969
263 698
263 751
263 439
264 462
264 939
265 660
266 352
266 550
266 742
266 904
267 533
267 722
267 669
268 576
268 578
269 372
269 464
270 392
270 492
271 546
271 323
271 357
271 736
271 725
271 565
271 384
272 637
273 908
273 866
274 337
275 952
275 332
276 539
276 303
276 603
276 327
277 672
277 740
278 503
278 635
278 322
278 420
279 705
280 976
280 731
280 666
280 658
281 988
282 374
282 447
282 675
283 572
283 483
283 611
284 432
284 825
285 472
285 982
286 873
286 864
286 410
286 650
286 943
287 526
288 522
289 419
289 353
289 454
289 877
290 518
290 979
290 584
290 400
291 966
291 790
291 573
291 398
292 490
292 434
292 652
293 861
293 776
293 674
294 406
294 555
295 503
295 366
295 734
295 860
296 773
296 598
296 522
296 305
298 907
299 707
299 593
299 947
300 364
300 405
300 570
301 999
301 730
302 358
302 787
303 844
303 304
303 405
304 413
304 581
304 745
305 367
305 318
306 450
306 758
306 515
307 534
307 600
307 606
307 420
308 582
309 893
310 381
310 761
311 637
311 973
312 769
312 401
312 801
312 751
313 913
313 519
314 561
314 342
315 333
315 593
316 320
316 802
316 336
316 576
317 399
317 789
317 929
318 462
318 570
319 914
319 538
320 375
320 656
320 855
321 413
321 779
321 442
321 520
322 577
322 953
323 597
324 552
324 498
325 447
325 989
325 385
326 588
327 652
327 334
327 633
327 859
328 493
329 810
329 622
330 894
330 375
330 591
331 430
331 863
331 369
331 711
332 497
333 493
333 411
333 697
333 586
334 935
334 543
334 489
336 385
337 995
337 486
337 750
338 396
338 437
339 744
339 611
340 427
340 596
341 820
342 922
343 529
343 960
343 435
343 694
344 395
345 733
345 831
345 602
346 751
346 497
347 500
347 774
347 578
348 694
348 552
348 510
349 357
350 765
351 514
351 583
351 644
351 917
352 487
353 548
353 474
353 896
353 506
354 971
354 597
354 616
354 851
355 746
355 528
356 580
356 377
356 653
356 629
356 868
356 362
357 396
357 428
357 401
358 634
359 834
359 439
359 470
359 480
360 721
361 930
362 638
363 800
363 734
364 559
365 426
365 423
365 385
365 974
366 485
367 770
369 976
369 717
369 499
369 446
370 682
371 844
371 758
372 419
373 687
373 448
373 592
374 746
374 912
374 853
374 805
375 406
375 379
375 427
376 889
376 813
378 634
378 590
379 410
379 993
380 425
380 644
381 666
381 510
382 385
382 818
382 621
383 910
383 921
383 932
384 767
385 746
385 633
386 388
386 647
386 757
387 947
388 846
388 393
388 729
389 712
390 878
391 516
391 496
391 709
391 508
391 438
393 899
394 800
394 775
395 941
395 456
397 541
397 505
398 518
398 520
399 819
399 437
399 575
399 780
400 920
401 523
402 650
403 740
403 429
404 418
405 970
405 412
406 800
407 725
407 449
407 605
407 741
409 456
409 936
409 928
411 914
411 836
412 883
412 710
413 491
413 827
413 420
415 517
416 504
417 520
417 587
419 807
419 956
419 736
420 452
420 885
421 989
421 593
422 553
424 833
424 590
424 625
424 777
425 694
426 528
427 753
428 954
428 466
429 874
429 688
431 630
433 470
434 724
435 897
436 451
436 795
437 938
437 838
438 495
438 766
440 442
440 556
441 544
441 908
441 606
441 902
443 679
443 643
444 664
445 701
445 940
446 584
447 909
447 880
447 623
447 903
448 996
449 802
449 707
450 475
451 846
451 628
452 589
452 930
452 879
454 737
454 968
455 761
455 607
455 989
456 587
456 975
457 856
457 994
458 491
461 881
461 870
461 727
461 974
462 710
463 971
463 986
464 728
465 662
465 692
465 870
466 658
467 781
467 469
467 769
467 570
468 853
469 603
469 972
470 901
471 909
471 814
471 506
471 772
472 738
472 851
473 799
473 478
474 683
474 475
474 937
475 950
475 765
476 633
476 791
476 992
477 490
477 788
478 759
479 605
479 843
479 565
480 648
480 606
481 601
482 592
482 610
482 938
484 677
484 602
484 929
485 500
485 643
485 785
486 624
486 959
486 826
486 553
486 852
487 789
487 952
488 708
489 636
489 522
490 702
491 869
492 532
494 788
494 868
496 815
496 720
497 560
498 795
498 620
499 606
499 748
500 973
501 504
502 660
502 505
503 911
504 927
505 755
506 662
507 850
507 671
508 592
509 814
511 649
511 560
512 823
512 847
512 612
512 793
513 867
513 863
514 720
514 657
516 734
517 890
517 578
520 686
521 661
521 832
522 745
522 894
523 963
524 837
525 723
526 819
526 924
527 603
527 567
528 543
529 969
529 645
530 897
532 834
532 533
533 585
533 833
533 955
534 579
535 689
536 786
536 799
536 817
536 718
537 955
538 845
538 990
540 687
540 925
542 994
543 680
544 788
544 607
545 828
547 764
547 946
548 640
551 557
551 688
552 576
553 943
554 578
555 814
555 561
556 618
557 664
557 775
558 741
559 642
559 569
560 843
561 880
562 739
563 766
563 882
564 670
564 721
565 770
568 728
568 784
569 702
570 838
571 573
572 698
573 931
574 797
574 635
575 722
575 727
576 755
576 894
577 695
577 979
579 919
579 944
580 872
581 811
581 786
584 985
585 929
586 650
587 992
591 645
591 679
592 715
593 737
595 962
595 901
595 819
599 845
600 729
602 810
605 633
605 904
605 898
607 946
608 784
609 624
612 883
613 840
614 763
615 932
615 868
615 885
616 627
617 690
618 767
618 924
621 956
624 783
626 739
626 760
627 848
628 960
629 822
629 771
630 749
631 657
632 819
633 696
635 715
638 825
639 956
639 684
640 889
640 750
642 728
643 766
644 812
645 780
645 653
647 792
648 895
648 811
652 682
653 859
653 794
654 908
655 680
655 937
657 905
657 957
659 795
659 835
663 871
663 717
663 685
664 755
665 889
667 862
667 798
668 881
670 672
670 920
675 856
676 851
677 723
681 943
682 774
683 994
684 808
685 852
685 985
687 706
688 841
691 890
693 830
695 964
696 845
696 984
697 987
697 763
699 813
699 718
700 975
700 754
701 717
701 779
703 704
705 812
705 853
706 986
708 965
708 958
709 839
710 964
712 787
712 764
713 864
714 913
719 876
721 816
724 726
727 991
730 801
731 738
731 834
731 921
735 757
740 849
742 768
742 957
744 906
745 856
745 891
748 903
748 998
750 911
754 815
756 942
762 976
763 828
765 790
768 951
769 983
771 948
771 835
774 923
775 863
776 886
777 917
785 841
790 884
790 891
792 847
793 818
796 905
802 807
805 984
808 818
809 813
809 954
811 982
815 867
815 817
817 933
821 858
821 842
822 870
823 896
826 837
831 854
831 898
832 888
834 874
836 915
844 899
846 959
847 892
848 991
850 970
852 900
853 931
855 988
862 926
864 960
865 957
870 950
871 912
873 930
874 877
874 922
887 916
888 977
893 967
900 991
901 913
902 915
906 961
906 968
916 995
919 940
920 984
933 977
934 940
937 938
947 997
