0 1
0 2
0 3
0 5
0 6
0 8
0 9
0 12
0 14
0 19
0 26
0 31
0 33
0 46
0 59
0 71
0 78
0 96
0 101
0 105
0 106
0 109
0 124
0 163
0 174
0 211
0 240
0 280
0 308
0 311
0 322
0 323
0 909
0 332
0 372
0 991
0 392
0 395
0 426
0 428
0 433
0 594
0 676
1 2
1 3
1 4
1 5
1 7
1 22
1 13
1 48
1 37
1 57
1 56
1 95
1 833
1 105
1 113
1 91
1 188
1 180
1 254
1 50
1 468
1 297
1 325
1 345
1 745
1 351
1 138
1 542
1 607
1 627
1 183
1 187
1 58
1 186
1 14
1 279
2 3
2 4
2 5
2 7
2 13
2 14
2 17
2 18
2 29
2 245
2 51
2 59
2 70
2 73
2 48
2 922
2 99
2 11
2 108
2 69
2 707
2 127
2 130
2 832
2 261
2 203
2 205
2 503
2 230
2 222
2 76
2 124
2 698
2 578
2 100
2 289
2 448
2 280
2 286
2 556
2 799
2 34
2 646
2 864
2 682
2 380
2 964
2 60
2 243
2 9
2 139
2 868
2 353
2 522
3 4
3 8
3 9
3 85
3 100
3 17
3 18
3 285
3 22
3 23
3 24
3 951
3 403
3 886
3 50
3 74
3 953
3 78
3 70
3 76
3 77
3 137
3 373
3 98
3 104
3 106
3 31
3 972
3 355
3 150
3 165
3 167
3 195
3 91
3 228
3 230
3 241
3 244
3 247
3 362
3 281
3 284
3 294
3 312
3 500
3 343
3 55
3 363
3 19
3 21
3 109
3 297
3 473
3 46
3 488
3 685
3 523
3 524
3 13
3 120
3 48
3 128
3 584
3 276
3 691
3 149
3 191
3 275
3 830
3 974
3 770
3 177
3 28
3 431
3 115
3 414
3 700
3 674
3 370
3 119
3 325
3 752
3 66
3 640
4 6
4 7
4 9
4 10
4 15
4 17
4 20
4 24
4 508
4 39
4 47
4 463
4 459
4 58
4 61
4 69
4 72
4 73
4 37
4 85
4 123
4 100
4 724
4 90
4 741
4 163
4 320
4 963
4 273
4 232
4 18
4 788
4 685
4 366
4 666
4 388
4 31
4 124
4 485
4 471
4 451
4 520
4 820
4 601
4 152
4 177
4 347
4 25
4 729
4 359
4 11
4 12
4 916
4 19
4 398
4 51
4 156
5 6
5 11
5 12
5 13
5 19
5 21
5 36
5 31
5 53
5 959
5 58
5 176
5 9
5 22
5 464
5 379
5 102
5 50
5 110
5 114
5 70
5 284
5 500
5 373
5 157
5 88
5 161
5 310
5 742
5 782
5 688
5 283
5 344
5 46
5 382
5 385
5 393
5 403
5 437
5 776
5 41
5 502
5 509
5 534
5 104
5 413
5 444
5 52
5 183
5 109
5 42
5 226
5 736
5 100
5 799
5 813
5 668
5 188
5 274
5 653
6 11
6 671
6 460
6 20
6 223
6 31
6 32
6 54
6 723
6 149
6 173
6 882
6 539
6 569
6 166
6 495
6 238
6 63
6 189
6 153
7 10
7 761
7 18
7 26
7 28
7 59
7 121
7 57
7 68
7 81
7 231
7 360
7 154
7 688
7 219
7 230
7 205
7 272
7 281
7 299
7 260
7 285
7 569
7 415
7 432
7 73
7 503
7 40
7 523
7 413
7 561
7 107
7 153
7 616
7 203
7 759
7 766
7 818
7 149
7 89
7 307
7 88
7 159
8 38
8 27
8 30
8 32
8 35
8 37
8 439
8 494
8 364
8 100
8 107
8 63
8 25
8 198
8 214
8 337
8 737
8 242
8 282
8 36
8 575
8 423
8 446
8 535
8 536
8 28
8 69
8 210
8 743
8 811
8 62
8 901
8 704
8 17
9 187
9 12
9 15
9 20
9 25
9 56
9 35
9 38
9 41
9 42
9 43
9 48
9 62
9 66
9 692
9 457
9 82
9 92
9 149
9 115
9 486
9 133
9 563
9 411
9 624
9 34
9 131
9 223
9 228
9 101
9 271
9 943
9 170
9 286
9 305
9 109
9 320
9 21
9 28
9 119
9 22
9 391
9 237
9 125
9 399
9 315
9 245
9 505
9 976
9 677
9 181
9 527
9 559
9 17
9 421
9 491
9 298
9 537
9 481
9 36
9 345
9 995
9 257
10 161
10 22
10 27
10 940
10 76
10 835
10 850
10 103
10 119
10 160
10 291
10 314
10 379
10 713
10 503
10 589
10 975
10 704
10 579
10 521
11 252
11 19
11 304
11 343
11 175
11 63
11 453
11 77
11 407
11 678
11 69
11 348
11 119
11 313
11 688
11 502
11 826
11 58
11 801
11 903
11 908
12 113
12 89
12 134
12 122
12 83
12 139
12 994
12 313
12 51
12 226
12 121
12 690
12 473
12 804
12 623
12 297
12 456
13 769
13 344
13 342
13 224
13 97
13 83
13 151
13 801
13 961
13 984
13 401
13 421
13 89
13 91
13 627
13 669
13 614
13 51
13 155
14 376
14 798
14 74
14 193
14 119
14 959
14 956
14 824
14 518
14 85
14 414
14 16
15 785
15 29
15 34
15 40
15 44
15 163
15 225
15 142
15 653
15 257
15 897
15 274
15 227
15 259
15 848
15 545
15 524
15 128
15 624
15 856
16 395
16 298
16 119
16 507
16 906
16 19
16 650
16 17
16 405
16 816
16 22
17 22
17 822
17 43
17 71
17 73
17 987
17 91
17 314
17 122
17 152
17 154
17 968
17 231
17 242
17 24
17 137
17 658
17 335
17 661
17 413
17 48
17 465
17 892
17 545
17 525
17 88
17 570
17 838
17 285
17 94
17 505
17 351
17 172
18 82
18 121
18 52
18 633
18 249
18 646
19 40
19 539
19 38
19 985
19 593
19 148
19 173
19 160
19 152
19 869
19 297
19 543
19 434
19 971
19 62
19 513
19 457
19 868
19 609
19 772
19 33
19 896
19 589
19 930
20 66
20 48
20 55
20 63
20 84
20 189
20 226
20 541
20 278
20 300
20 408
20 75
20 737
20 77
20 536
20 342
20 88
20 978
20 31
20 58
20 574
20 144
20 831
20 314
20 950
21 62
21 464
21 949
21 43
21 885
21 56
21 406
21 125
21 170
21 178
21 356
21 209
21 716
21 142
21 684
21 197
21 570
21 322
21 100
21 442
21 722
21 621
21 320
22 25
22 93
22 71
22 319
22 34
22 121
22 158
22 170
22 418
22 48
22 197
22 258
22 287
22 222
22 68
22 119
22 859
22 133
22 183
22 416
23 765
23 823
23 155
24 259
24 41
24 203
24 340
24 226
24 208
25 478
25 158
25 51
25 345
25 199
25 579
25 264
25 112
25 59
25 673
26 91
26 36
26 630
26 544
26 478
26 506
26 638
26 144
26 59
26 54
26 601
26 111
26 621
26 256
27 754
27 50
27 54
27 356
27 128
27 461
27 973
27 203
27 509
27 251
27 316
27 147
27 888
28 560
28 977
28 470
28 254
28 286
28 346
28 419
28 45
28 327
28 612
29 231
29 65
29 518
29 103
29 81
29 343
30 849
30 947
30 281
30 226
30 506
30 455
31 60
31 569
31 691
31 707
31 334
31 42
31 121
31 562
31 239
31 123
32 146
32 39
32 45
32 129
32 41
32 211
32 193
32 318
32 354
32 360
32 392
32 183
32 436
32 73
32 68
32 112
32 33
32 698
32 903
32 867
33 743
33 529
33 512
33 47
33 61
33 596
33 955
34 719
34 41
34 364
34 79
34 321
34 176
34 480
34 124
34 834
34 438
35 831
35 36
35 40
35 61
35 73
35 395
35 173
35 933
35 943
35 422
35 607
35 444
35 84
36 780
36 777
36 41
36 42
36 866
36 597
36 595
36 85
36 249
36 730
36 902
36 544
37 149
37 908
37 47
37 88
37 242
37 862
37 208
37 229
37 729
37 255
37 300
37 520
37 186
37 243
37 872
37 721
37 863
37 160
37 894
38 709
38 651
38 209
38 352
38 173
38 422
38 264
38 446
38 771
38 577
39 840
39 103
39 213
39 289
39 69
39 317
40 483
40 52
40 265
40 285
40 145
40 89
40 901
40 225
40 592
40 313
40 66
40 379
40 78
40 341
40 629
40 936
40 374
40 326
41 420
41 323
41 227
41 988
41 225
41 427
41 438
41 734
41 898
41 156
41 122
42 257
42 434
42 146
42 978
42 377
42 513
42 50
42 55
42 115
42 736
42 226
42 134
42 608
42 132
42 655
42 293
43 316
43 772
43 160
43 156
43 175
43 353
43 144
43 396
44 567
44 523
44 148
44 311
44 330
45 313
45 849
45 51
45 67
45 152
45 503
45 587
45 960
45 742
45 817
45 161
45 257
45 833
46 343
46 70
46 56
46 78
46 241
46 119
46 735
46 636
46 79
46 294
46 336
46 368
46 248
46 62
46 620
46 629
46 88
46 828
46 539
46 48
46 124
47 790
47 974
47 61
47 806
47 460
47 68
47 581
47 724
47 742
48 99
48 276
48 53
48 89
48 622
48 229
48 735
48 389
48 432
48 836
48 456
48 954
48 354
48 341
48 436
48 121
48 612
48 613
48 66
48 81
48 313
49 513
49 410
49 188
49 457
49 466
49 118
49 156
49 312
49 280
49 260
49 53
49 248
49 945
49 663
49 662
50 697
50 128
50 903
50 199
50 802
50 141
50 918
50 310
50 772
50 476
50 509
50 446
50 963
50 755
51 62
51 94
51 109
51 56
51 175
51 632
51 105
51 298
51 556
51 939
51 454
51 447
51 509
51 427
51 760
51 281
51 696
51 855
51 65
51 127
52 641
52 657
52 65
52 623
52 220
52 587
52 289
53 245
53 272
53 131
53 98
53 256
53 145
53 314
53 57
53 216
53 676
53 469
53 74
53 59
54 124
54 59
54 740
54 88
54 108
54 726
54 146
54 183
54 792
54 488
54 572
55 195
55 61
55 482
55 530
55 534
55 693
55 538
55 168
56 440
56 634
56 104
56 103
56 205
56 302
56 756
56 255
56 148
56 539
56 732
56 161
57 145
57 63
57 117
57 133
57 803
57 278
57 280
57 855
57 204
57 514
57 964
57 174
57 352
58 880
58 215
58 445
58 565
58 134
58 550
58 388
58 641
58 955
59 773
59 89
59 61
59 119
59 187
59 189
59 287
59 212
59 670
59 609
59 689
59 650
59 710
59 805
59 153
59 641
59 408
59 298
60 389
60 231
60 423
60 412
60 422
60 281
61 966
61 720
61 123
61 187
61 312
61 190
61 347
61 277
61 485
62 82
62 94
62 935
62 617
62 145
62 727
62 942
62 509
62 576
62 370
62 311
62 99
62 223
62 948
62 72
63 601
63 213
63 766
63 922
63 725
63 73
63 128
63 689
63 69
63 123
63 870
63 902
63 516
64 520
64 493
64 670
64 343
65 763
65 748
65 746
65 169
65 140
65 905
65 211
65 830
65 325
65 300
65 198
65 187
65 409
66 256
66 187
66 87
66 89
66 120
66 253
66 165
66 75
66 232
66 72
66 631
66 398
66 686
66 765
66 477
66 178
67 133
67 827
67 363
67 410
68 388
68 265
68 141
68 135
68 362
68 77
68 193
68 444
68 103
69 289
69 921
69 103
69 504
69 347
69 401
69 494
69 394
69 364
69 130
70 83
70 124
70 460
70 203
70 577
70 100
70 543
70 656
70 416
70 341
70 775
71 938
71 549
71 73
71 345
72 110
72 167
72 315
72 190
72 794
72 365
73 145
73 155
73 218
73 491
73 852
73 161
74 103
74 719
74 123
74 898
75 961
75 467
75 711
75 368
75 350
75 360
75 878
75 631
75 267
75 638
75 82
76 425
76 497
76 349
77 712
77 81
77 862
77 496
77 427
77 743
77 256
77 100
77 281
77 965
77 583
77 973
77 444
78 104
78 725
78 317
78 87
78 90
78 126
78 129
78 705
78 665
78 154
78 191
78 95
78 839
78 567
78 668
78 881
78 133
78 796
78 189
79 205
79 333
79 430
79 119
79 629
79 363
79 339
80 113
80 179
80 817
80 153
80 97
80 495
81 698
81 363
81 931
81 183
81 346
81 410
81 805
81 513
81 876
82 261
82 97
82 494
82 477
82 776
82 743
82 832
83 144
83 251
83 984
83 172
83 198
83 149
83 320
83 376
83 552
83 196
83 588
83 564
83 201
84 319
84 100
84 209
84 657
84 414
84 555
84 722
84 453
84 140
84 862
84 437
85 87
85 185
85 662
85 236
85 112
85 314
85 537
85 353
85 204
85 957
86 810
86 437
86 266
86 93
86 715
86 387
86 259
87 110
87 651
87 383
87 724
87 568
88 104
88 297
88 290
88 350
88 753
89 176
89 816
89 130
90 839
90 524
90 793
91 984
91 228
91 431
92 516
92 354
92 744
92 893
92 448
92 626
92 359
93 625
93 512
93 667
94 327
94 269
94 427
94 165
94 274
94 685
94 221
95 371
95 423
95 134
95 213
95 642
95 445
95 189
95 254
96 109
96 541
97 901
97 572
97 115
97 136
97 261
97 523
97 917
97 452
97 121
97 759
98 861
98 332
99 136
99 120
99 474
99 183
99 338
99 106
99 491
99 591
99 769
99 280
100 109
100 141
100 118
100 306
100 142
100 611
100 324
101 194
101 189
101 302
101 542
101 505
102 355
102 960
102 128
102 509
102 937
103 662
103 500
103 433
103 409
103 368
103 459
103 271
103 343
103 112
103 673
104 910
104 302
104 306
104 355
104 693
104 271
104 588
104 343
104 183
104 448
104 886
104 508
105 795
105 544
105 164
105 289
105 410
106 493
106 970
106 764
106 291
107 477
107 729
108 494
108 476
108 487
108 204
108 252
108 293
108 277
108 522
108 915
109 921
109 285
109 243
109 846
109 396
109 397
109 336
109 340
110 176
110 341
110 218
111 784
111 969
112 211
112 634
112 184
112 504
112 363
113 741
113 127
113 292
113 517
113 285
113 642
113 604
113 758
114 317
114 470
114 266
114 309
114 550
115 231
116 233
116 152
116 293
116 499
117 554
117 136
118 638
118 918
118 836
118 198
118 303
119 982
119 501
119 408
119 976
119 272
119 463
119 943
119 380
119 473
119 869
119 561
119 625
119 327
119 171
120 193
120 985
120 799
120 257
120 659
120 397
120 202
121 397
121 996
121 799
121 573
121 254
121 175
121 555
121 303
122 270
122 137
122 173
122 146
122 652
122 197
122 477
123 798
123 231
123 220
124 932
124 554
124 675
124 442
124 362
124 186
124 571
124 392
125 262
125 229
126 590
126 515
126 200
126 277
126 636
127 332
127 391
127 427
127 617
128 363
128 243
128 368
128 170
129 887
129 986
129 249
130 483
130 856
130 487
130 927
130 709
130 239
131 607
131 884
131 465
131 590
132 357
132 974
132 202
132 259
132 696
132 888
133 153
133 148
133 164
134 683
134 301
134 336
134 486
135 925
135 329
135 905
135 508
136 149
136 754
136 169
136 156
136 161
137 303
137 827
137 412
137 177
137 553
137 956
137 492
138 388
138 395
138 171
138 468
138 614
138 147
138 155
138 168
138 419
138 139
138 703
139 303
139 826
139 232
139 535
139 873
140 191
140 303
140 159
140 544
141 669
141 741
141 567
142 394
142 194
142 647
142 467
143 351
143 555
143 720
143 145
143 710
144 250
144 553
144 500
145 993
145 528
145 168
145 463
145 615
146 704
146 725
146 225
147 349
147 223
147 394
148 399
148 854
148 376
148 156
148 979
149 187
149 203
149 196
149 213
149 404
149 707
149 376
149 689
149 627
149 635
149 777
149 920
149 205
150 749
150 347
150 814
150 197
150 704
150 588
151 775
151 230
151 443
152 154
152 843
153 550
153 511
153 263
153 630
153 767
153 671
153 807
153 772
153 479
153 186
154 163
154 609
154 250
154 630
154 267
154 820
154 365
154 369
154 434
154 946
154 220
154 773
154 461
154 529
154 438
154 458
155 576
155 716
155 416
155 727
156 409
156 189
156 175
156 192
156 443
156 829
156 438
156 505
156 797
156 772
156 645
156 915
157 462
157 567
157 189
158 949
159 825
159 181
159 375
160 462
160 934
161 566
162 348
162 610
162 800
162 408
163 775
163 721
163 807
164 498
164 558
164 350
164 925
165 515
165 182
165 204
165 661
165 428
165 389
166 367
166 618
166 244
167 294
167 359
167 361
167 353
167 323
167 923
168 711
168 213
168 531
168 384
168 792
168 296
168 309
168 658
168 418
169 180
169 886
169 915
170 307
170 365
170 486
170 308
170 413
170 235
170 178
171 750
171 381
171 599
171 386
171 523
172 461
172 586
172 203
172 279
173 774
173 268
173 224
173 385
173 257
173 830
173 434
173 294
173 376
173 846
174 481
174 192
175 301
175 260
175 744
175 185
175 243
176 335
176 185
176 329
176 219
177 693
177 644
178 227
178 603
178 478
179 936
179 900
179 593
179 512
179 570
180 905
180 825
180 433
181 395
181 794
181 629
182 443
182 266
182 535
182 682
183 379
183 549
183 333
183 389
183 666
183 275
184 934
184 493
184 188
184 559
185 889
185 328
185 883
186 217
186 209
186 350
186 407
187 191
187 348
187 401
187 427
187 295
188 614
188 205
188 377
188 975
188 646
188 877
189 959
189 298
189 420
189 443
189 650
189 885
189 405
190 506
190 459
190 914
190 396
190 810
191 305
191 927
191 347
191 939
192 664
192 355
193 254
193 404
193 336
194 548
194 982
194 627
194 320
194 789
195 229
195 286
195 821
195 494
196 210
196 595
196 480
196 389
197 610
197 238
197 691
197 289
197 980
197 577
197 415
197 743
197 270
198 228
198 310
199 516
199 650
199 728
199 864
199 322
200 946
200 967
201 565
201 262
202 983
202 255
203 465
203 384
203 406
203 276
203 852
204 442
204 538
204 281
204 494
205 258
205 631
205 906
205 596
205 728
205 887
205 378
206 603
206 487
206 842
207 215
207 330
207 450
208 281
208 613
208 244
208 980
208 783
209 564
210 284
211 514
211 402
211 252
211 431
211 926
211 356
211 994
212 967
212 234
212 634
212 932
213 376
213 246
213 733
213 790
214 785
214 979
214 476
214 887
215 762
216 258
216 472
217 971
217 244
218 962
218 526
219 316
219 309
219 879
219 409
219 999
220 715
220 527
220 691
221 664
221 677
222 268
222 999
222 738
222 299
222 549
223 299
223 306
224 430
224 278
224 373
225 270
225 398
225 946
225 529
225 341
225 689
226 354
226 320
226 353
226 377
226 955
226 492
226 339
226 674
226 948
227 717
227 603
227 497
228 570
228 806
228 495
228 985
228 699
228 283
229 401
229 554
229 388
229 607
230 357
230 343
231 709
231 371
231 420
231 562
232 478
232 302
232 491
232 341
233 679
233 780
233 571
233 400
233 879
234 381
234 596
234 992
235 486
235 563
235 402
236 661
236 260
236 419
237 417
237 280
237 890
238 323
238 749
239 324
240 646
240 430
240 747
240 542
240 937
241 996
241 944
242 313
243 408
243 273
243 494
244 838
245 832
245 889
245 305
245 506
246 739
246 303
247 390
247 746
248 485
248 648
248 252
249 682
249 283
249 624
250 850
250 757
250 866
251 692
251 989
251 897
252 278
252 301
252 320
253 337
253 872
254 456
254 382
255 388
255 264
255 280
255 592
255 326
256 276
256 394
256 994
256 649
257 273
258 697
259 424
259 993
259 529
260 554
260 894
260 378
260 649
261 826
261 795
261 616
262 336
263 343
263 757
263 748
264 920
265 838
265 268
265 847
266 459
266 731
266 896
266 874
266 933
267 285
267 791
267 748
267 482
268 525
268 290
268 663
268 592
268 902
268 991
269 368
269 998
270 279
271 611
271 275
272 653
273 720
274 369
274 988
275 700
275 611
275 879
276 316
276 390
276 823
276 380
276 859
277 309
277 428
277 912
278 315
278 309
280 520
280 729
281 488
281 294
281 694
281 495
282 533
282 632
282 304
283 667
283 894
283 421
283 596
284 290
284 295
285 393
285 437
285 495
285 824
285 630
285 783
286 606
287 869
287 684
287 697
288 603
288 547
288 685
288 539
289 492
289 308
289 296
289 919
289 970
291 952
291 547
292 736
292 632
294 521
294 515
294 366
295 875
295 804
296 327
297 837
297 449
297 597
298 694
298 440
299 353
299 441
299 490
299 764
299 706
300 460
300 579
302 761
302 795
302 682
303 393
304 917
304 526
304 521
304 435
305 373
305 990
306 390
307 620
307 572
308 697
308 353
308 415
308 956
310 798
310 996
310 916
312 328
312 998
313 663
315 350
316 407
317 539
317 891
317 853
318 527
318 654
318 431
319 999
319 731
319 416
319 699
319 679
320 334
320 464
321 782
321 484
321 407
321 949
322 676
323 438
323 552
323 673
323 582
323 910
324 971
324 558
325 766
325 785
325 605
326 789
326 365
326 520
327 329
327 437
327 847
327 475
328 752
329 581
329 361
329 679
330 684
331 424
331 667
331 760
332 387
332 701
333 496
333 350
334 361
334 716
335 866
335 687
335 861
335 591
336 844
336 573
336 665
337 439
337 690
338 944
338 786
338 897
339 589
339 889
340 586
340 779
340 788
341 359
341 835
342 401
342 680
342 413
343 801
343 549
343 929
344 376
344 624
344 998
345 578
346 635
346 604
346 926
347 519
347 469
348 391
348 727
348 534
349 833
349 840
350 695
350 477
351 688
351 539
352 755
352 362
353 436
353 638
354 816
355 934
355 552
355 827
355 871
356 695
357 652
357 734
357 650
358 403
358 680
358 966
358 834
359 370
360 494
360 411
361 606
361 846
362 594
362 363
362 591
362 763
363 488
363 768
363 823
364 973
364 734
364 570
365 637
365 385
365 392
366 503
366 664
366 777
367 839
367 544
368 881
369 530
369 381
369 494
369 812
370 684
370 529
370 449
371 753
372 522
372 754
373 706
374 543
374 683
375 928
375 842
375 780
376 430
376 619
376 540
377 810
378 463
378 500
379 981
379 391
379 501
380 737
382 756
382 405
383 643
383 876
384 522
384 498
384 723
385 672
385 418
386 863
386 923
386 452
386 407
387 812
388 438
388 708
388 569
389 399
390 844
391 585
391 767
391 660
392 958
393 622
393 471
393 447
394 416
395 596
396 843
396 704
397 644
397 400
397 854
398 532
398 574
398 856
399 494
400 548
401 952
401 782
401 947
401 499
402 705
403 441
404 654
404 714
404 405
404 859
405 576
405 582
406 717
406 665
407 478
408 546
408 541
408 755
408 905
409 987
409 796
410 444
411 718
411 927
411 675
412 479
413 576
414 655
415 708
417 540
417 865
418 753
419 860
420 764
421 838
421 509
421 552
421 657
422 457
422 599
422 557
424 911
425 653
425 732
425 444
426 438
426 487
426 713
427 519
428 787
428 770
428 660
428 585
429 870
429 490
429 892
430 619
432 597
434 997
434 814
435 783
435 471
436 900
437 809
437 980
438 600
438 924
439 939
440 804
441 703
441 538
442 715
442 967
443 655
443 470
443 870
444 503
445 962
445 617
447 681
448 774
448 752
449 914
449 790
450 583
450 841
451 556
451 628
452 742
453 592
454 781
454 763
454 545
455 625
455 815
456 822
456 620
456 704
456 910
458 659
458 587
458 647
458 577
460 825
461 598
461 610
462 636
463 871
464 621
465 806
466 711
466 899
466 732
467 793
467 482
467 764
468 475
468 672
469 904
469 775
472 678
472 865
473 714
473 941
474 484
474 608
475 535
475 680
476 947
477 627
478 504
479 482
480 778
480 603
481 841
482 483
483 849
483 533
484 656
484 969
486 983
486 762
487 534
488 625
488 544
488 798
488 693
488 745
488 747
489 731
489 510
489 885
489 845
490 768
490 681
491 774
491 515
491 653
492 568
493 497
496 702
497 601
498 587
499 921
499 771
500 692
500 689
501 521
501 560
501 787
502 575
504 951
506 654
506 549
507 691
507 566
508 522
509 884
510 701
510 575
511 653
511 790
511 683
512 673
514 762
514 908
515 584
516 989
516 571
517 532
517 819
517 909
518 671
519 969
520 708
520 680
522 831
525 857
525 557
525 899
526 954
526 867
528 652
528 606
528 628
530 730
531 657
531 795
532 642
533 837
536 706
536 585
537 878
537 847
540 609
541 832
543 814
543 588
544 845
544 911
545 572
546 753
546 990
547 981
548 929
548 778
549 868
549 965
550 699
551 791
551 909
551 811
552 643
553 751
557 932
557 929
558 571
559 958
560 917
561 906
562 590
562 813
563 797
563 899
564 977
565 639
566 876
568 580
573 950
574 808
575 784
575 829
576 696
578 668
579 738
580 858
580 881
581 759
582 907
583 800
584 873
585 791
585 728
586 651
587 965
588 638
591 899
592 935
592 970
593 687
593 673
594 819
594 877
595 997
595 841
595 873
598 851
598 609
599 877
600 817
600 619
602 884
602 674
602 626
604 623
605 696
605 707
608 705
609 769
611 635
612 989
612 761
613 809
614 946
615 848
615 936
615 824
616 912
618 945
618 928
621 722
622 687
622 960
623 805
623 820
626 917
627 670
628 750
631 875
633 672
633 865
637 914
637 845
638 951
639 853
639 758
640 714
640 712
640 919
641 736
642 695
642 778
643 840
644 747
645 875
645 768
646 781
647 766
647 648
648 997
649 944
650 987
655 977
656 822
658 930
659 726
660 779
662 874
665 895
666 803
669 872
670 773
671 770
674 890
674 721
675 678
677 710
677 809
679 740
681 712
686 927
686 789
690 796
694 982
696 963
698 913
698 968
698 739
698 942
700 926
701 811
702 749
702 895
703 904
705 828
713 781
714 850
715 972
716 769
717 842
718 864
718 930
719 815
721 882
723 890
726 805
727 738
727 983
729 851
730 990
732 907
733 740
733 794
735 953
739 751
739 968
740 922
744 828
744 895
745 848
745 921
746 888
749 882
750 867
751 918
751 767
756 992
757 824
758 860
759 819
760 957
762 857
765 776
766 937
769 896
771 981
776 941
779 940
780 818
783 812
784 995
784 883
786 892
786 925
787 836
788 872
792 938
793 802
797 884
797 907
799 891
800 853
802 945
803 916
806 938
807 979
808 931
808 952
811 911
813 993
815 924
818 878
819 991
820 966
821 940
821 858
829 950
830 837
831 978
834 855
835 995
843 845
844 893
849 893
851 879
852 869
854 880
857 976
858 875
860 878
861 986
863 912
869 948
871 942
874 919
880 992
883 954
891 933
898 986
900 920
904 941
913 960
913 928
923 935
924 958
931 957
951 975
953 961
962 964
972 988
