0 1
0 2
0 3
0 4
0 5
0 8
0 10
0 13
0 14
0 16
0 24
0 27
0 29
0 32
0 34
0 37
0 41
0 44
0 46
0 47
0 53
0 55
0 62
0 85
0 89
0 115
0 128
0 169
0 173
0 174
0 193
0 207
0 208
0 223
0 249
0 266
0 274
0 305
0 324
0 338
0 348
0 358
0 360
0 371
0 374
0 378
0 381
0 410
0 417
0 490
0 222
0 586
0 616
0 618
0 690
0 697
0 712
0 713
0 737
0 774
0 862
0 910
0 993
1 2
1 3
1 4
1 7
1 9
1 40
1 38
1 52
1 60
1 6
1 698
1 406
1 351
1 145
1 652
1 284
1 21
1 183
1 39
1 216
1 788
1 346
1 275
1 323
1 322
1 567
1 718
1 138
1 613
1 54
1 661
1 660
1 45
1 8
1 834
1 129
1 700
1 727
1 973
2 3
2 4
2 5
2 6
2 944
2 13
2 15
2 18
2 20
2 21
2 22
2 23
2 7
2 17
2 29
2 32
2 35
2 36
2 38
2 278
2 37
2 471
2 58
2 397
2 952
2 74
2 75
2 83
2 95
2 108
2 100
2 41
2 235
2 116
2 130
2 131
2 735
2 147
2 150
2 137
2 96
2 187
2 191
2 437
2 963
2 99
2 345
2 455
2 452
2 284
2 787
2 146
2 317
2 321
2 322
2 599
2 594
2 162
2 19
2 168
2 304
2 8
2 581
2 874
2 423
2 443
2 316
2 753
2 269
2 457
2 479
2 93
2 180
2 529
2 79
2 549
2 280
2 404
2 166
2 285
2 849
2 570
2 76
2 721
2 765
2 173
2 237
2 80
2 107
2 115
2 691
2 63
2 723
2 744
2 45
2 625
2 364
2 248
2 783
2 687
2 506
2 862
2 86
2 882
2 88
2 888
2 9
2 105
2 489
2 328
2 537
2 931
2 122
3 43
3 467
3 21
3 22
3 27
3 28
3 29
3 15
3 48
3 58
3 69
3 72
3 6
3 120
3 316
3 547
3 378
3 700
3 284
3 237
3 377
3 360
3 975
3 191
3 454
3 950
3 795
3 835
3 138
3 810
3 45
3 350
3 7
3 909
4 5
4 6
4 7
4 8
4 511
4 10
4 11
4 12
4 15
4 16
4 18
4 627
4 21
4 22
4 56
4 122
4 178
4 14
4 37
4 45
4 700
4 475
4 350
4 72
4 853
4 83
4 389
4 94
4 98
4 32
4 13
4 388
4 228
4 156
4 200
4 20
4 217
4 366
4 260
4 280
4 40
4 48
4 412
4 540
4 855
4 211
4 503
4 457
4 213
4 90
4 575
4 97
4 679
4 453
4 17
4 387
4 311
4 634
4 845
4 89
4 809
4 195
4 861
4 67
4 742
4 383
4 407
4 427
5 6
5 7
5 9
5 11
5 14
5 20
5 96
5 86
5 145
5 382
5 226
5 234
5 291
5 394
5 141
5 793
5 331
5 413
5 420
5 535
5 179
6 10
6 30
6 45
6 159
6 59
6 67
6 79
6 83
6 85
6 86
6 87
6 827
6 100
6 704
6 63
6 153
6 158
6 272
6 175
6 834
6 768
6 835
6 240
6 254
6 751
6 265
6 355
6 41
6 367
6 851
6 353
6 733
6 804
6 421
6 218
6 109
6 521
6 500
6 468
6 78
6 296
6 28
6 745
6 196
6 68
6 360
6 167
6 151
6 757
6 806
6 572
6 66
6 52
6 178
6 967
6 74
7 8
7 22
7 341
7 21
7 212
7 226
7 62
7 27
7 146
7 560
7 235
7 217
7 165
7 310
7 632
7 17
7 13
7 238
7 477
7 497
7 591
7 810
7 49
7 895
7 68
8 17
8 952
8 639
8 55
8 349
8 81
8 251
8 388
8 586
8 494
8 129
8 130
8 382
8 13
8 383
8 184
8 303
8 59
8 201
8 232
8 31
8 582
8 299
8 276
8 36
8 457
8 323
8 176
8 411
8 153
8 178
8 754
8 454
8 566
8 465
8 191
8 273
8 39
8 108
8 819
8 687
8 559
8 815
8 57
9 357
9 723
9 63
9 120
9 751
9 194
9 887
9 741
9 259
9 52
9 66
9 231
9 554
9 75
10 252
10 475
10 906
10 168
10 419
10 21
10 30
10 71
10 207
10 13
10 770
10 256
10 227
10 444
10 152
10 164
10 176
10 335
10 69
10 217
10 545
10 577
10 319
10 349
10 425
10 163
10 40
10 143
10 159
10 597
10 414
10 532
10 790
10 318
10 752
10 606
10 27
11 380
11 18
11 159
11 524
11 141
11 535
11 828
11 383
12 869
12 459
12 942
12 720
12 483
13 870
13 17
13 19
13 39
13 208
13 78
13 524
13 825
13 107
13 89
13 127
13 120
13 56
13 206
13 243
13 232
13 112
13 312
13 269
13 815
13 824
13 35
13 927
13 682
13 830
13 462
13 100
13 239
13 180
13 863
13 134
13 669
13 371
13 741
13 124
13 334
13 455
13 744
13 141
13 772
13 698
13 525
13 782
13 45
13 227
13 940
13 160
14 122
14 18
14 20
14 237
14 57
14 654
14 124
14 170
14 67
14 234
14 635
14 16
14 344
14 368
14 837
14 121
14 28
14 763
14 751
14 910
14 56
15 47
15 17
15 108
15 175
15 797
15 307
15 551
15 782
15 396
15 22
15 361
15 270
15 746
15 72
15 258
15 117
15 773
16 511
16 28
16 217
16 155
16 137
16 377
16 305
16 496
16 347
16 326
16 278
16 60
16 254
16 852
16 382
17 96
17 66
17 28
17 62
17 307
17 61
17 721
17 29
17 148
17 162
17 357
17 185
17 323
17 219
17 225
17 68
17 249
17 118
17 327
17 928
17 39
17 532
17 424
17 204
17 182
17 276
17 561
17 63
17 599
17 215
17 430
17 21
17 88
17 787
17 617
17 85
17 948
17 134
18 33
18 313
18 62
18 67
18 589
18 223
18 21
18 880
18 653
18 275
18 720
18 37
18 893
18 457
19 578
19 954
19 31
19 428
19 152
19 724
19 414
19 58
19 556
19 507
19 312
19 106
19 813
19 185
19 325
19 436
19 21
19 746
19 22
19 883
20 681
20 51
20 56
20 260
20 52
20 97
20 130
20 224
20 63
20 407
20 46
20 539
20 73
20 284
20 896
20 642
20 273
20 262
20 983
21 38
21 43
21 345
21 66
21 77
21 90
21 946
21 115
21 119
21 892
21 360
21 140
21 148
21 153
21 170
21 323
21 171
21 190
21 214
21 227
21 310
21 973
21 485
21 630
21 634
21 31
21 112
21 258
21 319
21 108
21 180
21 297
21 28
21 902
21 22
21 951
21 867
21 194
21 30
22 25
22 27
22 36
22 38
22 49
22 79
22 509
22 387
22 67
22 444
22 937
22 883
22 332
22 316
22 192
22 287
22 177
22 305
22 335
22 531
22 410
22 71
22 391
22 841
22 40
22 891
22 282
22 112
22 56
22 878
22 695
22 737
22 123
22 84
22 97
22 81
22 714
22 45
23 889
23 570
23 33
23 263
23 68
23 852
23 292
23 796
23 296
23 707
23 171
23 155
23 243
23 170
23 537
23 40
23 74
23 650
23 69
23 115
24 979
24 61
24 26
24 190
24 494
24 69
24 136
24 180
24 338
24 283
24 196
24 727
24 146
24 998
25 193
25 49
25 60
25 108
25 122
25 524
25 758
25 38
25 67
25 767
25 351
25 72
25 982
25 173
26 63
26 344
26 116
26 111
26 214
26 56
27 299
27 63
27 67
27 260
27 80
27 119
27 637
27 416
27 984
27 105
27 918
27 120
27 938
27 55
27 131
27 765
27 581
27 599
27 921
28 489
28 462
28 42
28 59
28 77
28 421
28 100
28 39
28 205
28 435
28 190
28 229
28 157
28 248
28 694
28 795
28 418
28 29
28 764
29 213
29 345
29 54
29 870
29 152
29 599
29 274
29 41
29 155
29 63
29 97
29 391
29 52
30 693
30 39
30 53
30 183
30 124
30 913
30 395
30 91
30 38
30 664
30 324
30 173
30 626
30 803
30 486
30 416
30 85
31 136
31 66
31 367
31 47
31 72
31 488
31 112
31 126
31 729
31 791
31 425
31 396
31 267
31 191
31 777
31 686
31 120
32 218
32 933
32 395
32 780
32 116
32 62
32 110
32 542
32 295
32 121
32 213
32 47
32 386
33 641
33 242
33 662
33 521
33 691
33 240
33 449
33 636
33 398
34 79
34 755
34 68
34 683
34 839
35 201
35 668
35 643
35 535
35 563
35 235
36 615
36 45
36 822
36 186
36 142
36 191
36 195
36 821
36 129
36 157
36 59
36 743
37 312
37 974
37 353
37 484
37 302
37 242
37 325
37 350
37 107
37 632
38 48
38 88
38 94
38 114
38 153
38 182
38 201
38 221
38 188
38 142
38 437
38 482
38 356
38 344
38 237
38 508
38 252
38 552
38 561
38 601
38 638
38 261
38 96
38 68
38 161
38 233
39 394
39 731
39 958
39 320
39 199
39 139
39 265
39 340
39 434
39 158
39 632
39 822
39 179
39 911
40 575
40 171
40 895
40 54
40 344
40 74
40 86
40 165
40 107
40 112
40 126
40 68
40 188
40 189
40 533
40 746
40 218
40 90
40 339
40 655
40 356
40 513
40 563
40 661
40 78
40 205
40 742
40 170
40 402
40 804
40 385
41 209
41 683
41 495
42 196
42 964
42 49
42 54
42 77
42 668
42 63
42 522
42 71
43 329
43 88
43 281
43 74
44 152
44 594
45 48
45 526
45 996
45 75
45 189
45 52
45 289
45 284
45 183
45 664
45 114
45 261
45 878
45 108
45 513
45 384
45 703
45 216
45 486
45 65
45 688
45 557
45 840
45 897
45 232
46 295
46 623
46 122
46 528
46 974
46 678
46 342
47 938
47 941
47 220
47 292
47 316
47 406
47 473
47 377
47 762
47 81
48 612
48 51
48 470
48 65
48 794
48 93
48 723
48 532
48 122
48 289
48 188
48 264
48 978
48 256
48 277
48 922
48 361
48 304
48 364
48 154
48 511
48 109
48 151
48 298
48 221
48 187
48 762
48 863
48 857
48 370
48 679
48 480
48 69
49 662
49 99
49 80
49 120
49 341
49 748
49 271
49 913
49 243
49 170
49 652
49 254
49 363
49 803
49 799
49 866
49 833
49 747
49 982
50 158
50 436
50 874
50 986
50 439
51 901
51 215
52 502
52 615
52 246
52 168
52 102
52 269
52 320
52 322
52 488
52 758
52 551
52 233
52 136
52 220
52 309
53 286
53 992
54 749
54 505
54 234
54 134
54 110
54 186
54 546
54 495
54 807
54 669
54 434
54 789
55 445
55 560
55 895
55 102
55 168
55 709
55 261
55 482
56 190
56 521
56 534
56 139
56 132
56 701
56 126
56 310
56 168
56 635
56 914
57 954
57 92
57 389
57 509
57 678
57 352
57 222
57 519
58 848
58 201
58 281
58 236
58 389
58 115
59 218
59 70
59 80
59 583
59 159
59 711
59 649
60 595
60 130
60 770
60 90
60 498
60 554
61 403
61 659
61 202
61 968
61 833
61 211
62 66
62 93
62 999
62 496
62 953
62 353
62 978
62 872
62 177
63 999
63 65
63 84
63 183
63 195
63 303
63 352
63 631
63 500
63 364
63 81
63 717
63 610
63 224
64 830
64 463
64 327
64 165
64 420
65 132
65 399
65 212
65 590
65 736
65 309
65 633
65 276
66 86
66 352
67 950
67 798
67 184
67 225
67 178
67 99
67 256
67 267
67 125
67 291
67 251
67 265
67 324
67 857
67 201
68 562
68 97
68 129
68 347
68 355
68 485
68 102
68 372
68 245
69 522
69 92
69 134
69 980
69 291
69 122
69 846
69 848
69 599
69 864
70 158
70 102
70 970
70 103
70 514
70 85
70 145
70 622
70 543
70 422
71 269
71 221
71 500
72 876
72 315
72 528
72 184
72 351
72 271
72 868
72 392
72 217
72 116
72 408
73 178
73 740
73 716
73 125
73 917
74 413
74 817
74 337
75 125
75 766
75 262
75 214
75 648
75 107
75 586
76 956
76 821
76 517
76 322
77 414
77 846
77 880
77 357
77 903
78 324
78 846
78 286
78 625
78 99
79 509
79 135
79 935
79 105
80 613
80 129
81 454
81 160
81 347
81 360
81 113
81 890
81 656
81 373
81 377
81 417
81 567
81 423
81 798
82 912
82 453
82 264
83 333
83 823
83 233
83 205
83 202
83 311
83 137
83 611
83 99
83 649
83 984
84 138
84 698
84 528
84 424
84 404
85 329
85 584
85 882
85 148
85 898
85 594
85 407
86 907
86 242
86 407
86 386
86 384
86 343
86 212
86 133
87 995
87 754
88 203
88 399
88 715
88 889
88 164
88 267
88 844
88 850
89 784
89 438
89 224
89 543
90 130
90 383
90 988
90 173
90 324
90 361
90 777
90 488
90 328
90 631
90 858
90 714
90 571
90 508
91 138
91 879
91 262
92 854
92 601
92 369
92 398
93 666
93 833
93 142
93 353
93 686
93 586
94 583
94 757
94 916
94 156
94 886
94 140
94 663
95 683
95 449
95 176
95 294
96 726
96 302
96 204
96 258
96 280
96 340
96 745
96 417
96 409
96 591
96 484
96 325
97 530
97 111
97 151
97 173
97 267
97 266
97 189
97 525
97 397
97 289
98 142
98 605
98 722
98 146
98 217
99 750
99 987
99 792
99 874
99 329
100 137
100 302
100 242
100 251
100 303
100 461
100 129
100 339
100 180
100 802
100 981
100 905
101 994
101 166
101 645
102 446
102 149
102 636
102 418
102 419
102 372
102 577
102 227
103 747
103 725
103 396
103 263
103 399
103 571
103 858
103 281
103 894
104 206
104 256
104 325
104 320
104 252
105 732
105 882
105 473
106 677
106 261
106 290
107 590
107 848
107 328
107 128
107 968
108 358
108 348
108 755
108 528
109 989
109 998
109 900
109 173
109 637
109 827
109 603
109 616
109 457
109 557
109 572
110 701
110 622
110 624
110 223
110 987
110 112
110 298
110 116
111 139
111 258
111 296
111 722
111 343
112 702
112 271
112 503
112 170
112 437
112 291
112 749
112 381
112 968
112 760
112 611
113 369
113 246
113 281
113 287
113 252
113 758
114 889
114 305
114 961
115 579
115 436
115 221
116 565
116 146
116 151
116 187
116 257
116 739
116 385
116 368
116 433
116 287
116 906
116 666
117 705
117 312
117 373
118 237
118 529
118 540
118 601
118 472
118 243
118 718
119 401
119 581
119 815
120 625
120 486
120 679
120 748
120 203
120 490
120 131
121 794
121 464
122 184
122 210
122 235
122 126
122 856
122 310
122 219
122 917
122 286
123 832
123 152
123 206
123 720
124 175
124 498
124 751
124 131
125 554
125 802
125 131
125 369
125 445
125 411
125 792
125 324
126 684
126 286
126 163
127 398
127 194
127 451
127 137
128 998
128 832
128 474
129 558
129 155
129 764
129 508
129 237
129 192
130 264
130 393
130 145
130 806
130 154
130 237
130 173
130 943
131 775
131 580
131 414
131 421
131 390
131 440
132 382
132 695
132 200
132 808
132 381
132 240
132 789
133 890
133 390
133 937
133 158
133 176
133 381
134 479
134 734
134 261
134 868
134 739
134 340
134 874
134 162
135 226
135 205
135 291
136 629
136 297
136 344
136 267
136 818
137 181
137 422
137 498
137 478
137 864
137 258
138 264
138 675
138 238
138 974
139 670
139 225
139 176
139 614
140 162
140 413
140 508
140 802
140 434
140 482
141 190
141 556
141 300
141 151
142 227
143 226
143 182
143 330
144 627
144 577
144 398
145 146
145 604
145 216
145 382
145 368
145 628
145 225
146 189
146 206
146 167
146 781
147 944
147 966
147 750
147 541
147 402
147 428
147 455
147 884
147 834
148 370
148 559
148 923
149 344
149 787
150 564
150 516
150 268
151 221
151 414
151 609
151 836
152 180
152 183
152 549
152 805
152 552
152 718
152 429
152 724
153 236
153 457
153 162
153 984
153 263
154 389
155 692
155 222
155 277
155 919
155 491
155 515
155 288
155 184
155 533
155 877
155 324
156 265
156 931
156 509
156 547
156 548
156 662
156 641
156 774
156 755
156 837
157 734
157 491
157 777
157 171
157 510
157 902
157 663
157 807
157 178
158 439
158 166
158 813
158 971
158 382
158 473
158 881
158 536
159 859
159 842
159 647
159 184
160 519
160 577
160 422
160 646
161 905
161 815
161 741
162 789
162 884
162 379
163 851
163 314
163 286
163 331
163 414
163 392
164 667
164 829
164 549
164 678
165 674
166 893
166 588
167 868
167 180
167 704
168 257
168 224
169 873
169 729
170 289
170 722
170 710
170 706
171 410
171 506
171 587
171 570
171 269
172 494
172 306
172 444
172 487
172 495
173 515
173 416
173 228
173 246
173 569
173 359
174 405
174 273
174 477
174 180
174 334
174 204
175 797
175 229
175 474
175 196
176 705
176 451
176 743
176 319
176 365
176 404
176 724
176 483
176 592
176 905
177 688
177 906
178 220
178 260
178 629
179 411
179 634
179 574
180 239
180 512
180 300
180 577
180 372
180 414
180 204
180 578
180 612
180 642
180 803
180 407
181 824
181 309
181 199
181 729
181 473
181 465
181 647
182 852
182 251
182 404
182 912
184 353
184 472
184 236
184 994
184 620
184 260
185 656
185 341
185 277
185 437
185 812
185 497
186 794
186 348
186 267
186 389
187 921
187 197
187 379
187 355
187 756
188 194
188 840
188 372
189 582
189 522
189 325
190 456
190 344
190 223
190 799
191 431
191 458
191 361
191 773
192 688
192 693
193 376
193 258
193 319
194 520
194 986
194 490
194 864
194 930
195 902
195 295
196 477
196 842
196 752
196 719
196 363
196 568
197 531
197 414
197 238
197 659
198 466
198 298
198 379
198 630
199 711
199 741
199 928
199 582
200 273
200 692
201 372
201 486
201 914
201 749
201 448
202 209
202 233
202 644
202 996
203 335
203 623
203 286
203 801
203 892
203 644
204 652
204 216
204 209
204 313
205 599
205 409
205 369
205 461
205 398
205 780
206 378
206 420
206 926
206 257
207 523
207 483
208 726
208 832
208 897
209 288
209 274
209 332
209 631
209 781
209 925
209 411
209 480
210 480
210 645
211 939
211 985
211 842
211 341
212 636
212 316
212 243
213 712
213 638
213 296
213 326
213 482
213 621
214 435
214 283
215 341
215 320
216 346
216 967
216 587
216 747
216 236
216 337
217 645
217 389
218 314
218 466
218 855
218 756
219 738
219 607
219 345
220 603
220 331
220 614
220 714
221 361
221 613
221 362
221 573
221 292
222 653
224 443
224 380
224 675
224 505
224 511
225 381
225 904
226 696
226 260
226 961
226 465
227 457
227 278
227 951
228 348
228 392
228 301
228 296
229 347
229 550
230 785
230 949
230 580
230 278
231 304
231 406
231 248
232 281
232 320
233 300
233 594
233 766
233 852
234 438
234 270
235 444
235 471
235 823
236 814
237 593
237 790
238 540
238 279
238 630
239 990
240 650
240 600
241 772
241 795
241 296
242 830
242 553
243 276
243 643
244 470
244 661
244 805
244 301
245 626
245 627
246 617
246 643
246 336
246 513
247 768
247 536
247 261
248 718
248 339
249 454
249 658
249 440
249 971
250 449
250 394
250 470
250 315
250 876
251 377
252 383
253 726
253 891
253 685
253 473
254 701
254 908
255 896
255 350
255 461
255 295
255 501
256 325
256 519
256 459
256 613
256 669
257 860
258 384
259 816
259 939
259 957
259 759
259 345
259 773
260 854
261 450
261 739
261 318
262 514
263 586
264 536
264 820
264 561
265 791
265 315
265 830
265 445
265 555
265 803
266 597
266 719
266 561
267 404
267 493
268 697
268 492
268 403
268 374
269 288
269 460
269 511
270 481
270 603
270 677
271 343
271 849
272 843
272 384
273 543
273 463
274 443
274 761
274 366
274 877
275 733
275 356
275 565
276 920
276 391
276 437
276 555
276 756
276 924
277 492
277 434
278 665
278 656
278 398
279 425
279 293
280 823
280 897
280 612
280 546
281 844
281 318
281 348
281 299
282 850
282 765
283 776
283 413
284 296
284 494
284 672
285 579
285 798
285 547
285 694
286 505
286 628
286 393
287 308
287 715
287 329
288 504
288 933
288 697
289 512
290 498
290 558
291 665
291 560
291 792
291 307
291 525
292 980
292 318
292 369
292 623
293 805
293 943
293 964
293 699
294 419
294 616
294 365
295 505
296 991
296 707
297 667
297 605
298 740
299 591
299 742
300 928
301 363
302 459
302 418
302 527
302 782
303 444
303 831
303 856
304 428
304 516
305 756
306 563
306 898
306 530
306 605
307 504
307 682
307 567
307 503
307 558
308 930
308 789
309 730
309 538
310 900
310 602
311 334
311 362
311 422
312 457
312 437
313 469
313 448
314 377
314 761
314 464
314 959
315 936
316 808
316 689
316 884
316 816
317 764
317 785
317 585
317 772
317 590
318 676
319 437
319 933
320 770
320 945
320 588
320 724
320 673
321 646
321 605
321 886
322 385
323 818
323 427
323 672
324 485
324 856
324 497
324 523
324 976
324 429
325 845
326 355
327 585
328 681
328 702
329 940
329 941
329 720
330 992
330 734
331 550
331 779
332 450
332 838
332 388
332 727
333 676
333 419
334 606
334 419
335 438
335 435
335 371
336 887
336 804
337 835
337 616
337 843
338 755
339 518
339 424
340 531
342 873
342 809
343 584
345 916
346 526
346 524
347 600
347 738
347 503
347 983
349 996
350 767
350 857
350 658
350 397
351 583
351 990
352 965
353 415
353 957
354 619
354 926
354 961
355 467
355 387
355 969
356 913
356 404
356 360
356 980
358 373
359 962
359 821
361 972
362 838
363 507
363 485
363 999
363 673
363 796
363 806
364 960
364 754
365 542
366 708
366 748
367 861
368 925
369 820
369 390
369 372
369 977
369 638
369 429
370 789
370 885
370 744
372 437
372 860
373 908
373 875
374 618
375 866
375 386
375 569
376 841
376 501
376 482
376 826
377 599
377 564
377 412
377 948
378 809
378 475
379 394
380 432
380 869
380 810
381 521
381 552
381 991
382 909
382 903
383 388
383 731
383 414
385 568
388 574
388 409
388 611
390 482
391 537
392 827
393 962
394 750
395 988
395 492
396 989
396 850
397 487
398 786
398 595
398 922
400 965
400 406
400 865
401 771
401 503
401 625
401 898
401 694
402 938
402 512
402 555
403 510
403 875
404 608
405 861
405 985
405 475
408 633
408 494
408 619
410 428
410 572
411 545
411 454
412 651
412 625
412 990
412 879
413 451
414 433
414 616
414 904
415 563
415 717
416 817
416 533
416 515
416 707
417 825
417 783
417 640
418 806
419 441
419 777
420 883
420 574
421 569
422 738
423 768
423 778
423 908
425 646
425 445
425 468
425 934
426 465
426 593
426 945
427 515
427 777
427 665
429 926
429 654
430 626
430 861
431 549
431 911
432 706
432 951
432 768
433 586
433 637
434 923
435 772
435 954
435 474
436 477
439 918
440 702
441 447
441 684
442 532
442 735
442 664
443 848
444 619
444 871
445 579
445 460
445 655
446 811
446 759
446 970
447 685
447 969
448 946
448 867
449 549
449 659
450 747
450 550
451 457
452 785
452 814
452 545
453 487
454 912
454 491
455 784
456 855
456 585
456 812
458 936
458 865
460 723
461 929
462 467
463 781
464 808
466 547
466 633
466 696
466 500
467 935
468 964
469 557
469 582
469 880
470 969
471 629
471 680
472 899
472 641
473 929
474 836
474 997
476 525
476 713
476 927
478 797
478 949
479 716
481 736
481 522
482 939
483 577
484 866
484 720
484 719
486 760
486 988
486 647
486 500
486 786
487 776
489 824
490 865
492 498
492 774
492 910
493 853
493 703
493 696
494 778
495 959
496 896
499 540
499 635
499 849
500 890
501 819
501 956
502 588
502 564
504 903
504 786
504 534
506 740
507 915
508 955
508 943
509 911
510 732
511 991
511 904
513 995
514 907
515 572
516 526
516 847
517 919
517 641
517 615
518 977
518 554
519 667
520 793
520 524
522 759
522 775
522 640
522 538
523 660
523 919
523 826
524 837
524 577
526 699
526 668
527 723
527 885
528 780
529 979
530 565
531 639
531 657
532 652
532 753
532 831
533 932
534 657
534 624
535 585
537 839
538 598
539 683
539 639
539 966
541 966
541 862
542 722
542 592
543 909
544 704
544 914
544 647
544 874
545 578
546 648
547 817
547 681
547 962
548 637
548 841
550 562
551 829
553 671
553 708
553 838
555 695
556 619
559 880
559 767
562 692
562 651
563 566
566 648
567 883
568 818
569 848
571 963
573 769
573 851
574 612
575 643
576 679
576 956
576 708
579 934
580 977
581 900
582 876
583 784
584 992
587 737
587 914
587 732
588 641
589 640
589 800
590 689
592 888
593 924
594 677
595 952
595 660
596 940
596 728
596 788
596 630
597 863
598 671
598 602
599 692
600 728
601 725
601 801
602 647
603 955
603 608
604 733
604 769
606 763
606 854
607 953
607 932
608 800
609 843
609 869
610 944
610 891
611 760
612 982
613 997
614 978
617 659
618 679
619 648
620 653
620 930
620 790
621 715
621 993
621 721
622 655
623 758
624 690
628 915
631 745
634 948
639 731
642 772
642 937
643 762
644 705
644 701
647 947
648 868
649 976
650 657
651 717
654 994
657 730
658 686
659 713
660 972
663 712
664 779
666 927
669 926
670 960
670 699
671 812
672 716
673 981
674 769
674 839
675 901
675 895
676 793
678 757
680 711
680 965
682 822
683 760
684 970
685 820
686 879
687 699
689 873
690 691
693 899
693 953
696 704
696 973
696 921
700 847
702 756
703 837
706 979
706 918
709 862
709 825
710 920
710 995
714 929
716 840
719 771
719 819
721 993
724 842
725 776
728 816
729 736
730 840
733 975
735 958
737 949
742 986
743 852
752 931
753 997
753 920
755 775
759 976
760 877
761 893
762 879
763 811
765 786
766 945
768 972
771 899
773 917
774 922
775 958
777 807
778 881
779 888
780 989
783 879
788 847
791 875
796 935
797 836
799 809
800 870
801 811
805 959
813 885
814 825
826 831
828 853
828 943
829 975
841 894
844 871
845 911
849 936
857 967
858 987
859 894
859 937
860 947
866 925
867 907
867 878
871 881
872 941
872 980
886 960
887 942
892 924
901 957
915 916
923 963
932 983
934 985
942 952
946 981
947 955
950 971
