0 1
0 2
0 3
0 10
0 11
0 13
0 14
0 15
0 16
0 18
0 23
0 26
0 27
0 29
0 34
0 40
0 46
0 48
0 56
0 65
0 66
0 71
0 80
0 91
0 97
0 98
0 100
0 106
0 120
0 122
0 123
0 124
0 127
0 128
0 130
0 137
0 152
0 164
0 165
0 174
0 182
0 189
0 199
0 202
0 203
0 206
0 207
0 214
0 224
0 265
0 269
0 288
0 299
0 305
0 313
0 315
0 337
0 340
0 350
0 352
0 371
0 382
0 400
0 419
0 427
0 428
0 433
0 437
0 443
0 448
0 450
0 456
0 462
0 466
0 480
0 495
0 557
0 558
0 563
0 566
0 571
0 579
0 585
0 590
0 620
0 631
0 648
0 678
0 694
0 743
0 750
0 754
0 764
0 775
0 788
0 796
0 797
0 800
0 816
0 823
0 842
0 863
0 887
0 889
0 907
0 909
0 924
0 942
0 951
0 983
0 988
1 2
1 3
1 4
1 5
1 17
1 21
1 22
1 24
1 31
1 33
1 34
1 36
1 40
1 58
1 71
1 72
1 74
1 76
1 99
1 146
1 153
1 158
1 161
1 231
1 233
1 258
1 283
1 325
1 327
1 330
1 333
1 339
1 357
1 364
1 393
1 410
1 438
1 455
1 528
1 552
1 603
1 647
1 689
1 695
1 697
1 713
1 714
1 729
1 755
1 767
1 805
1 816
1 836
1 837
1 851
1 857
1 927
1 940
1 957
2 3
2 4
2 5
2 6
2 7
2 9
2 11
2 12
2 17
2 20
2 21
2 22
2 24
2 30
2 32
2 39
2 41
2 45
2 47
2 50
2 53
2 55
2 64
2 72
2 73
2 84
2 91
2 104
2 136
2 143
2 147
2 163
2 175
2 189
2 192
2 198
2 223
2 284
2 290
2 353
2 368
2 479
2 521
2 541
2 568
2 577
2 587
2 601
2 602
2 610
2 650
2 692
2 693
2 748
2 750
2 766
2 777
2 786
2 808
2 820
2 821
2 827
2 843
2 860
2 893
2 912
2 965
2 969
2 986
2 988
3 4
3 5
3 11
3 25
3 29
3 30
3 36
3 37
3 42
3 59
3 61
3 66
3 82
3 93
3 97
3 98
3 109
3 141
3 149
3 155
3 156
3 186
3 199
3 212
3 216
3 271
3 273
3 323
3 361
3 396
3 476
3 497
3 534
3 550
3 553
3 559
3 565
3 583
3 605
3 629
3 637
3 644
3 664
3 672
3 674
3 781
3 792
3 812
3 813
3 877
3 882
3 892
3 898
3 947
3 961
3 964
4 6
4 8
4 9
4 16
4 23
4 26
4 28
4 31
4 33
4 44
4 45
4 46
4 56
4 62
4 82
4 84
4 90
4 108
4 120
4 129
4 140
4 151
4 158
4 176
4 188
4 202
4 223
4 290
4 304
4 306
4 337
4 345
4 367
4 395
4 407
4 461
4 544
4 613
4 635
4 658
4 694
4 816
4 868
4 914
4 930
4 936
4 946
4 948
5 6
5 7
5 8
5 10
5 14
5 15
5 19
5 20
5 22
5 23
5 25
5 35
5 38
5 40
5 42
5 44
5 48
5 56
5 60
5 63
5 68
5 70
5 85
5 87
5 93
5 94
5 100
5 104
5 115
5 131
5 132
5 134
5 138
5 156
5 157
5 167
5 182
5 183
5 196
5 197
5 209
5 214
5 217
5 232
5 238
5 242
5 261
5 269
5 270
5 273
5 291
5 292
5 294
5 302
5 305
5 308
5 319
5 329
5 377
5 390
5 392
5 404
5 420
5 429
5 438
5 454
5 455
5 500
5 516
5 522
5 526
5 539
5 572
5 573
5 611
5 634
5 661
5 673
5 676
5 697
5 698
5 705
5 713
5 772
5 779
5 787
5 803
5 810
5 824
5 833
5 855
5 859
5 867
5 871
5 882
5 890
5 895
5 896
5 900
5 943
5 960
5 966
5 975
6 7
6 8
6 10
6 12
6 18
6 118
6 119
6 127
6 169
6 172
6 184
6 188
6 194
6 201
6 208
6 251
6 348
6 398
6 438
6 546
6 704
6 723
6 738
6 766
6 824
6 887
6 918
6 973
6 985
7 9
7 13
7 16
7 19
7 26
7 27
7 55
7 73
7 78
7 83
7 123
7 139
7 212
7 246
7 297
7 303
7 308
7 383
7 420
7 531
7 551
7 614
7 617
7 675
7 734
7 806
7 835
7 922
8 12
8 31
8 52
8 59
8 60
8 90
8 92
8 94
8 103
8 134
8 146
8 157
8 159
8 201
8 202
8 236
8 272
8 294
8 351
8 365
8 369
8 390
8 404
8 416
8 485
8 541
8 574
8 681
8 693
8 815
8 928
8 946
9 15
9 62
9 67
9 142
9 187
9 230
9 246
9 329
9 425
9 461
9 524
9 721
9 759
9 783
9 976
10 13
10 42
10 50
10 51
10 52
10 53
10 64
10 69
10 77
10 79
10 112
10 171
10 181
10 223
10 245
10 281
10 324
10 375
10 506
10 514
10 542
10 545
10 804
10 935
11 18
11 43
11 46
11 47
11 54
11 57
11 78
11 89
11 120
11 145
11 147
11 151
11 210
11 218
11 229
11 230
11 242
11 298
11 317
11 355
11 397
11 454
11 497
11 503
11 517
11 519
11 545
11 698
11 732
11 739
11 774
11 950
11 976
11 983
12 14
12 17
12 32
12 55
12 79
12 128
12 129
12 133
12 157
12 229
12 236
12 285
12 391
12 474
12 503
12 532
12 536
12 576
12 704
12 754
13 37
13 41
13 58
13 61
13 86
13 107
13 123
13 124
13 161
13 168
13 214
13 273
13 286
13 291
13 292
13 306
13 349
13 443
13 472
13 532
13 616
13 736
13 762
13 770
13 775
13 782
13 789
13 791
13 872
13 900
13 920
13 959
14 19
14 28
14 36
14 48
14 68
14 69
14 104
14 111
14 121
14 144
14 203
14 209
14 267
14 279
14 330
14 352
14 374
14 454
14 464
14 471
14 488
14 495
14 500
14 505
14 539
14 582
14 596
14 638
14 666
14 668
14 697
14 736
14 879
15 38
15 49
15 65
15 71
15 95
15 144
15 168
15 169
15 181
15 186
15 191
15 204
15 266
15 329
15 331
15 334
15 336
15 347
15 384
15 408
15 439
15 567
15 572
15 594
15 613
15 688
15 695
15 715
15 792
15 803
16 20
16 21
16 30
16 39
16 49
16 83
16 87
16 92
16 105
16 110
16 125
16 151
16 177
16 184
16 238
16 240
16 283
16 322
16 387
16 396
16 411
16 467
16 498
16 571
16 588
16 722
16 763
16 786
17 32
17 103
17 114
17 130
17 159
17 180
17 204
17 215
17 248
17 320
17 389
17 409
17 562
17 570
17 653
17 672
17 776
17 885
17 937
17 941
17 999
18 25
18 29
18 33
18 34
18 35
18 39
18 51
18 60
18 62
18 81
18 141
18 216
18 246
18 287
18 368
18 381
18 421
18 548
18 616
18 646
18 785
18 976
19 41
19 57
19 125
19 175
19 204
19 241
19 275
19 348
19 670
20 24
20 43
20 148
20 153
20 207
20 226
20 243
20 267
20 345
20 387
20 405
20 407
20 412
20 452
20 579
20 751
20 858
20 964
21 54
21 59
21 75
21 111
21 116
21 462
21 542
21 780
21 790
21 896
22 52
22 68
22 81
22 88
22 96
22 126
22 178
22 268
22 380
22 476
22 543
22 829
22 912
23 27
23 35
23 53
23 61
23 69
23 88
23 102
23 117
23 126
23 131
23 141
23 218
23 230
23 353
23 357
23 381
23 392
23 448
23 485
23 560
23 596
23 607
23 619
23 659
23 706
23 732
24 28
25 149
25 170
25 258
25 319
25 417
25 484
25 604
25 784
25 890
26 45
26 94
26 111
26 145
26 160
26 196
26 225
26 293
26 302
26 323
26 598
26 952
27 51
27 63
27 93
27 108
27 173
27 193
27 200
27 338
27 436
27 689
27 718
27 812
28 75
28 107
28 109
28 110
28 124
28 224
28 309
28 350
28 439
28 453
28 488
28 538
28 643
28 653
28 667
28 710
28 828
28 913
28 926
29 118
29 813
29 979
30 37
30 101
30 125
30 222
30 285
30 307
30 409
30 443
30 787
30 832
31 77
31 98
31 136
31 308
31 369
31 428
31 486
31 588
31 622
31 632
31 633
31 641
31 720
31 787
31 791
31 837
31 841
31 917
31 965
32 109
32 134
32 314
32 343
32 373
32 437
32 466
32 644
32 711
32 870
32 938
32 998
33 84
33 212
33 225
33 353
33 375
33 388
33 470
33 532
33 558
33 643
33 657
33 673
33 773
33 968
34 47
34 63
34 67
34 86
34 143
34 176
34 264
34 378
34 386
34 611
35 38
35 43
35 44
35 87
35 142
35 188
35 209
35 400
35 453
35 866
35 975
36 50
36 80
36 89
36 135
36 261
36 287
36 667
36 685
36 793
37 139
37 167
37 197
37 237
37 282
37 312
37 356
37 473
37 600
37 813
37 895
37 915
38 171
38 426
38 559
38 562
39 213
39 517
40 76
40 165
40 184
40 256
40 278
40 325
40 411
40 499
40 582
40 653
40 894
40 897
40 985
41 58
41 64
41 102
41 138
41 142
41 178
41 185
41 303
41 463
41 550
41 567
41 659
41 765
41 917
42 89
42 112
42 164
42 221
42 301
42 549
42 602
42 724
43 115
43 187
43 197
43 342
43 578
43 754
43 768
43 786
43 875
43 953
44 57
44 74
44 92
44 114
44 145
44 172
44 263
44 275
44 751
44 773
44 922
44 923
44 968
45 49
45 122
45 152
45 163
45 164
45 190
45 192
45 224
45 225
45 328
45 434
45 590
45 747
45 806
45 826
46 79
46 82
46 101
46 116
46 153
46 162
46 168
46 191
46 198
46 215
46 279
46 304
46 327
46 335
46 342
46 346
46 356
46 429
46 430
46 449
46 482
46 555
46 569
46 640
46 648
46 649
46 728
46 736
46 752
46 794
46 799
46 847
46 849
46 869
46 870
46 940
46 947
46 970
47 54
47 73
47 77
47 91
47 130
47 135
47 234
47 252
47 268
47 311
47 313
47 316
47 383
47 434
47 646
47 686
47 728
47 758
47 781
48 65
48 99
48 117
48 166
48 219
48 227
48 252
48 410
48 564
48 613
48 669
49 70
49 85
49 99
49 102
49 107
49 116
49 265
49 529
49 534
49 612
49 618
49 730
49 992
50 76
50 85
50 90
50 203
50 205
50 216
50 257
50 317
50 365
50 393
50 451
50 489
50 684
50 843
50 958
51 97
51 743
52 301
52 312
52 382
52 527
52 565
52 651
53 72
53 119
53 121
53 126
53 211
53 267
53 332
53 359
53 470
53 698
53 721
53 727
53 744
54 75
54 726
54 980
55 113
55 121
55 299
55 393
55 416
55 425
55 492
55 670
55 963
56 199
56 266
56 518
56 637
56 704
56 987
57 96
57 182
57 234
57 499
57 510
57 545
57 663
57 749
57 818
58 280
58 399
58 433
58 602
59 66
59 86
59 179
59 247
59 255
59 266
59 301
59 377
59 435
59 525
59 529
59 560
59 645
59 674
59 723
59 777
59 783
59 794
59 829
59 951
59 973
60 67
60 165
60 183
60 193
60 247
60 287
60 362
60 430
60 593
60 597
60 635
60 807
60 809
61 413
62 193
62 222
62 355
62 379
62 462
62 552
62 663
63 80
63 105
63 108
63 136
63 173
63 314
63 487
63 505
63 812
64 78
64 81
64 96
64 237
64 300
64 509
64 883
65 218
65 464
65 711
65 779
65 961
65 967
66 106
66 206
66 239
66 431
66 540
66 980
67 70
67 137
67 195
67 208
67 231
67 281
67 340
67 432
67 466
67 481
67 502
67 581
67 621
67 679
67 795
68 101
68 465
68 586
68 757
68 876
69 83
69 152
69 241
69 310
69 580
69 624
69 846
69 910
69 950
70 298
70 336
70 523
70 589
70 611
70 767
71 220
71 241
71 244
71 607
71 654
72 74
72 346
72 414
72 515
72 530
72 585
72 761
72 803
72 835
72 844
73 115
73 297
73 389
73 418
73 468
73 479
73 538
73 818
73 935
74 122
74 132
74 133
74 166
74 190
74 219
74 253
74 334
74 363
74 405
74 460
74 469
74 480
74 485
74 489
74 490
74 647
74 691
74 791
74 828
74 878
74 915
74 921
74 949
75 234
75 248
75 257
75 280
75 314
75 472
75 764
75 998
76 138
76 174
76 302
76 538
76 860
77 146
77 174
77 240
77 245
77 278
77 378
77 469
77 551
77 627
77 750
77 825
77 844
77 978
77 996
78 158
78 627
79 112
79 162
79 227
79 248
79 252
79 311
79 449
79 834
79 902
80 119
80 852
81 379
81 604
81 924
82 159
82 171
82 179
82 220
82 285
82 295
82 376
82 398
82 440
82 491
83 103
83 131
83 242
83 274
83 344
83 441
83 450
83 458
83 504
83 513
83 652
83 737
84 95
84 281
84 731
84 748
84 771
85 118
85 196
85 226
85 260
85 333
85 417
85 467
85 514
85 575
85 659
85 679
85 722
85 739
86 156
86 217
86 344
86 361
86 394
86 441
86 457
86 526
86 675
86 789
86 859
87 88
87 95
87 194
87 894
88 200
88 942
89 263
89 321
89 380
90 185
90 221
90 245
90 374
90 426
90 520
90 584
90 682
90 730
90 808
90 875
91 149
91 250
91 349
91 458
91 747
91 798
91 809
91 902
91 920
92 100
92 106
92 133
92 183
92 205
92 330
92 475
92 554
92 648
92 830
92 980
93 148
93 264
93 345
93 581
93 926
94 186
94 522
94 822
94 998
96 430
97 143
97 914
98 105
98 127
98 195
98 211
98 233
98 339
98 395
98 408
98 472
98 577
98 833
98 871
98 906
99 139
99 195
99 201
99 206
99 354
99 401
99 740
99 756
100 453
100 501
100 614
100 694
100 708
100 752
100 772
100 788
101 137
101 598
101 658
101 728
101 978
102 366
103 181
103 284
103 306
103 444
103 446
103 546
103 831
104 140
104 187
104 244
104 296
104 350
104 524
104 715
104 798
104 819
104 911
105 114
105 140
105 189
105 227
105 322
105 352
106 256
106 508
106 635
107 113
107 150
107 178
107 253
107 355
107 484
107 499
107 522
107 530
107 561
107 711
107 806
107 915
108 110
108 113
108 200
108 247
108 445
108 523
108 621
108 875
108 995
109 278
109 359
109 620
109 923
109 947
109 991
110 128
110 150
110 170
110 253
110 286
110 321
110 447
110 478
110 824
110 932
111 154
111 249
111 271
111 797
111 977
113 132
113 135
113 170
113 191
113 235
113 336
113 391
113 451
113 517
113 584
113 683
113 687
113 851
113 999
114 117
114 295
114 318
114 347
114 424
114 447
114 491
114 553
114 608
114 699
114 726
114 807
114 896
114 928
115 259
115 527
116 426
116 957
117 562
117 745
117 886
119 129
119 313
119 943
120 280
120 699
120 740
120 741
120 770
120 774
120 877
121 150
121 529
121 593
121 891
122 969
123 249
123 263
123 268
123 320
123 347
123 385
123 612
123 766
123 805
125 160
125 255
125 260
125 435
125 518
125 668
125 708
125 747
125 778
125 781
125 783
126 163
126 233
126 277
126 293
126 701
126 706
126 904
126 952
127 235
127 593
128 490
128 615
128 732
128 850
128 936
128 988
129 221
129 250
129 360
129 402
129 419
129 424
129 468
129 536
129 540
129 548
129 559
129 563
129 768
129 845
129 925
130 232
130 311
130 989
131 144
131 162
131 220
131 335
131 382
131 526
131 877
131 994
132 207
132 219
132 381
133 305
133 362
133 386
133 640
134 210
134 217
134 236
134 260
134 474
134 501
134 568
134 595
134 724
135 154
135 166
135 322
135 414
135 442
135 637
135 742
135 907
136 147
136 231
136 328
136 491
136 511
136 707
136 719
136 790
136 866
137 272
137 286
137 475
137 512
137 874
138 401
139 451
139 550
139 556
140 172
140 326
140 343
140 452
140 520
140 523
140 660
140 707
140 784
140 794
140 820
140 931
141 161
141 277
141 563
141 667
142 291
142 315
142 885
143 148
143 155
143 169
143 272
143 289
143 354
143 425
143 431
143 513
143 904
144 275
144 427
144 730
145 198
145 836
146 539
146 655
146 889
147 192
147 282
147 289
147 303
147 324
147 373
147 407
147 483
147 703
147 757
147 817
147 912
148 160
148 167
148 175
148 179
148 228
148 243
148 259
148 262
148 343
148 363
148 592
148 622
148 686
148 826
148 842
148 944
149 262
149 288
149 543
149 548
149 633
150 294
150 316
150 362
150 445
150 537
150 664
150 838
150 842
150 974
151 215
151 249
152 177
152 180
152 290
152 307
152 341
152 496
152 592
152 604
152 676
152 712
152 751
152 804
153 154
153 323
153 361
153 457
153 555
153 658
153 772
153 978
154 155
154 176
154 510
154 565
154 624
154 738
154 817
155 410
155 718
155 822
156 208
156 210
156 370
157 442
158 808
158 981
159 270
159 717
159 873
160 423
160 709
160 809
161 349
161 468
161 651
161 725
161 764
161 906
162 547
163 177
163 372
163 452
163 752
164 264
164 957
165 190
165 254
166 723
166 880
167 282
167 422
167 671
168 612
168 753
170 180
170 320
170 403
170 901
170 916
170 984
171 173
171 556
172 327
172 363
172 370
172 478
172 486
172 494
172 509
172 516
172 561
172 571
172 573
172 591
172 621
172 713
172 731
172 756
173 434
174 955
175 391
175 680
175 996
176 459
176 935
177 316
177 389
177 429
177 636
177 666
177 733
177 742
177 941
178 185
178 277
178 340
178 579
178 820
179 238
179 315
179 610
180 222
180 367
180 379
180 412
180 413
180 482
180 506
180 569
180 627
180 649
181 237
181 244
181 254
181 338
181 514
181 630
182 239
182 366
182 369
182 397
182 547
182 830
182 931
183 270
185 205
185 288
185 460
185 488
185 525
186 742
187 213
187 408
187 776
188 911
189 229
189 235
189 251
189 269
189 359
189 415
189 760
189 898
189 991
189 994
190 530
191 251
191 309
191 376
191 515
191 580
191 585
191 644
191 661
191 693
191 911
192 759
192 931
193 194
193 259
193 279
193 374
193 456
193 496
193 504
193 788
193 821
193 836
193 987
195 428
196 255
197 606
198 211
198 372
198 626
198 720
198 721
198 845
198 922
199 226
199 411
199 647
199 729
199 848
201 354
201 537
201 606
201 933
202 228
202 250
202 262
202 296
202 357
202 473
202 524
202 528
202 654
202 660
202 918
203 566
203 749
204 257
204 304
204 351
204 498
205 383
205 423
206 243
206 258
206 307
206 436
206 477
206 594
206 833
206 963
206 968
208 276
208 632
208 666
208 761
208 852
208 916
209 213
209 254
209 298
209 375
209 440
209 442
209 492
209 719
209 909
210 274
210 970
211 232
211 403
211 533
212 423
212 652
213 276
213 515
214 421
215 296
215 331
215 419
215 672
216 265
216 483
216 768
217 228
217 239
217 284
217 441
217 506
217 508
217 521
217 657
217 677
217 733
217 867
217 956
217 992
219 603
219 864
220 256
220 300
220 484
220 617
220 628
220 673
220 739
221 332
221 417
221 437
221 489
221 505
221 599
222 652
223 338
223 341
223 503
223 639
223 642
223 741
223 782
223 862
223 905
223 918
223 940
224 300
224 476
225 283
225 405
225 759
225 906
225 993
226 487
227 240
227 386
227 557
227 574
228 456
228 663
229 773
231 608
232 299
233 292
233 324
233 390
233 760
235 404
236 705
238 319
238 708
238 767
238 850
239 696
240 397
241 620
241 677
241 856
242 334
242 356
242 480
242 512
242 590
242 828
242 861
244 339
244 400
244 424
244 435
244 576
244 827
244 888
245 399
245 908
245 990
246 289
246 409
246 493
247 889
248 276
248 394
248 422
248 477
248 618
248 769
248 848
248 874
248 927
249 326
249 535
249 645
249 795
249 948
250 716
250 856
250 879
250 979
251 552
251 614
251 630
251 735
251 740
252 274
252 297
252 317
252 318
252 351
252 366
252 473
252 685
252 835
252 839
252 868
252 891
254 310
254 600
254 625
254 660
254 709
255 261
255 360
255 384
255 753
256 328
256 520
256 633
258 335
258 457
261 385
261 769
261 879
261 883
261 917
262 510
263 458
263 592
263 677
263 920
264 465
264 574
264 725
265 365
266 483
267 436
267 943
268 703
269 271
269 690
269 778
269 932
269 952
271 370
271 549
271 709
271 817
272 534
272 616
272 665
272 714
272 811
273 776
273 888
274 511
274 631
274 844
274 945
274 990
275 609
276 293
276 309
276 310
276 321
276 325
276 406
276 433
276 479
276 641
276 814
276 840
277 798
278 450
278 745
280 873
280 886
281 346
281 815
284 364
284 769
285 331
285 394
286 413
287 380
288 295
288 358
288 360
288 449
288 555
289 418
289 439
289 464
289 493
289 508
289 535
289 624
289 665
292 642
293 333
294 312
294 371
294 494
294 598
294 657
294 662
294 765
294 884
294 892
295 326
295 810
295 986
296 318
296 467
296 910
297 594
297 623
297 671
297 934
298 919
299 973
301 367
301 481
302 348
302 440
302 960
303 415
304 664
304 686
304 691
304 908
306 547
306 636
306 669
307 639
307 678
308 403
308 421
308 569
308 646
308 790
309 401
309 465
309 496
309 605
310 549
311 642
311 771
312 396
312 511
313 341
313 373
313 749
313 881
313 884
314 337
314 455
314 542
315 364
315 444
315 448
315 567
315 851
315 901
316 492
317 601
318 372
318 412
318 580
319 822
319 846
320 342
320 358
320 626
320 689
320 746
321 446
321 459
321 528
321 811
322 377
322 502
323 431
323 477
323 578
324 876
325 762
326 432
327 609
327 718
328 376
328 478
328 487
328 702
329 420
330 387
330 504
330 584
330 638
330 868
331 332
331 561
331 597
331 930
332 371
332 402
333 475
333 554
333 763
333 802
333 933
333 983
334 368
334 557
335 586
335 903
335 908
336 674
337 575
337 775
337 857
338 344
338 385
338 398
338 402
338 531
338 634
338 639
338 687
341 388
341 471
341 589
341 605
342 762
344 862
345 700
345 829
346 445
346 719
347 378
347 699
347 916
348 780
349 494
350 498
350 640
351 388
351 591
353 854
353 982
355 446
355 531
355 891
356 358
357 384
357 395
359 460
360 444
360 564
360 628
361 422
361 894
363 913
365 680
366 471
366 898
368 763
368 860
369 392
369 683
369 982
370 406
370 509
371 595
371 927
372 513
372 938
374 690
375 418
375 586
375 696
375 714
375 735
375 970
377 890
378 981
379 587
379 717
380 399
380 838
381 840
381 993
384 619
384 826
386 979
387 701
388 799
390 414
390 459
390 463
390 832
391 432
391 447
391 587
391 599
391 692
393 507
394 919
395 406
395 852
396 500
396 588
396 854
398 669
399 518
399 537
399 623
399 945
400 715
400 823
401 507
401 582
402 564
402 678
402 932
404 416
407 573
407 623
407 955
408 544
408 570
408 726
408 848
408 881
409 502
410 415
410 463
410 581
410 685
411 512
411 554
411 595
411 724
411 827
416 625
416 645
416 847
418 541
418 576
418 861
418 872
419 427
419 796
420 682
420 953
421 610
422 461
422 572
424 683
424 745
424 984
425 566
426 746
426 924
428 490
431 469
431 631
431 771
431 814
431 857
432 546
433 738
434 661
434 748
435 818
436 533
436 702
437 516
438 662
439 902
441 501
441 568
441 692
441 909
445 474
445 481
445 706
446 853
447 470
449 967
450 578
450 886
451 560
451 619
451 684
452 551
452 793
453 843
454 681
454 888
455 525
455 617
455 632
455 650
455 846
455 861
455 944
458 853
459 558
459 680
459 880
460 696
460 703
460 741
460 854
460 997
461 600
462 536
463 540
463 710
463 834
463 966
463 971
463 984
464 543
464 583
464 991
465 996
467 638
467 654
467 929
468 570
468 878
468 960
469 519
469 985
470 482
470 695
472 599
472 655
473 495
473 948
475 629
475 675
475 799
475 956
475 961
476 856
477 507
477 729
478 755
479 553
479 615
480 815
480 933
481 486
482 930
482 971
483 643
483 946
483 967
484 527
484 606
484 954
486 493
486 733
486 897
486 923
487 735
489 832
491 904
492 753
492 881
493 734
494 497
495 841
496 712
497 589
497 607
498 665
498 700
500 535
500 731
500 780
501 650
501 670
501 727
501 801
501 901
502 601
504 519
504 688
504 757
505 884
505 921
506 823
509 834
510 785
512 636
513 583
516 899
517 521
517 999
518 533
518 737
519 625
519 905
520 892
522 782
523 556
523 770
523 855
527 702
528 795
529 656
532 676
532 871
533 641
534 830
534 847
538 869
539 939
540 925
541 544
542 903
542 989
543 656
544 591
544 615
544 622
546 655
548 710
549 796
549 987
550 864
551 882
551 954
553 577
553 679
553 810
555 779
556 926
557 596
560 575
562 684
562 716
563 878
564 707
566 778
566 831
567 597
567 608
567 800
567 974
568 690
569 756
571 628
574 603
574 865
574 867
575 618
576 784
576 972
576 989
577 609
577 746
577 755
580 725
582 807
583 716
583 838
583 839
583 977
584 958
586 649
588 634
588 814
588 839
588 974
590 668
590 700
590 914
590 990
592 874
592 971
595 662
596 797
602 928
606 630
606 671
606 964
607 866
609 626
611 727
611 850
611 858
613 651
614 629
614 859
616 849
617 717
617 801
618 800
621 837
624 858
624 975
626 777
626 865
628 688
631 743
634 682
634 955
636 939
636 981
637 712
637 720
641 656
644 840
644 863
645 962
652 691
652 863
652 880
654 681
654 862
654 921
654 936
657 872
658 819
662 802
662 876
665 949
667 997
669 958
673 897
677 765
677 956
678 687
679 934
680 845
682 734
682 774
682 899
685 701
690 705
695 929
697 722
704 853
704 913
704 945
705 804
707 793
710 758
710 925
710 977
713 785
716 758
717 831
719 744
725 883
726 737
727 949
729 910
730 744
733 761
733 962
735 937
737 994
740 905
741 865
743 760
747 893
747 962
751 825
752 942
755 934
755 954
756 825
756 938
757 789
761 951
763 969
765 887
767 849
767 899
769 821
770 801
772 959
777 855
778 792
785 870
792 929
793 919
796 805
797 903
800 802
800 893
801 937
804 819
804 885
807 811
807 900
811 841
813 995
816 997
823 864
827 869
838 944
847 907
852 972
852 982
852 995
858 895
862 965
870 873
876 939
879 993
898 966
901 941
906 953
913 950
930 992
936 959
937 963
946 972
958 986
