0 1
0 2
0 3
0 4
0 6
0 7
0 8
0 9
0 11
0 12
0 16
0 18
0 26
0 31
0 32
0 36
0 38
0 43
0 46
0 54
0 65
0 66
0 74
0 81
0 83
0 95
0 100
0 121
0 122
0 124
0 129
0 131
0 135
0 141
0 150
0 157
0 164
0 168
0 169
0 171
0 177
0 214
0 223
0 227
0 228
0 231
0 241
0 254
0 265
0 284
0 285
0 292
0 328
0 345
0 350
0 359
0 381
0 396
0 402
0 413
0 421
0 423
0 429
0 450
0 471
0 511
0 516
0 519
0 553
0 592
0 614
0 649
0 656
0 665
0 683
0 715
0 775
0 822
0 839
0 852
0 854
0 871
0 892
0 895
0 953
0 999
1 2
1 3
1 5
1 8
1 10
1 11
1 16
1 26
1 27
1 72
1 81
1 233
1 324
1 349
1 503
1 539
1 541
1 548
1 567
1 569
1 685
1 698
1 828
1 976
1 991
2 3
2 4
2 5
2 9
2 10
2 17
2 21
2 22
2 25
2 30
2 31
2 34
2 35
2 36
2 41
2 45
2 47
2 49
2 55
2 61
2 66
2 67
2 87
2 95
2 107
2 108
2 110
2 117
2 118
2 130
2 138
2 159
2 166
2 167
2 183
2 184
2 188
2 189
2 192
2 235
2 247
2 248
2 267
2 278
2 283
2 288
2 290
2 311
2 316
2 346
2 396
2 397
2 418
2 452
2 454
2 462
2 533
2 540
2 549
2 552
2 566
2 567
2 618
2 621
2 624
2 650
2 659
2 682
2 690
2 704
2 705
2 715
2 726
2 754
2 800
2 818
2 860
2 865
2 894
2 927
2 947
2 985
3 4
3 8
3 10
3 13
3 14
3 20
3 22
3 24
3 26
3 27
3 28
3 30
3 33
3 38
3 39
3 43
3 49
3 57
3 59
3 62
3 67
3 70
3 90
3 101
3 111
3 112
3 116
3 148
3 151
3 179
3 186
3 194
3 198
3 202
3 206
3 219
3 226
3 232
3 236
3 242
3 248
3 249
3 257
3 284
3 296
3 322
3 334
3 351
3 356
3 358
3 380
3 383
3 384
3 409
3 411
3 422
3 453
3 456
3 474
3 508
3 531
3 584
3 652
3 667
3 683
3 693
3 731
3 738
3 751
3 753
3 766
3 772
3 783
3 786
3 790
3 794
3 824
3 826
3 850
3 862
4 5
4 6
4 7
4 11
4 12
4 14
4 15
4 23
4 25
4 44
4 62
4 77
4 84
4 87
4 92
4 99
4 102
4 115
4 131
4 134
4 140
4 155
4 156
4 162
4 166
4 210
4 213
4 218
4 221
4 241
4 300
4 305
4 307
4 328
4 363
4 364
4 367
4 376
4 418
4 419
4 431
4 432
4 485
4 512
4 528
4 573
4 575
4 576
4 594
4 600
4 606
4 608
4 616
4 617
4 629
4 666
4 678
4 682
4 696
4 707
4 731
4 773
4 785
4 788
4 814
4 846
4 862
4 954
4 956
4 963
4 981
5 6
5 7
5 9
5 13
5 15
5 19
5 24
5 29
5 51
5 53
5 54
5 72
5 90
5 108
5 109
5 122
5 146
5 199
5 200
5 215
5 225
5 228
5 255
5 263
5 289
5 297
5 365
5 378
5 380
5 414
5 444
5 455
5 470
5 494
5 516
5 528
5 543
5 575
5 604
5 623
5 625
5 632
5 669
5 676
5 749
5 756
5 782
5 792
5 886
5 899
5 960
6 17
6 18
6 24
6 25
6 34
6 35
6 38
6 60
6 74
6 104
6 128
6 129
6 136
6 197
6 245
6 247
6 256
6 280
6 300
6 340
6 353
6 356
6 374
6 377
6 392
6 404
6 438
6 458
6 467
6 500
6 559
6 565
6 576
6 609
6 620
6 813
6 906
6 921
6 959
6 970
7 12
7 15
7 18
7 19
7 20
7 22
7 45
7 52
7 78
7 85
7 86
7 90
7 96
7 103
7 163
7 166
7 174
7 195
7 198
7 219
7 224
7 232
7 238
7 335
7 336
7 338
7 343
7 490
7 497
7 520
7 539
7 550
7 586
7 596
7 635
7 640
7 654
7 702
7 760
7 802
7 864
7 919
7 934
7 941
8 17
8 75
8 94
8 208
8 215
8 416
8 447
8 609
8 668
8 716
9 14
9 28
9 36
9 37
9 42
9 61
9 135
9 168
9 176
9 184
9 274
9 305
9 469
9 476
9 590
9 748
9 789
10 23
10 46
10 76
10 77
10 88
10 89
10 93
10 100
10 135
10 178
10 322
10 393
10 466
10 611
10 659
10 781
10 854
10 859
10 942
10 969
10 991
11 13
11 37
11 44
11 48
11 58
11 76
11 99
11 147
11 321
11 414
11 478
11 497
11 610
11 670
11 791
11 795
11 882
12 21
12 23
12 27
12 64
12 88
12 92
12 176
12 180
12 225
12 264
12 282
12 389
12 442
12 467
12 476
12 480
12 520
12 536
12 561
12 630
12 740
12 744
12 768
12 889
12 999
13 16
13 20
13 55
13 222
13 234
13 299
13 361
13 385
13 431
13 470
13 520
13 597
13 633
13 636
13 661
13 716
13 752
13 765
13 847
13 928
14 19
14 35
14 115
14 145
14 188
14 197
14 298
14 341
14 522
14 524
14 608
14 677
14 804
15 251
15 334
15 437
15 804
15 951
15 962
16 28
16 40
16 52
16 59
16 63
16 74
16 98
16 105
16 111
16 134
16 143
16 149
16 163
16 187
16 227
16 235
16 246
16 276
16 295
16 325
16 363
16 386
16 401
16 406
16 438
16 439
16 462
16 488
16 497
16 499
16 523
16 593
16 602
16 607
16 717
16 723
16 807
16 833
17 42
17 68
17 69
17 78
17 79
17 80
17 83
17 84
17 138
17 146
17 207
17 217
17 237
17 270
17 367
17 484
17 506
17 533
17 555
17 576
17 681
17 706
17 736
17 751
17 792
17 806
17 982
18 21
18 39
18 51
18 132
18 158
18 200
18 204
18 267
18 350
18 505
18 554
18 599
18 625
18 672
18 724
18 899
18 948
18 979
19 37
19 44
19 97
19 128
19 148
19 183
19 193
19 392
19 423
19 437
19 456
19 465
19 526
19 575
19 590
19 613
19 631
19 652
19 692
19 925
19 972
19 976
20 32
20 40
20 47
20 49
20 50
20 60
20 66
20 73
20 76
20 96
20 102
20 114
20 126
20 145
20 146
20 171
20 182
20 184
20 254
20 382
20 401
20 443
20 466
20 472
20 483
20 513
20 583
20 611
20 616
20 641
20 737
20 787
20 811
20 826
20 871
20 894
21 50
21 57
21 65
21 71
21 78
21 83
21 114
21 116
21 133
21 201
21 218
21 327
21 406
21 420
21 473
21 477
21 598
21 650
21 793
21 814
21 931
21 975
21 977
22 29
22 126
22 138
22 202
22 205
22 252
22 615
22 754
23 29
23 40
23 59
23 75
23 79
23 82
23 193
23 223
23 258
23 419
23 439
23 460
23 517
23 640
23 663
23 743
23 896
23 913
23 935
24 53
24 477
24 578
25 31
25 119
25 160
25 217
25 228
25 239
25 266
25 308
25 460
25 568
25 628
25 717
26 48
26 60
26 69
26 70
26 77
26 89
26 106
26 125
26 139
26 145
26 177
26 188
26 190
26 198
26 250
26 280
26 294
26 362
26 723
26 861
27 30
27 56
27 58
27 80
27 103
27 105
27 144
27 158
27 626
27 694
28 47
28 140
28 224
28 230
28 326
28 355
28 448
28 451
28 551
28 700
28 714
28 737
28 777
28 797
28 901
28 907
28 933
28 951
29 62
29 71
29 109
29 137
29 152
29 155
29 160
29 185
29 251
29 288
29 357
29 360
29 382
29 422
29 487
29 545
29 611
29 672
29 788
29 812
29 839
29 962
30 33
30 34
30 41
30 43
30 45
30 56
30 61
30 70
30 93
30 110
30 144
30 191
30 195
30 222
30 267
30 294
30 300
30 311
30 323
30 353
30 496
30 525
30 632
30 761
30 778
30 819
30 832
30 939
31 32
31 33
31 58
31 63
31 94
31 105
31 160
31 172
31 212
31 229
31 276
31 293
31 345
31 348
31 400
31 404
31 428
31 444
31 479
31 505
31 518
31 526
31 548
31 560
31 612
31 616
31 659
31 687
31 692
31 697
31 756
31 842
31 903
31 923
31 930
31 974
31 979
31 984
32 50
32 51
32 63
32 67
32 91
32 122
32 179
32 181
32 187
32 242
32 253
32 271
32 349
32 361
32 368
32 424
32 483
32 667
32 796
32 867
33 46
33 68
33 85
33 100
33 108
33 137
33 147
33 151
33 165
33 215
33 275
33 287
33 292
33 333
33 393
33 394
33 771
34 48
34 52
34 57
34 139
34 297
34 303
34 869
34 885
35 68
35 73
35 79
35 95
35 123
35 125
35 303
35 304
35 379
35 501
35 509
35 564
35 572
35 642
35 712
35 974
35 997
36 39
36 80
36 99
36 118
36 140
36 142
36 164
36 196
36 206
36 238
36 294
36 373
36 472
36 478
36 641
36 660
36 710
36 888
37 91
37 101
37 113
37 133
37 154
37 174
37 201
37 208
37 213
37 230
37 232
37 233
37 269
37 320
37 342
37 373
37 385
37 400
37 427
37 449
37 463
37 494
37 535
37 620
37 722
37 735
37 780
37 858
37 964
38 42
38 72
38 82
38 107
38 118
38 123
38 143
38 156
38 162
38 212
38 222
38 255
38 312
38 363
38 387
38 421
38 530
38 767
38 843
38 902
39 41
39 127
40 53
40 56
40 101
40 136
40 149
40 157
40 175
40 180
40 201
40 337
40 398
40 472
40 482
40 535
40 582
40 635
40 688
40 698
40 761
40 791
40 803
40 864
40 925
41 65
41 71
41 115
41 137
41 237
41 360
41 394
41 556
41 580
41 606
41 709
41 764
41 765
41 866
41 878
41 892
41 971
42 86
42 194
42 358
42 394
42 492
42 549
42 608
42 631
42 724
42 727
42 732
42 741
43 415
44 98
44 240
44 332
44 443
44 579
45 116
45 123
45 136
45 151
45 374
45 375
45 993
46 352
46 501
47 130
47 207
47 499
47 527
47 584
47 773
47 945
48 55
48 109
48 306
48 354
48 408
48 599
48 713
48 841
49 64
49 96
49 97
49 113
49 205
49 253
49 274
49 290
49 310
49 314
49 321
49 435
49 469
49 503
49 562
49 566
49 574
49 656
49 658
49 662
49 695
49 773
49 877
49 898
49 903
49 910
49 936
49 939
50 651
51 54
51 111
51 226
51 308
51 326
51 362
51 504
51 613
51 699
51 917
52 69
52 81
52 98
52 119
52 175
52 200
52 208
52 257
52 682
52 758
53 598
53 708
54 97
54 279
54 304
54 331
54 473
54 597
54 598
54 720
54 737
54 772
54 888
54 907
54 961
55 89
55 120
55 320
55 591
55 726
55 776
56 680
57 481
57 663
57 755
57 872
58 120
58 174
58 285
58 314
58 333
58 349
58 675
58 785
58 962
59 64
59 73
59 87
59 260
59 312
59 396
59 399
59 652
59 661
59 733
60 120
60 261
60 280
60 316
60 374
60 653
60 689
60 759
60 900
61 266
61 460
61 727
61 812
62 148
62 153
62 163
62 240
62 268
62 440
62 471
62 578
62 667
62 694
62 757
62 782
62 856
63 301
63 351
63 386
63 487
63 729
63 794
63 836
63 885
64 189
64 209
64 262
64 339
64 362
64 369
64 486
64 563
65 237
65 295
65 451
65 685
65 700
65 967
66 106
66 183
66 445
67 162
67 376
68 231
68 239
68 272
68 275
68 277
68 346
68 347
68 626
68 760
68 840
68 987
69 92
69 110
69 119
69 128
69 263
69 273
69 338
69 919
69 988
70 75
70 86
70 194
70 293
70 397
70 531
70 570
70 768
70 961
71 158
71 547
71 734
72 82
72 85
72 141
72 147
72 157
72 169
72 271
72 318
72 341
72 435
72 675
73 190
73 295
73 376
73 478
73 569
73 644
73 747
74 132
74 192
74 375
74 504
74 524
74 534
74 673
74 790
74 844
74 866
75 124
75 127
75 134
75 141
75 196
75 229
75 249
75 268
75 354
75 361
75 389
75 395
75 432
75 489
75 564
75 633
75 658
75 721
75 761
76 205
76 227
76 254
76 279
76 377
76 558
76 650
77 187
77 264
77 403
77 545
77 661
77 678
77 911
78 88
78 113
78 117
78 142
78 337
78 387
78 410
78 416
78 417
78 434
78 482
78 514
78 606
78 731
78 784
78 851
78 854
78 872
79 84
79 133
79 156
79 191
79 243
79 292
79 319
79 329
79 380
79 524
79 552
79 646
79 695
80 93
80 103
80 161
80 193
80 319
80 430
80 431
80 434
80 439
80 454
80 590
80 614
80 725
80 734
80 913
80 922
80 938
80 949
80 968
80 986
81 91
81 159
81 275
81 321
81 514
81 809
81 861
81 867
82 154
82 277
82 281
82 291
82 332
82 365
82 390
82 446
82 518
82 609
82 932
82 965
83 126
83 370
83 427
83 522
83 580
83 710
83 807
84 178
84 229
84 357
84 936
84 961
84 981
85 132
85 203
85 512
85 755
85 857
85 935
85 984
86 106
86 276
86 643
86 730
87 479
87 643
87 685
87 978
88 144
88 164
88 516
88 634
88 704
89 94
89 121
89 262
89 538
89 775
90 302
90 315
90 481
90 551
90 583
90 672
90 700
90 802
90 945
91 725
91 920
91 941
92 173
92 180
92 331
92 878
92 913
93 207
93 246
93 279
93 305
93 327
93 356
93 391
93 448
93 702
93 713
93 735
93 738
94 112
94 131
94 143
94 353
94 511
94 573
94 680
94 705
94 779
94 868
94 996
95 209
95 219
95 236
95 245
95 281
95 301
95 312
95 343
95 388
95 406
95 500
95 540
95 617
95 698
95 793
95 858
96 104
96 124
96 226
96 258
96 330
96 407
96 429
96 668
96 803
98 104
98 153
98 185
98 266
98 338
98 457
98 571
98 613
98 762
98 778
98 954
99 102
99 168
99 172
99 243
99 270
99 278
99 315
99 316
99 369
100 112
100 186
100 286
100 344
100 365
100 464
100 706
100 875
100 912
101 283
101 401
101 407
101 704
101 836
101 876
101 973
101 996
102 117
102 150
102 155
102 173
102 216
102 288
102 313
102 459
102 625
102 639
102 823
103 150
103 152
103 169
103 448
104 216
104 529
104 553
104 595
104 657
104 965
105 121
105 127
105 296
105 458
105 513
105 547
105 695
105 708
105 715
105 833
106 107
106 287
106 339
106 655
106 823
106 946
107 154
107 171
107 211
107 249
107 352
108 263
108 555
110 129
110 130
110 179
110 203
110 465
110 547
110 601
110 629
110 760
110 880
110 929
111 298
111 617
112 125
112 177
112 196
112 286
112 368
112 424
112 443
112 605
112 732
112 851
112 856
112 876
112 993
113 114
113 199
113 364
113 534
113 787
113 828
113 933
113 959
114 203
114 293
114 492
114 495
114 548
114 719
114 813
114 943
114 990
115 159
115 342
115 412
115 473
115 922
116 161
116 170
116 204
116 209
116 255
116 315
116 559
116 618
116 707
117 310
117 657
117 833
118 186
118 268
118 420
118 655
118 746
119 170
119 230
119 252
119 475
119 638
119 837
120 269
120 299
120 480
120 582
120 693
120 808
120 835
120 901
120 926
120 956
121 181
121 895
121 915
122 139
122 246
122 335
123 304
123 354
123 786
123 832
124 170
124 379
124 420
124 688
124 691
124 948
125 248
125 259
125 340
125 474
125 592
125 677
125 782
125 861
126 214
126 302
126 309
126 340
126 371
126 384
126 405
126 675
126 743
126 825
128 189
128 197
128 224
128 670
128 759
128 930
129 142
129 211
129 236
129 464
129 573
129 640
129 649
130 351
130 463
130 615
130 653
130 891
131 238
131 459
131 489
131 774
132 445
132 572
132 702
132 740
132 745
132 844
133 496
133 649
133 671
134 167
134 173
134 185
134 206
134 540
134 662
134 791
134 957
135 199
135 220
135 506
135 550
135 669
135 719
135 734
135 755
136 283
136 347
136 364
136 471
136 502
136 515
136 530
136 660
136 744
136 845
136 859
137 372
138 181
138 271
139 204
139 632
139 638
139 665
140 395
141 161
141 175
141 297
141 309
141 330
141 379
141 453
141 495
141 544
141 546
141 639
141 817
141 884
141 906
142 165
142 332
142 768
143 182
143 256
143 274
143 368
143 795
144 493
145 149
145 381
145 623
145 651
145 705
146 250
146 532
146 647
146 920
147 192
147 214
147 318
147 870
148 152
148 220
148 231
148 240
148 282
148 302
148 358
148 407
148 449
148 550
148 627
148 679
148 809
148 889
149 153
149 211
149 408
149 726
149 939
150 165
150 210
150 265
150 697
150 770
150 948
151 221
151 235
151 691
151 707
152 507
152 671
152 785
153 260
153 432
153 433
153 455
153 783
153 919
154 190
154 257
154 306
154 389
154 742
154 875
155 244
156 557
156 821
157 234
157 262
158 284
158 296
158 461
158 577
159 167
159 289
160 178
160 975
161 369
161 491
161 510
161 686
161 886
161 915
161 994
162 172
162 372
162 620
163 176
163 202
163 225
163 244
163 256
163 265
163 270
163 359
163 521
163 562
163 624
163 690
163 730
163 810
164 307
164 313
164 327
164 447
164 517
164 614
164 621
164 623
164 714
164 741
164 765
164 820
164 973
165 372
165 537
165 733
165 917
166 456
166 655
166 674
166 744
166 989
167 221
167 269
167 309
167 440
167 444
167 468
167 600
167 751
167 924
168 378
168 446
168 889
169 245
169 253
169 337
169 341
169 375
169 701
169 776
169 815
170 336
170 594
170 753
170 883
171 371
172 251
173 329
173 442
173 699
174 568
175 212
175 216
175 311
175 513
175 970
177 273
177 282
177 324
177 487
177 535
177 552
177 648
177 708
177 722
180 348
180 411
180 436
180 454
180 624
180 799
180 815
180 821
180 955
180 968
180 984
181 182
181 195
181 217
181 320
181 484
181 674
181 686
181 776
181 847
181 915
182 413
183 191
183 213
183 346
183 424
183 588
183 662
184 259
184 317
184 527
184 529
184 687
184 957
185 325
185 527
186 210
186 442
186 517
186 660
186 848
187 433
188 223
189 241
189 359
189 385
189 410
190 563
192 370
192 383
193 450
193 498
193 588
193 637
193 995
194 412
194 622
194 947
194 954
195 567
195 586
195 829
195 888
196 247
196 306
196 493
196 533
196 604
196 841
197 290
197 301
197 599
199 258
199 260
199 298
199 348
199 417
199 419
199 441
199 490
199 525
199 558
199 600
199 648
199 750
199 940
199 999
200 435
201 220
201 508
201 510
201 551
201 907
203 541
203 580
203 853
204 289
204 308
204 344
204 414
204 784
205 272
205 446
205 529
205 711
206 330
206 370
206 501
206 603
206 942
206 989
207 719
208 233
208 331
208 404
208 798
209 335
209 411
209 502
209 610
209 870
211 430
211 572
211 901
211 904
212 326
212 554
212 897
212 928
213 281
213 402
213 447
213 916
214 605
214 743
214 947
214 967
215 242
215 344
215 345
215 373
215 386
215 434
215 486
215 493
215 546
215 874
216 218
216 239
216 286
216 366
216 558
216 646
217 277
217 425
217 452
217 469
217 741
217 904
218 244
218 397
218 525
219 319
219 498
219 560
220 605
220 985
222 328
222 867
223 299
223 322
223 329
224 774
225 234
225 313
225 645
225 850
226 595
227 481
227 808
228 357
229 273
229 398
229 905
230 405
230 511
230 615
230 850
232 343
232 391
235 542
235 560
235 783
235 880
236 884
236 996
237 243
237 272
237 786
237 863
239 303
239 602
239 644
241 712
241 953
241 990
242 940
244 706
245 250
245 579
246 398
247 582
247 763
247 837
248 252
248 261
248 366
248 427
248 849
249 310
249 416
249 679
249 709
249 851
250 259
250 261
250 323
250 553
250 592
250 636
250 757
250 824
251 395
252 291
252 523
252 561
252 647
252 668
252 732
252 883
253 387
253 430
253 848
254 470
256 323
256 485
256 587
256 822
258 815
259 264
259 325
259 355
259 499
259 603
259 909
259 964
260 388
260 450
260 694
260 820
261 925
262 544
262 767
262 863
263 619
264 412
264 417
264 467
264 895
265 291
265 542
265 697
265 845
266 278
266 495
266 770
266 831
266 849
268 515
268 593
268 721
270 645
271 944
272 307
272 360
272 831
272 864
272 918
273 285
273 596
273 811
274 463
274 805
274 890
275 748
275 753
276 839
277 923
278 378
278 532
280 502
280 723
281 324
282 879
283 750
283 909
283 941
283 952
284 287
284 381
284 496
284 681
286 701
287 627
287 693
289 421
289 589
289 883
289 933
290 399
290 422
290 544
290 549
290 557
290 784
290 980
291 634
293 619
294 426
294 621
295 678
295 687
295 997
296 589
297 777
298 317
298 392
298 518
298 521
298 663
298 843
298 857
298 877
298 995
299 347
299 461
300 507
300 654
300 766
301 317
301 391
301 426
301 441
301 521
301 637
301 789
301 955
302 366
302 383
302 384
302 423
302 479
302 703
302 828
303 318
303 339
303 642
303 647
303 696
303 972
304 526
305 846
306 409
306 465
306 498
306 530
306 670
306 718
306 837
306 869
306 993
307 477
307 489
308 314
308 336
308 342
308 674
309 795
310 334
310 352
310 578
310 626
311 464
311 720
311 831
311 859
311 871
311 931
313 634
314 911
315 664
315 730
315 780
317 403
317 557
317 718
318 771
318 897
319 426
319 746
319 874
322 405
322 429
322 452
322 458
322 938
323 929
324 333
326 367
326 581
328 906
328 972
330 896
330 932
331 410
331 418
331 428
331 453
331 488
331 842
331 952
331 982
332 350
332 509
333 390
333 555
333 989
334 728
334 796
335 355
335 843
336 534
336 564
337 399
337 531
337 604
337 958
338 832
339 377
339 415
339 475
339 658
339 680
339 842
340 964
341 402
342 438
342 966
343 742
343 878
344 830
344 923
345 749
346 449
346 787
346 860
346 992
348 601
349 436
349 532
349 908
350 457
351 976
352 754
352 887
353 852
354 382
354 633
355 371
355 390
355 425
355 631
355 739
356 500
357 428
357 932
358 872
359 485
359 676
360 937
363 563
365 746
366 556
367 462
367 745
368 890
369 506
369 629
371 840
372 451
372 930
372 986
373 388
373 393
373 528
373 696
373 821
374 725
374 810
374 835
374 853
374 920
376 408
376 415
376 602
377 503
377 538
379 490
379 627
379 881
379 987
381 486
381 747
382 736
382 968
383 400
383 441
383 561
383 772
383 780
384 908
384 975
386 536
386 589
387 980
388 505
388 512
388 581
388 657
388 891
389 653
389 904
390 437
390 494
390 565
390 579
391 936
393 436
393 523
394 445
394 610
394 729
395 403
395 509
395 639
395 873
396 413
396 455
396 584
396 601
396 728
397 491
397 823
398 597
398 834
398 845
399 440
399 684
399 739
399 814
400 769
404 409
404 466
404 943
405 543
405 789
406 492
407 508
408 542
408 820
409 586
409 654
409 790
409 924
410 504
410 588
411 587
412 539
412 990
413 475
413 817
413 938
414 593
414 645
415 425
416 476
416 488
416 519
416 581
416 838
417 433
417 461
417 806
419 507
419 739
419 803
420 457
420 565
422 866
423 827
424 752
426 664
426 979
429 574
429 987
430 468
430 801
431 571
432 482
432 537
432 543
432 826
436 978
437 865
438 898
439 779
439 937
439 952
441 537
441 562
441 991
442 763
444 459
444 750
445 940
446 819
446 900
447 607
447 802
448 474
449 510
450 622
451 468
451 742
451 825
452 545
453 536
453 865
453 921
453 969
455 728
455 830
457 641
457 703
457 711
458 988
459 491
460 522
460 902
461 738
463 483
463 484
463 514
464 556
464 612
464 671
464 767
464 816
464 858
465 585
466 569
468 630
472 788
473 752
475 977
476 570
477 515
478 480
478 618
479 554
479 713
480 981
481 637
481 727
481 998
482 794
483 546
483 931
483 955
483 963
485 619
486 595
486 762
488 716
488 958
489 898
490 559
490 673
491 587
492 628
492 699
492 797
493 585
493 720
494 733
495 830
496 758
499 781
499 813
503 646
505 612
506 594
506 796
506 946
507 918
509 628
511 577
511 775
511 935
512 519
512 810
512 967
514 574
515 834
515 922
516 538
516 568
516 749
516 893
517 863
520 860
521 570
521 571
521 603
521 717
521 847
522 840
523 886
524 607
524 677
525 577
529 585
529 709
530 541
530 622
535 745
536 591
537 852
539 630
539 917
539 949
539 988
540 679
540 766
541 736
542 759
542 771
543 689
547 885
547 890
550 943
551 971
552 566
552 724
552 762
556 651
557 914
558 638
558 644
558 825
561 688
563 636
563 971
564 764
565 591
565 934
566 583
569 722
569 819
569 994
570 664
570 729
570 769
572 710
572 817
575 691
575 900
576 635
576 665
577 683
578 998
579 882
581 686
581 690
581 712
581 764
581 893
581 944
582 926
583 666
586 779
589 818
590 711
591 596
593 797
597 801
597 950
601 648
601 666
601 974
602 937
603 740
607 642
607 643
608 811
613 758
614 998
616 829
616 966
618 777
618 801
624 816
625 877
626 949
627 812
632 778
632 781
632 827
633 804
633 879
633 985
635 799
635 855
636 827
639 689
640 792
640 882
641 928
642 841
643 684
645 806
645 829
646 676
648 977
648 978
649 774
650 897
651 673
651 875
652 669
652 684
652 793
653 921
654 701
655 656
656 714
657 809
657 945
660 692
661 835
661 868
662 681
663 718
663 735
663 896
664 757
664 844
664 908
664 994
668 836
672 874
675 807
679 862
680 903
681 770
681 869
681 902
683 800
686 769
686 880
687 799
687 838
688 853
689 703
690 756
690 909
693 973
693 983
703 894
709 881
709 965
709 997
710 800
711 748
711 960
712 798
712 822
713 824
714 887
717 879
718 721
719 950
721 747
721 969
723 970
724 873
724 951
725 868
727 876
735 992
736 905
736 927
738 798
738 958
739 849
743 805
747 763
750 884
752 986
756 892
764 818
767 899
770 912
773 848
779 855
781 834
781 887
784 808
784 846
790 959
793 805
796 838
797 855
802 929
806 816
808 914
810 873
813 950
817 893
820 983
821 856
821 916
821 918
826 857
837 881
839 916
846 911
852 926
852 983
858 870
860 956
866 905
869 891
870 927
870 963
872 934
875 914
877 912
883 924
884 910
895 910
908 957
908 995
911 944
928 942
932 960
936 953
939 946
944 980
948 966
962 982
988 992
