0 1
0 2
0 3
0 4
0 5
0 8
0 10
0 13
0 14
0 16
0 24
0 27
0 29
0 32
0 34
0 37
0 41
0 44
0 46
0 47
0 53
0 55
0 62
0 85
0 89
0 115
0 128
0 169
0 173
0 174
0 193
0 207
0 208
0 223
0 249
0 266
0 274
0 305
0 324
0 338
0 348
0 358
0 360
0 371
0 374
0 378
0 381
0 410
0 417
0 490
0 551
0 586
0 616
0 618
0 690
0 697
0 712
0 713
0 737
0 774
0 862
0 910
0 993
1 2
1 3
1 4
1 7
1 9
1 40
1 42
1 52
1 60
1 76
1 112
1 117
1 128
1 145
1 146
1 159
1 163
1 183
1 211
1 216
1 258
1 268
1 275
1 323
1 335
1 336
1 467
1 580
1 613
1 628
1 655
1 675
1 791
1 809
1 834
1 904
1 935
1 955
1 973
2 3
2 4
2 5
2 6
2 12
2 13
2 15
2 18
2 20
2 21
2 22
2 23
2 24
2 26
2 29
2 32
2 35
2 36
2 38
2 39
2 43
2 56
2 58
2 61
2 70
2 74
2 75
2 93
2 95
2 98
2 100
2 106
2 107
2 116
2 130
2 131
2 142
2 147
2 150
2 161
2 169
2 187
2 191
2 196
2 209
2 254
2 271
2 281
2 300
2 307
2 308
2 315
2 317
2 321
2 322
2 339
2 345
2 359
2 363
2 370
2 374
2 385
2 386
2 402
2 423
2 443
2 448
2 449
2 473
2 478
2 479
2 480
2 523
2 529
2 544
2 549
2 550
2 554
2 556
2 565
2 569
2 570
2 578
2 608
2 621
2 624
2 625
2 627
2 667
2 680
2 691
2 721
2 723
2 744
2 749
2 756
2 767
2 769
2 783
2 843
2 844
2 862
2 875
2 882
2 885
2 888
2 919
2 921
2 922
2 956
2 973
2 986
2 995
3 14
3 17
3 21
3 22
3 27
3 28
3 29
3 31
3 48
3 58
3 69
3 72
3 101
3 120
3 132
3 144
3 193
3 262
3 284
3 290
3 342
3 360
3 362
3 376
3 454
3 522
3 529
3 587
3 667
3 715
3 754
3 838
3 847
3 909
4 5
4 6
4 7
4 8
4 9
4 10
4 11
4 12
4 15
4 16
4 18
4 19
4 21
4 22
4 25
4 26
4 30
4 31
4 37
4 45
4 46
4 50
4 59
4 72
4 78
4 83
4 86
4 94
4 98
4 110
4 141
4 149
4 150
4 156
4 200
4 219
4 250
4 254
4 260
4 334
4 336
4 409
4 412
4 441
4 471
4 477
4 503
4 516
4 555
4 564
4 575
4 589
4 601
4 602
4 604
4 605
4 609
4 639
4 683
4 768
4 809
4 818
4 861
4 895
4 917
4 926
4 977
4 993
5 6
5 7
5 9
5 11
5 14
5 20
5 96
5 134
5 145
5 167
5 226
5 234
5 276
5 284
5 322
5 373
5 405
5 413
5 420
5 779
5 803
6 10
6 15
6 30
6 45
6 49
6 59
6 67
6 79
6 83
6 85
6 86
6 91
6 99
6 100
6 127
6 135
6 153
6 158
6 174
6 179
6 207
6 213
6 227
6 240
6 254
6 332
6 346
6 355
6 363
6 367
6 382
6 385
6 458
6 466
6 470
6 479
6 516
6 521
6 543
6 572
6 575
6 577
6 616
6 651
6 656
6 688
6 732
6 755
6 776
6 787
6 806
6 807
6 856
6 917
6 938
6 966
6 967
6 973
7 8
7 32
7 76
7 87
7 99
7 127
7 133
7 144
7 146
7 160
7 180
7 217
7 225
7 310
7 339
7 375
7 391
7 468
7 477
7 493
7 569
7 591
7 609
7 627
7 715
7 963
7 980
8 17
8 24
8 33
8 44
8 55
8 61
8 81
8 87
8 104
8 105
8 115
8 129
8 130
8 148
8 161
8 173
8 184
8 196
8 197
8 201
8 232
8 246
8 253
8 268
8 276
8 278
8 289
8 323
8 337
8 358
8 365
8 392
8 440
8 454
8 456
8 465
8 478
8 491
8 502
8 540
8 563
8 595
8 716
8 742
8 815
8 822
9 19
9 63
9 120
9 142
9 194
9 213
9 225
9 420
9 431
9 471
9 543
9 761
9 845
9 977
10 11
10 12
10 16
10 28
10 34
10 40
10 51
10 71
10 79
10 88
10 101
10 112
10 119
10 136
10 152
10 164
10 176
10 216
10 232
10 240
10 259
10 263
10 319
10 349
10 379
10 444
10 460
10 558
10 571
10 597
10 628
10 635
10 636
10 750
10 945
10 967
10 983
11 13
11 23
11 543
11 700
11 761
11 893
11 898
12 143
12 720
12 853
13 17
13 19
13 39
13 52
13 78
13 90
13 92
13 107
13 109
13 127
13 165
13 197
13 200
13 206
13 243
13 265
13 268
13 312
13 326
13 354
13 359
13 389
13 407
13 452
13 464
13 511
13 523
13 542
13 600
13 619
13 624
13 626
13 669
13 672
13 674
13 677
13 728
13 734
13 744
13 759
13 772
13 780
13 799
13 819
13 841
13 860
13 871
13 940
13 971
13 998
14 18
14 20
14 51
14 57
14 63
14 124
14 170
14 198
14 234
14 289
14 309
14 344
14 368
14 687
14 728
14 729
14 743
14 790
14 910
14 953
14 999
15 99
15 108
15 175
15 237
15 307
15 354
15 369
15 396
15 400
15 443
15 569
15 653
15 658
15 687
15 729
15 763
15 942
16 56
16 91
16 139
16 162
16 213
16 346
16 449
16 496
16 512
16 535
16 775
16 788
16 813
16 857
16 997
17 25
17 28
17 34
17 37
17 61
17 70
17 89
17 124
17 148
17 162
17 169
17 185
17 214
17 219
17 225
17 247
17 249
17 301
17 327
17 343
17 385
17 387
17 424
17 462
17 473
17 504
17 561
17 570
17 599
17 650
17 660
17 705
17 722
17 743
17 765
17 787
17 821
17 889
17 948
17 963
17 986
18 41
18 57
18 58
18 62
18 67
18 159
18 223
18 244
18 278
18 311
18 351
18 467
18 766
18 800
18 913
19 31
19 118
19 152
19 237
19 247
19 273
19 280
19 288
19 309
19 312
19 334
19 386
19 453
19 495
19 526
19 655
19 757
19 868
19 883
20 23
20 30
20 35
20 42
20 52
20 97
20 133
20 224
20 228
20 318
20 407
20 487
20 539
20 627
20 814
20 896
20 901
20 944
20 970
20 979
21 38
21 43
21 50
21 66
21 77
21 81
21 90
21 109
21 115
21 119
21 129
21 137
21 140
21 148
21 153
21 165
21 170
21 171
21 190
21 208
21 211
21 214
21 282
21 295
21 304
21 310
21 513
21 521
21 630
21 634
21 641
21 656
21 664
21 707
21 756
21 795
21 830
21 844
21 900
21 902
21 930
21 951
21 959
21 978
21 992
22 25
22 27
22 36
22 38
22 44
22 49
22 79
22 82
22 90
22 98
22 111
22 118
22 152
22 167
22 187
22 192
22 258
22 302
22 305
22 335
22 337
22 351
22 369
22 374
22 391
22 401
22 442
22 499
22 501
22 507
22 535
22 600
22 606
22 692
22 695
22 698
22 706
22 722
22 761
22 841
22 847
22 988
23 33
23 64
23 68
23 89
23 116
23 132
23 143
23 185
23 283
23 287
23 350
23 400
23 408
23 439
23 451
23 771
23 940
23 985
24 26
24 46
24 53
24 69
24 136
24 180
24 233
24 239
24 660
24 679
24 710
24 853
25 60
25 108
25 122
25 195
25 224
25 316
25 319
25 344
25 351
25 485
25 642
25 750
26 147
26 309
26 375
26 618
27 41
27 63
27 67
27 73
27 106
27 113
27 119
27 168
27 229
27 233
27 241
27 263
27 287
27 293
27 332
27 485
27 549
27 584
27 599
27 751
27 937
28 36
28 42
28 59
28 77
28 95
28 100
28 172
28 185
28 186
28 190
28 229
28 303
28 372
28 517
28 520
28 522
28 540
28 545
28 610
28 911
28 923
28 970
29 33
29 35
29 54
29 60
29 105
29 106
29 123
29 299
29 418
29 422
29 517
29 618
29 812
29 861
29 962
30 39
30 53
30 102
30 124
30 172
30 269
30 357
30 409
30 475
30 506
30 552
30 584
30 626
30 803
30 873
30 952
30 967
31 40
31 47
31 72
31 91
31 101
31 126
31 175
31 245
31 269
31 301
31 320
31 435
31 453
31 511
31 562
31 686
31 887
32 65
32 109
32 230
32 380
32 406
32 445
32 496
32 542
32 649
32 697
32 768
32 843
32 884
33 75
33 80
33 95
33 143
33 240
33 315
33 523
33 746
34 68
34 683
34 839
35 141
35 273
35 872
35 886
35 887
36 45
36 57
36 68
36 142
36 191
36 195
36 359
36 415
36 583
36 665
36 669
36 709
37 43
37 78
37 147
37 218
37 231
37 242
37 297
37 325
37 350
37 480
37 632
38 48
38 88
38 94
38 114
38 129
38 153
38 182
38 201
38 221
38 251
38 266
38 298
38 334
38 356
38 376
38 450
38 452
38 508
38 520
38 552
38 561
38 601
38 603
38 747
38 757
38 905
38 947
38 962
38 984
39 55
39 73
39 103
39 182
39 199
39 247
39 265
39 340
39 391
39 434
39 456
39 554
39 566
39 582
39 822
39 872
39 911
40 47
40 54
40 71
40 74
40 86
40 103
40 107
40 112
40 126
40 157
40 188
40 189
40 228
40 235
40 244
40 294
40 306
40 339
40 371
40 383
40 394
40 446
40 539
40 548
40 645
40 661
40 713
40 724
40 742
40 754
40 793
40 824
40 904
41 246
41 570
41 660
41 752
42 49
42 54
42 77
42 545
42 903
42 988
42 999
43 149
43 238
43 338
45 48
45 56
45 73
45 75
45 85
45 137
45 222
45 226
45 270
45 272
45 277
45 293
45 294
45 338
45 358
45 367
45 380
45 384
45 403
45 457
45 486
45 565
45 596
45 688
45 714
45 840
45 856
45 858
45 897
45 976
46 174
46 528
46 676
46 678
46 921
46 928
47 82
47 234
47 279
47 292
47 324
47 406
47 451
47 557
47 630
47 648
47 785
48 50
48 51
48 64
48 65
48 84
48 93
48 96
48 102
48 122
48 181
48 188
48 246
48 255
48 256
48 277
48 280
48 302
48 304
48 364
48 458
48 553
48 574
48 611
48 614
48 615
48 699
48 736
48 762
48 799
48 857
48 912
48 934
48 941
48 949
49 64
49 80
49 120
49 128
49 160
49 164
49 186
49 236
49 241
49 271
49 275
49 366
49 368
49 401
49 422
49 531
49 631
49 747
49 786
49 810
50 248
50 902
51 230
52 117
52 165
52 168
52 219
52 313
52 314
52 320
52 432
52 488
52 582
52 594
52 598
52 622
52 713
52 736
52 815
52 816
52 906
53 200
54 81
54 84
54 130
54 134
54 164
54 217
54 353
54 546
54 617
54 721
54 741
54 947
54 965
55 62
55 123
55 151
55 163
55 168
55 237
55 846
55 931
56 80
56 83
56 110
56 139
56 155
56 176
56 317
56 462
56 525
56 635
56 664
56 868
56 891
56 953
57 92
57 506
57 509
57 559
57 769
57 848
57 981
58 201
58 300
58 335
58 357
58 726
58 796
59 70
59 343
59 379
59 403
59 410
59 666
59 826
59 988
60 321
60 347
60 409
60 524
60 756
60 872
61 96
61 236
61 619
61 702
61 817
62 66
62 93
62 94
62 108
62 111
62 203
62 353
62 411
62 509
62 542
62 652
63 65
63 71
63 76
63 84
63 87
63 139
63 303
63 352
63 446
63 500
63 541
63 553
63 562
63 568
63 645
63 717
63 764
63 851
63 978
63 991
64 66
64 799
65 121
65 212
65 349
65 411
65 517
65 524
65 714
65 995
66 243
66 326
66 352
66 393
66 852
67 69
67 74
67 97
67 163
67 178
67 212
67 256
67 267
67 285
67 291
67 384
67 398
67 537
67 585
67 607
67 667
67 692
67 833
67 944
68 97
68 184
68 248
68 297
68 316
68 347
68 355
68 583
68 650
68 675
68 729
68 734
68 956
69 92
69 134
69 249
69 255
69 291
69 408
69 431
69 433
69 576
69 579
69 929
69 985
70 82
70 103
70 245
70 259
70 345
70 625
70 704
70 817
71 316
71 485
71 779
72 102
72 117
72 158
72 180
72 184
72 327
72 497
72 611
72 662
72 910
72 917
72 941
72 991
73 125
73 231
73 451
74 88
74 211
74 261
74 487
74 918
75 125
75 156
75 262
75 469
75 648
75 694
75 916
76 433
76 435
77 114
77 223
77 318
77 322
77 753
78 125
78 140
78 205
78 330
78 395
79 364
79 439
79 614
79 681
79 906
80 113
80 231
80 766
81 138
81 160
81 177
81 179
81 209
81 217
81 288
81 373
81 377
81 417
81 521
81 684
81 744
81 802
83 138
83 150
83 205
83 264
83 311
83 410
83 567
83 611
83 767
83 827
83 984
84 144
84 357
84 424
84 631
85 121
85 159
85 224
85 232
85 515
85 538
85 577
85 594
85 859
86 181
86 242
86 290
86 292
86 425
86 472
86 481
86 678
86 766
86 884
88 113
88 205
88 509
88 554
88 615
88 622
88 776
88 857
88 972
89 499
89 538
89 632
89 987
90 135
90 196
90 261
90 320
90 361
90 461
90 488
90 497
90 519
90 631
90 681
90 858
90 861
90 904
90 994
91 422
92 121
92 683
92 965
93 104
93 207
93 264
93 427
93 673
93 865
94 104
94 140
94 156
94 230
94 392
94 710
95 133
95 136
96 110
96 114
96 258
96 280
96 340
96 428
96 429
96 453
96 456
96 591
96 662
96 689
96 816
97 105
97 111
97 151
97 173
97 267
97 270
97 395
97 405
97 437
97 612
97 738
97 966
98 138
98 513
98 980
99 183
99 192
99 243
99 336
99 502
99 719
99 932
100 137
100 177
100 242
100 251
100 303
100 373
100 388
100 558
100 591
100 597
100 802
100 835
100 985
102 135
102 354
102 423
102 430
102 447
102 568
102 615
102 899
102 939
103 123
103 263
103 399
103 411
103 419
103 853
103 896
104 221
104 908
105 131
105 177
105 377
106 267
107 227
107 294
107 328
107 526
107 684
107 875
107 968
108 189
108 394
108 498
108 548
108 645
108 890
108 942
109 167
109 175
109 371
109 382
109 384
109 443
109 480
109 687
109 700
109 796
110 122
110 154
110 227
110 298
110 571
110 679
110 972
111 313
111 722
111 758
111 759
112 170
112 210
112 215
112 220
112 291
112 340
112 347
112 417
112 469
112 563
112 585
112 600
112 636
112 868
113 132
113 288
113 512
113 866
114 747
114 895
115 116
115 343
115 602
115 630
115 709
116 118
116 151
116 187
116 239
116 257
116 276
116 331
116 368
116 441
116 492
116 518
116 771
116 776
116 905
117 533
118 202
118 266
118 581
118 909
118 974
119 514
119 815
120 209
120 281
120 283
120 308
120 390
120 510
120 603
120 773
120 790
120 865
121 530
122 146
122 166
122 178
122 282
122 285
122 415
122 447
122 476
122 483
122 597
122 702
122 742
122 856
123 198
123 419
124 126
124 381
124 601
124 726
125 131
125 154
125 204
125 235
125 604
125 736
125 792
125 966
126 157
126 416
126 460
126 798
127 389
127 883
128 203
128 474
129 155
129 166
129 172
129 282
129 404
129 442
129 693
129 712
129 801
130 141
130 145
130 192
130 250
130 389
130 390
130 500
130 789
130 800
130 943
131 154
131 157
131 221
131 414
131 421
131 484
131 490
131 657
132 482
132 512
132 617
132 824
132 863
132 989
133 158
133 279
133 331
133 381
134 155
134 191
134 208
134 260
134 323
134 432
134 504
134 735
134 785
135 432
136 210
136 297
136 341
136 426
136 818
137 161
137 262
137 270
137 328
137 464
137 892
137 952
137 994
138 179
138 538
138 830
138 859
138 974
139 162
139 176
139 327
139 444
140 250
140 261
140 286
140 307
140 405
141 210
141 248
141 325
141 864
142 752
142 866
143 299
145 149
145 178
145 304
145 329
145 382
145 438
145 708
145 894
146 189
146 206
146 215
146 274
146 293
146 295
146 805
147 220
147 236
147 402
147 428
147 455
147 581
147 834
148 634
148 739
148 923
150 299
151 183
151 255
151 312
151 450
151 634
151 908
152 186
152 193
152 251
152 256
152 471
152 505
152 552
152 643
152 727
152 936
153 202
153 513
153 572
153 708
153 792
153 828
155 277
155 283
155 289
155 313
155 408
155 491
155 515
155 659
155 712
155 725
155 877
155 881
156 199
156 212
156 383
156 548
156 625
156 641
156 681
156 755
156 837
157 171
157 356
157 444
157 510
157 544
157 663
157 733
157 854
158 166
158 363
158 457
158 527
158 638
158 688
158 716
158 727
158 788
158 960
159 259
159 380
159 658
159 663
159 696
160 626
160 646
160 670
161 732
162 171
162 238
162 301
162 489
162 553
163 314
163 321
163 331
163 341
163 863
164 393
164 629
164 678
165 725
166 206
166 531
167 257
167 388
168 181
168 474
168 483
168 927
170 199
170 337
170 435
170 603
170 604
170 706
170 818
171 273
171 281
171 285
171 367
171 501
171 530
172 190
172 613
173 182
173 204
173 215
173 228
173 440
173 505
173 590
173 677
173 691
173 708
173 819
174 394
174 446
174 535
174 702
175 229
175 610
175 651
175 787
176 238
176 241
176 274
176 275
176 319
176 365
176 404
176 478
176 483
176 593
176 730
176 807
177 222
178 195
178 260
178 397
178 723
178 769
178 931
179 412
179 573
180 202
180 239
180 279
180 300
180 332
180 345
180 372
180 414
180 541
180 550
180 578
180 610
180 612
180 642
180 666
180 696
180 745
181 198
181 269
181 455
181 642
181 794
182 188
182 734
182 867
182 912
183 194
183 459
184 400
184 472
184 493
184 758
184 791
184 901
184 918
184 919
184 946
185 235
185 437
185 487
185 812
185 854
186 204
186 218
186 525
187 197
187 203
187 355
187 528
187 533
188 194
188 286
188 465
189 329
189 518
189 522
189 564
190 302
190 305
190 428
190 623
190 939
190 976
191 220
191 226
191 447
191 564
191 773
191 784
192 344
193 652
193 789
194 264
194 317
194 490
194 551
194 930
194 933
195 272
195 508
196 214
196 326
196 369
196 609
196 617
196 828
196 946
197 720
197 874
198 589
199 418
199 829
199 876
200 253
201 252
201 486
201 536
201 661
201 749
201 801
201 981
202 644
202 805
202 996
203 286
203 404
203 510
203 697
203 740
204 216
204 424
204 544
204 606
204 938
205 325
205 341
205 474
205 560
205 573
205 672
205 833
206 431
206 695
206 731
206 770
206 885
207 714
208 748
208 907
209 233
209 356
209 361
209 537
209 735
209 846
209 955
209 982
211 376
211 438
211 575
212 218
212 782
212 848
213 253
213 296
213 315
213 482
213 852
213 958
214 330
214 556
215 874
216 324
216 375
216 476
216 491
216 709
216 951
216 955
217 330
217 365
217 556
217 650
217 995
218 222
218 252
218 257
218 287
218 568
219 350
219 466
220 342
220 753
220 862
220 942
221 244
221 306
221 362
221 441
221 459
221 461
221 814
222 310
223 406
224 476
224 505
224 560
224 566
224 870
224 968
225 796
225 798
225 842
226 252
226 308
226 353
226 372
226 668
227 295
227 328
227 484
227 540
227 648
228 550
228 654
228 806
229 551
230 278
231 784
232 296
232 524
233 378
233 463
233 466
233 527
233 823
234 272
234 731
235 427
235 584
235 778
235 969
236 436
236 827
237 271
237 494
237 577
237 582
237 607
237 732
238 306
238 585
238 685
240 393
240 915
242 245
242 467
242 639
243 284
243 364
243 579
243 643
244 427
246 481
246 580
246 840
246 913
248 883
248 994
249 361
249 436
249 960
250 352
250 839
251 346
251 810
252 265
252 396
253 290
254 595
254 800
255 590
255 932
256 519
256 655
256 798
256 811
256 860
256 898
257 425
258 333
258 884
258 933
258 950
259 395
259 468
259 504
259 952
260 311
260 401
260 665
260 685
261 481
261 492
261 566
261 658
261 739
261 808
262 416
263 691
264 561
264 846
264 882
264 957
265 296
265 455
265 486
265 492
265 555
265 637
265 875
266 386
266 892
267 407
267 430
267 557
267 621
267 772
268 438
268 701
269 531
269 567
269 583
269 719
269 780
270 565
270 677
271 704
271 881
273 399
273 675
273 795
274 366
274 825
274 832
274 877
275 333
275 623
276 437
276 555
276 592
276 633
276 757
276 924
276 948
277 434
277 649
278 398
278 528
278 810
278 835
280 459
280 515
280 558
280 971
281 292
281 348
281 465
281 636
281 699
281 976
283 413
284 370
284 402
284 494
284 780
284 886
285 314
285 694
286 397
286 494
286 628
286 727
286 745
286 837
287 329
287 349
287 957
288 425
288 449
288 935
289 500
289 778
291 527
291 580
291 598
291 647
291 748
291 797
291 986
292 397
292 613
292 831
292 934
293 396
293 439
294 855
295 503
295 984
296 298
296 525
296 646
296 707
296 740
296 979
297 922
298 496
299 644
299 975
300 318
302 457
302 897
302 937
302 945
303 612
303 760
303 829
304 674
304 941
305 415
305 507
306 520
306 775
307 333
307 458
307 489
307 684
307 850
309 387
309 956
310 440
310 586
310 865
311 362
311 370
312 342
312 559
312 640
313 421
314 464
314 763
314 971
315 469
316 452
316 516
316 586
316 741
316 852
316 946
317 672
317 811
317 957
318 792
318 972
319 348
319 671
319 783
320 507
320 588
320 703
320 812
320 858
320 920
320 989
321 720
322 724
322 728
323 598
323 746
323 924
323 975
324 475
324 497
324 541
324 557
324 590
324 602
324 651
324 754
324 793
324 954
325 463
325 703
325 735
325 897
328 576
328 782
329 508
329 768
329 850
329 996
331 414
331 927
332 383
332 388
332 778
334 662
334 838
335 450
335 503
335 587
337 420
337 824
339 671
339 737
340 593
341 403
341 813
343 749
344 529
344 533
344 925
344 926
345 545
345 916
345 919
346 659
347 378
347 502
347 696
347 715
347 983
348 607
348 826
350 412
350 539
350 745
350 864
350 893
351 606
351 880
352 873
353 454
353 479
353 588
353 806
355 387
355 532
355 831
355 969
356 360
356 484
356 498
356 654
360 398
360 835
360 914
361 495
361 653
361 752
363 462
363 579
363 599
363 673
363 705
363 781
364 366
364 468
366 495
368 519
369 390
369 413
369 426
369 429
369 534
369 638
369 772
369 817
370 705
370 755
372 377
372 379
372 690
372 751
372 895
373 664
373 803
376 421
376 844
377 470
377 574
377 637
377 804
377 819
377 962
377 980
378 426
378 869
379 990
380 442
380 711
381 470
381 549
381 741
381 834
381 991
382 392
382 399
382 593
382 668
382 791
383 429
383 666
383 699
383 870
383 916
384 571
385 724
388 448
388 547
388 623
388 733
389 797
389 907
389 925
390 537
391 773
392 511
394 573
394 788
395 473
396 633
396 850
397 965
398 501
398 605
398 670
398 777
398 825
398 924
401 640
401 701
401 832
402 506
402 693
403 828
404 430
404 608
404 682
404 693
405 530
406 418
407 436
407 632
408 419
410 629
410 915
411 652
411 743
411 855
412 416
412 445
412 879
413 472
413 726
414 433
414 434
414 448
414 461
414 514
414 574
414 620
414 685
414 889
416 587
416 710
416 764
416 794
417 489
417 592
417 997
418 560
419 423
419 620
419 777
419 911
420 605
420 830
421 721
422 499
422 534
423 460
423 562
425 445
425 783
425 873
425 934
427 463
427 997
428 638
429 649
429 654
432 616
433 711
434 518
434 676
435 498
435 622
435 793
436 536
437 477
437 482
437 665
437 689
437 899
443 475
444 578
444 695
444 871
444 933
445 532
445 809
445 842
445 992
446 842
448 730
449 902
449 929
450 711
451 878
452 707
454 635
454 890
454 891
454 907
455 589
456 659
457 581
457 656
457 680
457 795
457 831
457 869
461 760
465 775
466 546
466 637
466 804
467 576
469 878
470 682
471 547
472 725
473 588
473 733
473 909
474 676
474 888
475 860
477 943
482 493
482 620
482 680
482 921
483 760
484 488
484 526
485 794
486 567
486 647
486 739
486 748
486 786
486 960
487 845
490 698
492 594
492 871
492 886
493 689
494 514
494 621
494 719
495 572
498 653
498 848
500 563
500 663
500 961
501 536
503 559
503 767
504 532
504 534
505 943
508 629
508 908
508 928
509 877
509 989
511 673
511 777
511 879
511 959
513 546
515 731
515 927
516 914
517 968
519 820
521 954
522 547
522 640
522 657
522 700
522 950
523 854
523 920
524 592
524 690
524 823
524 953
525 859
526 614
526 923
528 595
528 624
531 964
531 987
532 646
532 674
532 822
532 969
533 951
534 633
535 820
537 820
539 827
540 694
542 647
543 770
544 901
545 979
547 738
547 881
547 975
547 977
549 596
549 948
550 701
553 838
554 682
555 938
559 900
561 686
562 686
563 706
563 718
567 998
569 641
572 887
574 876
577 771
577 813
577 836
577 876
579 703
581 882
582 596
582 619
583 839
585 753
586 608
586 644
586 779
587 717
587 790
588 723
590 781
594 670
594 888
595 740
596 785
599 639
599 751
599 765
599 814
599 915
601 661
601 802
603 750
603 758
605 906
606 891
611 843
612 671
612 679
613 716
613 730
616 718
616 762
619 657
619 805
620 737
621 836
623 864
625 801
625 932
630 866
631 643
634 829
637 931
639 920
641 692
641 717
642 845
643 774
643 880
644 774
647 738
647 947
647 990
648 668
648 718
652 797
657 763
659 669
659 928
660 698
664 826
669 892
675 704
678 961
679 811
679 863
683 762
683 849
686 855
692 970
693 900
696 746
696 789
696 890
699 937
700 894
701 764
702 816
704 825
706 918
714 929
716 840
718 832
719 765
719 992
720 903
720 963
721 808
722 913
723 841
723 926
724 770
724 996
729 987
733 944
737 823
741 821
742 867
747 851
751 905
753 998
755 936
755 940
756 784
756 893
758 759
759 837
760 849
760 898
762 959
765 786
768 804
768 870
772 781
772 912
773 851
774 922
775 958
777 782
777 807
777 821
780 880
786 899
789 833
789 950
797 836
803 879
805 808
806 930
809 847
815 990
825 964
830 869
837 849
840 982
841 993
842 874
848 958
848 974
849 961
852 885
852 894
857 949
861 867
862 889
866 925
867 878
868 936
874 939
874 945
879 896
879 999
880 903
883 914
895 981
911 935
914 982
926 954
937 978
943 949
952 964
980 983
