0 1
0 2
0 3
0 4
0 6
0 8
0 10
0 17
0 29
0 44
0 69
0 113
0 127
0 146
0 244
0 255
0 263
0 287
0 291
0 294
0 336
0 338
0 367
0 494
0 517
0 541
0 602
0 603
0 710
0 792
0 813
0 876
1 2
1 3
1 4
1 5
1 6
1 7
1 8
1 9
1 10
1 13
1 17
1 21
1 22
1 23
1 29
1 41
1 45
1 48
1 52
1 56
1 58
1 62
1 68
1 76
1 97
1 100
1 108
1 126
1 137
1 142
1 149
1 164
1 173
1 177
1 178
1 180
1 191
1 202
1 208
1 221
1 241
1 269
1 273
1 275
1 289
1 294
1 296
1 309
1 326
1 330
1 334
1 367
1 393
1 394
1 397
1 420
1 427
1 429
1 447
1 458
1 472
1 477
1 529
1 546
1 573
1 578
1 588
1 615
1 616
1 623
1 628
1 636
1 644
1 647
1 721
1 748
1 756
1 779
1 804
1 910
1 923
1 943
1 979
1 990
1 994
2 3
2 11
2 13
2 18
2 23
2 36
2 118
2 121
2 202
2 213
2 257
2 297
2 350
2 391
2 392
2 412
2 618
2 651
2 692
3 4
3 5
3 9
3 12
3 14
3 15
3 22
3 23
3 26
3 27
3 30
3 31
3 35
3 40
3 48
3 49
3 50
3 52
3 59
3 64
3 78
3 91
3 117
3 124
3 133
3 135
3 137
3 150
3 179
3 183
3 203
3 210
3 249
3 304
3 320
3 342
3 376
3 377
3 380
3 389
3 452
3 469
3 494
3 515
3 548
3 559
3 564
3 639
3 650
3 690
3 720
3 725
3 734
3 819
3 824
3 833
3 892
3 902
3 903
3 912
3 941
3 952
3 967
3 998
4 5
4 7
4 11
4 14
4 15
4 27
4 67
4 75
4 81
4 108
4 142
4 145
4 152
4 162
4 166
4 171
4 177
4 215
4 236
4 250
4 286
4 306
4 329
4 363
4 368
4 446
4 504
4 514
4 580
4 631
4 681
4 702
4 705
4 781
4 811
4 824
4 842
4 860
4 893
4 904
4 918
4 953
4 958
5 6
5 7
5 9
5 10
5 26
5 38
5 42
5 46
5 47
5 61
5 75
5 77
5 85
5 138
5 139
5 154
5 162
5 203
5 204
5 210
5 215
5 228
5 267
5 284
5 286
5 287
5 289
5 293
5 299
5 301
5 338
5 376
5 388
5 408
5 417
5 430
5 495
5 498
5 527
5 546
5 563
5 600
5 613
5 651
5 656
5 685
5 730
5 737
5 741
5 769
5 773
5 790
5 795
5 865
5 866
5 966
5 969
5 971
6 12
6 15
6 16
6 45
6 62
6 82
6 89
6 95
6 108
6 111
6 130
6 140
6 143
6 154
6 164
6 168
6 196
6 208
6 214
6 261
6 263
6 272
6 280
6 283
6 292
6 295
6 303
6 318
6 375
6 388
6 391
6 395
6 402
6 420
6 428
6 447
6 473
6 478
6 497
6 553
6 571
6 599
6 600
6 683
6 701
6 728
6 742
6 827
6 921
6 986
7 8
7 12
7 18
7 19
7 20
7 27
7 32
7 39
7 41
7 47
7 49
7 55
7 56
7 63
7 79
7 92
7 100
7 117
7 120
7 130
7 133
7 143
7 157
7 162
7 170
7 261
7 273
7 275
7 292
7 329
7 347
7 354
7 411
7 413
7 443
7 490
7 508
7 533
7 571
7 578
7 584
7 631
7 667
7 673
7 734
7 758
7 763
7 771
7 772
7 778
7 834
7 873
7 888
7 912
7 914
7 953
8 11
8 13
8 16
8 22
8 38
8 40
8 44
8 51
8 65
8 66
8 74
8 75
8 78
8 87
8 116
8 119
8 120
8 121
8 135
8 136
8 159
8 168
8 184
8 187
8 195
8 212
8 237
8 242
8 250
8 319
8 342
8 354
8 364
8 396
8 398
8 404
8 425
8 443
8 462
8 475
8 493
8 497
8 564
8 583
8 675
8 735
8 736
8 747
8 768
8 777
8 824
8 887
8 909
8 919
8 962
9 20
9 21
9 29
9 43
9 53
9 95
9 103
9 144
9 260
9 265
9 271
9 278
9 310
9 324
9 335
9 356
9 428
9 431
9 442
9 445
9 459
9 460
9 463
9 511
9 522
9 558
9 567
9 727
9 757
9 759
9 774
9 821
9 822
9 864
9 898
9 907
9 960
9 967
10 24
10 25
10 28
10 31
10 33
10 39
10 47
10 65
10 68
10 84
10 90
10 93
10 102
10 114
10 121
10 138
10 140
10 151
10 181
10 193
10 195
10 206
10 224
10 227
10 230
10 234
10 248
10 256
10 298
10 331
10 339
10 349
10 359
10 432
10 470
10 471
10 472
10 491
10 495
10 499
10 503
10 524
10 539
10 545
10 547
10 555
10 712
10 836
10 842
10 872
10 955
10 972
11 14
11 28
11 41
11 42
11 45
11 60
11 63
11 72
11 86
11 90
11 110
11 166
11 197
11 212
11 218
11 225
11 230
11 246
11 265
11 327
11 332
11 343
11 398
11 403
11 426
11 442
11 471
11 519
11 529
11 547
11 573
11 583
11 593
11 652
11 665
11 666
11 771
11 786
11 801
11 867
11 935
11 991
12 20
12 34
12 84
12 103
12 109
12 123
12 159
12 176
12 201
12 235
12 290
12 317
12 318
12 464
12 477
12 506
12 519
12 561
12 624
12 629
12 658
12 661
13 16
13 54
13 155
13 461
13 647
13 743
13 867
14 19
14 36
14 50
14 69
14 76
14 119
14 140
14 148
14 151
14 179
14 187
14 218
14 231
14 291
14 299
14 324
14 425
14 627
14 651
14 677
14 811
14 848
14 849
14 996
15 17
15 19
15 21
15 25
15 36
15 67
15 69
15 70
15 73
15 83
15 126
15 155
15 163
15 174
15 177
15 201
15 222
15 224
15 239
15 259
15 271
15 311
15 332
15 343
15 460
15 549
15 577
15 587
15 598
15 684
15 735
15 750
15 802
15 855
15 856
15 930
16 38
16 58
16 67
16 89
16 96
16 97
16 107
16 129
16 136
16 176
16 197
16 258
16 323
16 330
16 478
16 698
16 718
16 788
16 879
16 904
16 925
16 932
16 942
17 18
17 24
17 28
17 37
17 54
17 55
17 101
17 105
17 115
17 126
17 134
17 149
17 165
17 184
17 193
17 201
17 238
17 319
17 396
17 397
17 408
17 500
17 508
17 557
17 569
17 598
17 640
17 693
17 699
17 708
17 722
17 729
17 784
17 815
17 862
17 938
17 993
18 31
18 106
18 238
18 491
19 25
19 39
19 54
19 57
19 74
19 80
19 104
19 122
19 137
19 145
19 171
19 172
19 174
19 240
19 243
19 251
19 297
19 312
19 315
19 384
19 442
19 483
19 570
19 760
19 821
19 840
20 24
20 37
20 46
20 64
20 73
20 83
20 91
20 128
20 182
20 187
20 211
20 393
20 447
20 468
20 476
20 533
20 602
20 614
20 638
20 653
20 692
20 710
20 862
20 875
20 895
20 896
20 946
21 32
21 33
21 53
21 85
21 110
21 188
21 252
21 270
21 276
21 390
21 427
21 444
21 566
21 571
21 847
21 871
21 886
21 902
21 926
22 30
22 55
22 87
22 103
22 112
22 132
22 214
22 220
22 241
22 511
22 599
22 774
22 806
22 844
22 938
22 941
22 989
22 994
23 181
24 26
24 37
24 106
24 241
24 246
24 249
24 256
24 264
24 328
24 347
24 379
24 456
24 485
24 526
24 668
24 688
24 699
24 746
24 761
24 774
24 799
24 808
24 901
25 33
25 35
25 43
25 44
25 51
25 57
25 88
25 96
25 104
25 106
25 116
25 124
25 133
25 145
25 147
25 163
25 194
25 245
25 252
25 288
25 302
25 321
25 346
25 438
25 528
25 538
25 680
25 723
25 753
25 767
25 769
25 820
25 837
25 946
25 997
26 30
26 48
26 59
26 71
26 78
26 81
26 98
26 101
26 122
26 129
26 147
26 156
26 190
26 199
26 220
26 223
26 259
26 401
26 448
26 535
26 597
26 619
26 669
26 810
26 904
26 968
27 79
27 205
27 354
27 377
27 427
27 981
28 43
28 71
28 72
28 74
28 150
28 276
28 346
28 374
28 445
28 545
28 721
28 738
28 753
28 853
28 866
28 925
28 989
29 32
29 42
29 46
29 61
29 91
29 131
29 135
29 192
29 231
29 268
29 313
29 330
29 423
29 440
29 466
29 484
29 514
29 560
29 780
29 847
29 903
29 966
30 34
30 73
30 266
30 341
30 400
30 407
30 422
30 524
30 543
30 635
30 641
30 694
30 844
30 950
31 34
31 51
31 62
31 64
31 72
31 129
31 161
31 171
31 172
31 221
31 226
31 307
31 311
31 327
31 446
31 515
31 585
31 604
31 621
31 747
31 790
31 842
31 909
32 35
32 77
32 167
32 303
32 688
32 804
33 70
33 178
33 301
33 454
33 479
33 516
33 532
33 590
34 115
34 144
34 158
34 183
34 247
34 263
34 283
34 295
34 304
34 349
34 352
34 449
34 527
34 584
34 658
34 687
34 759
34 933
35 49
35 52
35 98
35 99
35 130
35 345
35 406
35 495
35 526
35 568
35 592
35 671
35 673
35 845
35 849
35 898
35 920
35 949
36 40
36 66
36 82
36 92
36 93
36 102
36 141
36 251
36 262
36 373
36 414
36 418
36 432
36 465
36 560
36 617
36 637
36 642
36 679
36 690
36 711
36 800
36 809
36 935
36 976
36 980
37 50
37 105
37 132
37 322
37 436
37 496
37 509
37 551
37 650
37 679
37 877
37 905
38 100
38 203
38 226
38 291
38 360
38 457
38 554
38 555
38 672
39 86
39 98
39 101
39 118
39 167
39 175
39 222
39 277
39 324
39 379
39 407
39 502
39 505
39 568
39 646
39 776
39 784
39 991
40 57
40 60
40 118
40 153
40 169
40 199
40 245
40 294
40 308
40 379
40 478
40 554
40 570
40 603
40 695
40 726
40 876
40 957
40 973
41 53
41 438
41 484
41 855
42 372
42 384
42 405
42 489
42 773
42 909
43 58
43 82
43 125
43 134
43 209
43 227
43 233
43 236
43 657
43 877
43 940
43 941
44 244
45 70
45 194
45 253
45 776
45 930
46 65
46 116
46 146
46 156
46 160
46 186
46 209
46 213
46 262
46 325
46 331
46 335
46 369
46 370
46 371
46 385
46 430
46 451
46 476
46 481
46 482
46 533
46 605
46 629
46 652
46 695
46 743
46 765
46 773
46 807
46 840
46 885
46 998
47 59
47 61
47 114
47 680
47 752
47 789
48 60
48 115
48 209
48 286
48 364
48 484
49 88
49 155
49 169
49 245
49 336
49 572
49 615
49 964
50 68
50 89
50 303
50 309
50 414
50 426
50 493
50 515
50 618
50 712
50 990
51 63
51 77
51 88
51 149
51 173
51 205
51 257
51 306
51 346
51 349
51 429
51 436
51 501
51 512
51 566
51 569
51 990
52 94
52 965
53 56
53 381
53 640
53 888
54 138
54 178
54 426
54 504
54 554
54 752
54 959
55 225
55 503
56 192
56 267
56 282
56 455
56 547
56 890
57 99
57 147
57 198
57 200
57 219
57 233
57 314
57 387
57 541
57 649
57 655
57 730
57 748
57 754
57 759
57 924
58 71
58 84
58 110
58 127
58 193
58 233
58 282
58 298
58 445
58 556
58 591
59 260
59 289
59 380
59 470
59 562
60 113
60 139
60 512
61 66
61 87
61 112
61 152
61 231
61 259
61 553
61 624
61 708
61 750
61 817
61 916
62 92
62 97
62 111
62 117
62 154
62 182
62 277
62 355
62 452
62 468
62 473
62 542
62 645
62 741
62 830
63 125
63 139
63 208
63 280
63 300
63 307
63 409
63 458
63 471
63 488
63 503
63 713
63 766
63 924
64 598
64 962
65 165
65 216
65 385
65 671
65 815
65 979
66 76
66 96
66 141
66 279
66 419
66 562
66 601
66 854
66 918
67 119
67 170
67 214
67 631
68 80
68 856
68 861
69 94
69 386
69 466
69 648
69 898
69 949
70 86
70 223
70 323
70 711
71 175
71 492
71 559
72 85
73 79
73 134
73 159
73 248
73 370
73 702
73 703
73 792
73 799
73 826
74 128
74 190
74 803
75 93
75 295
75 680
76 90
76 144
76 319
76 878
77 419
77 689
77 781
77 881
77 895
78 81
78 102
78 200
78 388
78 479
78 483
78 521
78 523
78 623
78 633
78 635
78 646
78 716
78 952
79 80
79 107
79 185
79 213
79 244
79 266
79 322
79 534
79 632
79 659
79 887
80 83
80 109
80 113
80 192
80 220
80 858
80 890
81 160
81 188
81 269
81 278
81 314
81 374
81 391
81 492
81 507
81 623
81 665
81 704
81 809
81 999
82 373
83 249
83 351
83 356
83 744
84 389
84 414
84 627
84 897
84 908
85 127
85 170
85 184
85 227
85 258
85 483
85 542
85 575
85 594
85 640
85 674
85 677
85 689
85 742
85 820
85 874
85 979
86 94
86 95
86 183
86 325
86 333
86 352
86 504
86 580
86 585
86 606
86 677
86 694
87 195
88 216
88 369
88 399
88 407
88 536
88 596
88 634
88 768
88 855
88 986
89 104
89 123
89 176
89 204
89 239
89 277
89 367
89 462
89 607
89 765
89 796
89 973
90 99
90 120
90 191
90 206
90 251
90 351
90 382
90 418
90 420
90 535
90 749
90 987
91 111
91 168
91 173
91 219
91 240
91 275
91 318
91 344
91 643
91 706
91 718
91 784
91 835
91 900
91 975
92 217
92 486
92 775
92 931
93 224
93 284
94 124
94 142
94 789
94 971
95 109
95 131
95 186
95 271
95 435
95 474
95 862
95 882
95 891
95 900
95 915
96 247
96 265
96 279
96 292
96 315
96 316
96 343
96 565
96 880
96 884
96 969
97 196
98 132
98 217
98 804
99 179
99 575
100 114
100 125
100 226
100 301
100 357
100 509
100 579
100 658
100 672
100 676
101 136
101 143
101 158
101 257
101 392
101 441
101 539
101 586
101 593
101 632
101 707
102 198
102 229
102 300
102 351
102 474
102 659
102 673
102 706
102 816
103 105
103 128
103 141
103 146
103 239
103 242
103 248
103 406
103 421
103 423
103 444
103 595
103 606
103 691
103 732
103 933
104 188
104 235
104 698
104 859
105 107
105 122
105 205
105 307
105 315
105 411
105 606
105 633
105 700
105 875
106 157
106 204
106 296
106 337
106 395
106 396
106 400
106 530
106 613
106 741
106 771
106 976
107 112
107 837
108 353
108 614
108 870
109 167
109 344
109 390
109 806
109 841
111 163
111 406
112 358
112 361
112 371
112 552
112 561
112 868
112 884
114 581
115 619
115 688
115 813
116 123
116 158
116 181
116 359
116 707
116 922
116 928
117 377
117 506
117 883
118 150
118 408
119 156
119 262
119 285
119 434
119 645
119 727
119 740
119 787
119 860
119 885
120 148
120 261
120 272
120 425
120 492
120 681
120 835
121 148
121 282
121 582
121 760
121 795
121 942
121 999
122 950
123 189
123 228
123 254
123 313
123 404
123 540
123 732
123 823
123 950
124 152
124 416
124 505
124 744
124 747
125 531
125 537
125 540
125 710
126 737
126 775
126 814
127 254
128 185
128 312
128 475
128 499
128 610
128 668
128 848
129 172
129 180
129 482
129 791
129 865
129 920
130 131
130 300
130 355
130 498
130 724
130 770
130 926
130 993
131 186
131 410
131 461
131 632
132 274
132 308
132 321
132 337
132 431
132 441
132 686
132 798
132 823
133 153
133 234
133 283
133 302
133 382
133 394
133 418
133 467
133 590
133 642
133 643
133 919
133 951
135 317
135 539
135 558
135 733
136 164
136 217
136 280
136 335
136 372
136 383
136 410
136 421
136 716
136 802
136 829
136 861
137 264
137 368
137 387
137 714
137 796
137 899
137 987
137 995
138 153
138 477
138 486
139 298
139 383
139 487
139 691
140 189
140 242
140 697
141 216
141 269
141 371
141 440
141 465
141 520
141 557
141 646
141 717
141 753
141 789
142 336
142 403
142 531
142 736
142 745
142 763
143 165
143 185
143 207
143 254
143 293
143 393
143 461
143 464
143 873
144 507
144 517
145 190
145 198
145 559
145 630
145 696
146 194
146 234
146 237
146 409
146 415
146 422
146 439
146 463
146 487
146 506
147 151
147 199
147 749
147 852
147 853
148 207
148 397
148 841
149 334
149 340
149 409
149 591
150 166
150 285
150 402
150 530
150 995
151 196
151 340
151 662
151 799
151 929
152 157
152 161
152 221
152 235
152 421
152 502
152 761
152 794
153 808
153 870
153 966
154 174
154 608
154 693
155 160
155 189
155 308
155 323
155 654
156 332
156 365
156 717
156 902
156 917
157 180
157 341
157 373
157 600
157 647
157 696
157 798
157 805
157 843
157 852
158 161
158 225
158 255
158 317
158 333
158 701
158 788
158 834
158 854
158 932
158 965
159 222
159 232
159 278
159 472
159 750
159 937
160 290
160 329
160 345
160 453
160 608
160 764
160 876
161 386
162 264
163 635
164 175
164 202
164 250
164 385
165 246
165 267
165 276
166 218
166 302
166 352
166 448
166 565
166 676
166 861
166 985
167 169
167 219
167 240
167 253
167 279
167 833
167 913
168 281
168 372
168 399
168 992
169 436
169 516
170 914
171 326
171 364
171 365
171 439
172 374
172 438
172 457
173 274
173 543
174 404
174 437
174 589
174 686
174 691
174 931
175 211
175 412
175 510
175 513
175 558
175 672
175 704
175 731
175 752
175 916
175 985
175 997
176 341
176 389
176 562
176 612
176 731
176 798
176 984
177 191
177 210
177 237
177 260
177 325
177 355
177 366
177 871
177 884
177 998
178 311
178 745
179 223
179 368
179 582
179 605
179 709
179 829
179 865
179 880
179 934
179 984
180 383
180 724
180 890
181 182
181 197
181 496
182 284
182 611
182 879
182 889
183 331
183 663
184 370
185 587
185 712
185 754
186 453
186 812
186 871
187 256
187 612
187 809
187 813
188 200
188 272
188 305
188 454
188 634
188 669
188 825
188 975
188 997
189 206
189 982
190 479
190 511
190 620
190 683
190 851
190 923
190 963
191 228
192 207
192 212
192 625
193 211
193 229
193 252
193 328
193 612
194 451
194 512
194 560
194 690
195 236
195 378
195 518
195 551
195 660
195 684
195 822
196 839
197 682
198 270
198 500
198 814
199 424
199 637
200 548
200 885
201 232
201 362
201 542
201 620
202 288
202 314
202 857
202 891
203 247
203 453
203 698
203 803
204 358
205 215
205 305
205 310
205 326
205 455
205 480
205 670
205 722
206 243
206 361
206 400
206 469
206 611
206 828
207 365
208 683
208 694
208 713
209 794
209 908
210 313
210 665
211 350
211 446
211 501
211 546
211 947
212 229
212 333
212 339
212 579
212 678
213 424
213 592
213 622
213 783
213 791
213 928
214 469
214 573
214 602
214 684
214 919
214 927
216 253
216 268
216 930
216 977
217 258
217 268
217 360
217 540
217 543
217 564
217 700
218 255
218 417
218 437
218 588
218 648
218 792
219 439
219 682
219 763
219 801
220 230
220 945
221 232
221 654
221 722
221 785
222 309
222 531
223 398
223 529
223 555
224 238
224 348
224 359
224 502
224 705
224 974
227 508
227 550
228 288
228 428
228 520
228 548
228 599
228 685
228 717
228 881
230 321
230 729
230 928
231 362
231 703
231 762
233 243
233 650
234 524
234 697
234 821
235 591
235 616
235 837
236 273
236 320
236 345
236 358
236 488
236 611
236 633
236 660
236 681
236 802
236 826
237 304
237 474
237 574
237 768
237 838
238 574
238 846
239 626
241 413
241 668
241 780
241 829
242 583
243 281
243 306
243 347
243 467
243 830
243 839
243 913
243 972
244 348
244 959
245 755
247 625
247 797
248 293
248 296
248 402
248 429
248 467
248 772
248 793
250 550
251 290
251 715
251 751
252 344
252 401
252 596
252 699
253 270
253 489
253 552
253 664
253 889
253 894
253 926
254 457
254 475
255 320
255 356
255 662
255 851
255 929
255 996
256 287
256 378
256 470
256 496
256 563
256 580
256 608
256 711
256 872
257 274
257 328
257 378
257 390
257 797
258 348
258 395
259 297
259 510
259 538
260 432
261 643
261 664
262 430
262 692
262 947
262 960
263 266
263 507
264 369
264 577
264 601
264 945
266 422
266 716
266 927
267 790
268 572
269 793
271 592
271 777
274 434
274 450
276 357
276 362
276 738
277 405
277 419
277 424
277 433
277 604
278 423
278 565
278 588
279 281
279 316
279 366
279 405
279 666
280 285
280 312
280 322
280 375
280 433
280 786
281 411
281 516
281 859
281 927
282 340
282 845
283 366
284 433
285 435
285 739
285 745
286 734
286 794
287 310
287 350
287 386
287 818
288 387
288 584
288 594
288 729
289 305
289 342
289 392
289 577
289 693
289 832
291 737
291 949
292 892
292 957
294 299
294 544
294 630
294 943
296 327
297 459
299 609
301 316
301 415
301 886
301 992
302 363
303 456
303 661
304 353
304 607
304 814
305 410
305 896
306 609
307 416
307 544
309 452
309 574
309 766
309 808
309 816
309 989
310 417
311 394
311 843
312 480
313 444
313 460
313 522
313 714
314 450
314 525
314 628
314 667
314 858
314 863
315 617
316 334
316 486
316 490
317 401
317 450
317 641
317 812
318 464
318 641
318 655
319 339
320 361
320 382
320 661
320 782
320 917
321 719
321 981
323 380
323 381
323 605
323 649
326 525
326 609
328 337
328 338
328 363
328 455
328 493
328 526
328 527
328 595
328 607
328 610
328 637
328 867
328 975
330 536
330 872
331 518
331 572
331 728
332 670
334 756
334 878
335 353
335 413
335 864
335 963
336 399
336 462
336 497
336 537
336 649
336 776
337 621
339 630
340 754
340 897
341 360
341 384
341 415
341 519
341 530
341 674
341 733
342 740
344 357
344 744
345 440
345 454
345 663
345 746
345 982
346 657
347 858
348 412
348 494
349 443
349 569
350 501
352 766
353 561
353 746
354 575
354 636
354 653
355 523
355 576
355 670
355 806
356 589
357 525
357 719
357 757
357 782
358 437
358 786
358 815
359 449
359 587
360 578
360 996
361 586
362 473
363 375
363 642
363 664
363 977
364 523
364 537
365 793
366 465
366 723
366 795
366 883
367 906
368 376
368 892
368 948
369 381
369 545
369 570
369 597
369 764
371 655
372 653
372 782
373 724
373 937
374 403
374 848
375 846
376 534
377 485
377 513
377 676
378 490
378 505
378 532
378 620
378 687
378 733
378 779
379 456
379 769
379 899
382 488
382 522
382 538
382 679
383 509
383 616
386 536
386 748
388 604
389 728
389 889
390 435
393 448
393 751
393 762
395 551
395 674
395 678
395 715
395 940
397 517
397 528
397 535
397 556
397 626
397 736
397 838
397 877
400 567
400 970
401 963
402 719
402 731
402 836
403 416
403 513
403 803
403 895
404 480
404 521
404 779
405 491
405 770
409 850
410 656
410 706
413 590
413 910
414 882
415 441
415 556
415 576
417 431
419 726
420 466
420 476
420 510
420 654
421 500
421 518
421 669
422 567
422 624
422 700
422 721
422 920
423 568
423 780
424 767
425 463
425 521
425 534
425 619
425 671
425 934
426 932
427 597
428 449
428 459
428 481
428 638
428 818
428 888
429 528
430 434
430 810
432 451
432 481
433 628
434 832
435 618
435 629
435 992
437 817
439 552
439 834
442 946
443 788
443 978
444 514
444 805
444 835
445 645
445 767
446 614
447 549
450 579
450 622
450 783
452 714
452 732
452 827
452 907
453 468
453 617
454 498
454 663
454 869
454 915
455 458
455 485
455 487
455 850
456 921
458 915
460 625
460 639
461 499
461 845
461 952
462 550
463 811
463 958
465 705
466 832
467 520
469 482
469 489
469 603
469 644
469 869
469 970
473 756
474 956
476 833
477 532
477 758
478 595
478 911
483 738
486 636
487 819
488 770
488 967
490 634
490 851
492 964
493 557
493 581
493 702
493 720
493 755
493 875
495 828
497 709
501 801
502 644
503 708
504 553
504 725
504 825
507 933
508 826
509 544
509 675
509 852
509 968
510 566
510 652
510 727
510 843
511 627
512 541
512 586
512 831
515 656
516 957
520 857
520 956
522 594
522 613
522 863
523 666
523 974
524 549
525 955
527 581
527 657
527 908
528 659
529 701
529 757
529 857
533 582
534 621
534 797
536 740
536 785
536 939
537 787
537 940
538 585
538 601
538 853
540 894
541 593
541 775
541 807
544 840
547 563
547 894
547 896
549 660
549 944
550 687
551 863
551 988
552 576
552 783
554 828
555 615
556 626
558 703
558 922
558 993
559 874
561 596
561 686
561 739
561 935
561 991
563 696
566 704
567 697
567 819
567 906
569 956
570 751
571 742
575 589
575 925
576 911
577 695
579 715
582 943
587 760
587 839
587 903
588 897
589 912
592 648
592 881
593 772
593 864
595 622
595 682
595 778
595 812
599 879
599 924
600 610
600 911
602 667
604 787
604 916
607 977
608 638
610 887
610 983
612 831
614 739
614 777
615 709
615 825
617 900
619 883
619 942
620 662
623 678
624 954
626 639
627 937
629 944
632 984
633 743
634 936
635 707
635 718
636 869
636 918
637 713
640 901
645 726
646 675
646 954
649 938
652 854
655 749
656 685
656 822
656 850
657 781
659 958
663 765
668 689
674 796
681 827
681 951
682 725
683 844
683 999
685 800
685 810
687 955
688 720
692 856
693 723
698 868
701 755
702 762
702 983
705 980
707 735
708 921
709 758
709 791
710 838
711 730
711 807
714 846
715 761
716 778
724 816
724 899
727 931
728 820
733 764
733 973
735 985
736 817
736 880
737 874
740 823
742 849
743 901
746 870
746 891
747 987
748 836
748 878
749 830
749 866
753 882
758 962
759 910
760 800
764 945
764 972
765 922
769 969
773 906
776 785
782 818
783 805
785 873
786 936
788 831
794 841
795 947
798 905
800 959
800 982
805 868
805 917
805 961
808 960
810 939
810 953
812 961
823 847
828 893
829 859
830 929
838 905
842 860
842 939
848 907
856 923
856 986
864 944
868 951
868 954
872 978
874 934
875 983
876 886
877 914
883 893
884 978
886 913
890 988
892 964
894 981
900 976
903 948
911 974
912 948
920 970
924 968
928 936
928 988
946 965
949 994
952 961
953 971
966 980
966 995
