0 1
0 2
0 3
0 4
0 5
0 6
0 7
0 9
0 12
0 14
0 16
0 18
0 46
0 50
0 95
0 105
0 134
0 136
0 153
0 155
0 176
0 198
0 199
0 267
0 314
0 328
0 376
0 426
0 429
0 500
0 513
0 516
0 542
0 595
0 603
0 605
0 615
0 630
0 777
0 805
0 820
0 861
0 875
0 895
0 929
0 982
1 2
1 3
1 4
1 5
1 8
1 17
1 22
1 23
1 32
1 35
1 48
1 77
1 84
1 91
1 95
1 113
1 117
1 144
1 147
1 166
1 172
1 179
1 181
1 187
1 226
1 232
1 264
1 268
1 270
1 302
1 388
1 401
1 436
1 452
1 460
1 464
1 517
1 540
1 555
1 562
1 594
1 676
1 696
1 701
1 732
1 752
1 814
1 870
1 874
1 899
1 938
1 945
1 971
2 3
2 4
2 5
2 7
2 10
2 16
2 18
2 20
2 25
2 26
2 29
2 36
2 39
2 42
2 43
2 49
2 61
2 66
2 68
2 75
2 76
2 79
2 83
2 84
2 87
2 110
2 119
2 121
2 130
2 135
2 143
2 154
2 173
2 197
2 211
2 215
2 234
2 257
2 297
2 315
2 324
2 335
2 348
2 372
2 380
2 406
2 428
2 446
2 479
2 499
2 537
2 574
2 592
2 595
2 602
2 604
2 627
2 664
2 668
2 669
2 708
2 709
2 755
2 783
2 842
2 850
2 857
2 897
2 906
2 980
3 9
3 10
3 11
3 14
3 21
3 25
3 34
3 36
3 51
3 54
3 79
3 87
3 148
3 149
3 164
3 177
3 216
3 312
3 340
3 346
3 359
3 382
3 384
3 397
3 433
3 477
3 499
3 530
3 533
3 552
3 565
3 620
3 635
3 652
3 665
3 712
3 724
3 762
3 766
3 816
3 838
3 866
3 918
3 955
3 972
3 981
4 6
4 7
4 13
4 17
4 18
4 19
4 31
4 34
4 35
4 45
4 51
4 54
4 55
4 56
4 59
4 67
4 73
4 80
4 82
4 95
4 113
4 116
4 121
4 125
4 133
4 140
4 141
4 147
4 159
4 160
4 161
4 163
4 166
4 175
4 182
4 187
4 199
4 233
4 244
4 246
4 252
4 266
4 272
4 278
4 284
4 285
4 298
4 308
4 315
4 322
4 324
4 337
4 344
4 345
4 352
4 354
4 358
4 365
4 387
4 400
4 402
4 413
4 421
4 431
4 434
4 438
4 447
4 455
4 456
4 478
4 486
4 492
4 501
4 508
4 510
4 522
4 523
4 537
4 541
4 543
4 550
4 591
4 614
4 665
4 671
4 678
4 707
4 715
4 726
4 737
4 743
4 756
4 776
4 808
4 814
4 819
4 835
4 849
4 850
4 868
4 906
4 919
4 923
4 975
4 977
5 6
5 8
5 13
5 16
5 20
5 21
5 22
5 24
5 28
5 40
5 59
5 62
5 75
5 81
5 93
5 101
5 106
5 110
5 151
5 161
5 174
5 191
5 207
5 219
5 252
5 421
5 442
5 460
5 468
5 484
5 546
5 728
5 829
5 832
5 843
5 917
5 950
6 8
6 12
6 14
6 29
6 31
6 38
6 46
6 74
6 77
6 119
6 127
6 130
6 137
6 224
6 237
6 257
6 371
6 375
6 414
6 501
6 511
6 512
6 520
6 548
6 553
6 575
6 588
6 601
6 640
6 672
6 841
6 918
7 10
7 11
7 12
7 19
7 22
7 33
7 34
7 37
7 40
7 41
7 43
7 50
7 53
7 71
7 73
7 75
7 88
7 89
7 90
7 99
7 100
7 102
7 116
7 123
7 129
7 132
7 134
7 153
7 192
7 203
7 219
7 239
7 250
7 253
7 280
7 296
7 354
7 370
7 394
7 401
7 416
7 436
7 447
7 459
7 485
7 491
7 496
7 591
7 606
7 650
7 660
7 669
7 718
7 722
7 749
7 774
7 809
7 818
7 824
7 848
7 849
7 856
7 913
7 947
7 963
7 975
7 984
8 9
8 11
8 13
8 42
8 52
8 59
8 65
8 66
8 68
8 80
8 81
8 93
8 96
8 139
8 185
8 228
8 238
8 262
8 300
8 320
8 327
8 405
8 407
8 468
8 494
8 557
8 563
8 574
8 760
8 867
8 933
8 989
9 23
9 44
9 58
9 98
9 105
9 118
9 122
9 128
9 251
9 256
9 280
9 320
9 403
9 430
9 527
9 677
9 791
9 807
9 837
10 15
10 17
10 27
10 32
10 40
10 56
10 57
10 60
10 66
10 69
10 82
10 137
10 175
10 197
10 207
10 220
10 226
10 227
10 253
10 259
10 289
10 302
10 338
10 347
10 363
10 365
10 378
10 381
10 384
10 397
10 412
10 434
10 455
10 469
10 506
10 528
10 535
10 552
10 586
10 597
10 690
10 805
10 838
10 869
11 15
11 30
11 47
11 64
11 65
11 69
11 72
11 106
11 155
11 160
11 162
11 167
11 168
11 190
11 195
11 204
11 222
11 260
11 280
11 374
11 381
11 391
11 408
11 534
11 582
11 659
11 790
11 813
11 833
11 851
11 871
11 896
11 907
11 968
11 972
11 976
12 15
12 19
12 20
12 24
12 28
12 44
12 64
12 87
12 98
12 109
12 116
12 208
12 419
12 510
12 530
12 656
12 660
12 727
12 804
13 25
13 28
13 52
13 114
13 150
13 168
13 193
13 213
13 248
13 296
13 331
13 332
13 333
13 408
13 572
13 605
13 608
13 640
13 651
14 23
14 36
14 57
14 72
14 83
14 153
14 196
14 199
14 206
14 266
14 307
14 308
14 419
14 462
14 472
14 571
14 613
14 694
14 898
15 27
15 29
15 74
15 76
15 159
15 186
15 198
15 208
15 240
15 258
15 295
15 454
15 485
15 489
15 568
15 589
15 606
15 687
15 778
15 860
15 887
15 940
16 27
16 30
16 33
16 48
16 52
16 56
16 65
16 78
16 85
16 93
16 97
16 112
16 123
16 136
16 142
16 193
16 217
16 222
16 226
16 229
16 230
16 231
16 264
16 266
16 271
16 282
16 285
16 341
16 372
16 404
16 469
16 488
16 492
16 495
16 510
16 550
16 622
16 626
16 643
16 668
16 692
16 740
16 764
16 806
16 841
16 866
16 882
16 942
16 995
17 21
17 32
17 67
17 77
17 88
17 121
17 130
17 155
17 183
17 229
17 235
17 242
17 275
17 384
17 396
17 433
17 439
17 473
17 501
17 542
17 615
17 621
17 646
17 664
17 711
17 784
17 797
18 24
18 30
18 53
18 60
18 74
18 91
18 102
18 112
18 136
18 166
18 185
18 213
18 225
18 254
18 265
18 291
18 295
18 316
18 399
18 461
18 463
18 490
18 503
18 519
18 561
18 566
18 596
18 617
18 659
18 666
18 686
18 822
18 895
18 903
18 919
18 956
18 969
18 993
19 33
19 39
19 42
19 105
19 107
19 138
19 157
19 225
19 249
19 265
19 278
19 303
19 309
19 338
19 373
19 415
19 454
19 489
19 493
19 514
19 557
19 558
19 599
19 618
19 683
19 745
19 751
19 825
19 846
19 905
19 943
20 92
20 311
20 317
20 374
20 551
20 584
20 700
20 717
20 763
20 765
20 865
20 874
21 54
21 79
21 114
21 178
21 288
21 316
21 387
21 398
21 443
21 519
21 688
21 704
21 903
21 993
22 35
22 37
22 41
22 47
22 78
22 90
22 94
22 120
22 164
22 169
22 170
22 182
22 194
22 210
22 261
22 330
22 377
22 437
22 512
22 779
22 781
23 26
23 38
23 48
23 57
23 60
23 63
23 76
23 107
23 126
23 131
23 133
23 161
23 170
23 173
23 225
23 233
23 262
23 305
23 308
23 389
23 437
23 438
23 467
23 529
23 535
23 592
23 637
23 713
23 757
23 789
23 915
23 978
23 989
24 38
24 133
24 176
24 235
24 272
24 312
24 349
24 375
24 406
24 465
24 481
24 644
24 741
25 26
25 37
25 44
25 45
25 360
25 486
25 543
25 555
25 649
25 667
25 702
25 896
26 31
26 47
26 124
26 157
26 214
26 223
26 237
26 287
26 350
26 444
26 566
26 628
26 639
26 727
26 933
27 92
27 120
27 189
27 252
27 307
27 327
28 72
28 148
28 157
28 305
28 468
28 610
28 750
28 797
28 813
28 921
29 45
29 49
29 68
29 99
29 140
29 144
29 149
29 179
29 322
29 523
29 540
29 553
29 597
29 630
29 702
29 719
29 784
29 840
29 893
29 996
30 51
30 58
30 70
30 86
30 117
30 146
30 223
30 229
30 278
30 325
30 403
30 420
30 481
30 507
30 576
30 614
30 639
30 656
30 701
31 109
31 151
31 195
31 294
31 446
31 493
31 573
31 590
31 873
31 909
31 954
32 137
32 221
32 336
32 411
32 706
32 800
33 81
33 96
33 99
33 110
33 122
33 125
33 277
33 325
33 373
33 432
33 476
33 661
33 861
34 64
34 159
34 207
34 290
34 456
34 466
34 637
34 669
34 726
34 750
34 796
35 39
35 43
35 89
35 90
35 98
35 101
35 154
35 178
35 201
35 321
35 330
35 333
35 362
35 366
35 420
35 428
35 431
35 641
35 659
35 687
35 736
35 801
36 50
36 63
36 145
36 147
36 156
36 163
36 294
36 388
36 709
36 717
36 767
36 801
36 880
36 947
37 41
37 61
37 96
37 132
37 141
37 158
37 335
37 415
37 584
37 667
37 878
37 930
37 932
37 964
38 192
38 381
38 781
39 202
39 470
40 94
40 567
41 146
41 158
41 181
41 201
41 359
41 456
41 478
41 623
41 929
41 949
41 951
42 53
42 61
42 80
42 86
42 378
42 422
42 424
42 559
42 654
42 707
43 55
43 91
43 103
43 184
43 304
43 959
43 994
44 46
44 63
44 67
44 70
44 118
44 139
44 177
44 339
44 494
44 527
44 531
44 714
44 891
45 156
45 249
45 400
45 973
46 162
46 247
46 410
46 443
46 450
46 451
46 569
46 632
46 857
46 995
47 49
47 78
47 111
47 143
47 160
47 209
47 318
47 689
47 864
48 71
48 154
48 327
48 332
48 745
49 100
49 163
49 196
49 208
49 298
49 460
49 817
50 171
50 186
50 191
50 238
50 364
50 435
50 525
50 567
50 893
51 62
51 146
51 183
51 235
51 259
51 339
51 378
51 383
51 522
51 541
51 580
51 663
51 684
51 685
51 706
51 754
51 799
51 842
52 55
52 58
52 70
52 73
52 218
52 245
52 364
52 411
52 444
52 483
52 549
52 622
52 632
52 678
52 688
52 748
52 767
52 803
52 844
52 898
53 138
53 205
53 231
53 314
53 321
53 554
53 638
53 648
53 663
53 922
53 960
53 999
54 92
54 247
54 356
54 411
54 537
54 657
54 694
54 728
54 986
55 275
55 483
55 649
56 164
56 255
56 418
56 550
56 665
56 808
56 987
56 991
57 62
57 115
57 169
57 187
57 340
57 385
58 191
58 223
58 244
59 69
59 279
59 292
59 294
59 453
59 458
59 570
59 644
59 839
59 939
59 940
60 123
60 180
60 195
60 196
60 397
60 807
61 107
61 261
61 271
61 410
61 445
61 517
62 104
62 124
62 150
62 251
62 321
62 402
62 622
62 804
62 911
63 134
63 204
63 243
63 296
63 461
63 513
63 524
63 561
63 794
63 970
64 89
64 114
64 145
64 158
64 167
64 200
64 221
64 224
64 336
64 357
64 367
64 389
64 507
64 607
64 619
64 719
64 735
64 950
64 980
65 85
65 101
65 109
65 111
65 165
65 170
65 186
65 271
65 426
65 473
65 474
65 531
65 871
65 925
66 85
66 97
66 129
66 282
66 297
66 342
66 360
66 383
66 462
66 627
66 678
66 739
66 759
66 762
66 920
66 952
67 106
67 188
67 284
67 447
67 512
67 567
67 577
67 740
68 71
68 100
68 188
68 245
68 490
68 511
68 703
69 83
69 203
69 436
69 463
69 487
69 671
69 824
69 941
69 946
70 291
70 390
70 402
71 174
71 728
72 119
72 120
72 128
72 202
72 215
72 342
72 395
72 590
72 697
73 131
73 185
73 423
73 478
73 569
73 760
73 793
73 795
73 910
74 84
74 152
74 561
74 610
75 126
77 135
77 360
77 594
77 684
77 831
78 148
78 174
78 178
78 484
78 599
78 654
78 655
78 742
78 852
78 996
79 97
79 117
79 140
79 171
79 250
79 393
79 449
79 467
79 497
79 623
79 736
79 747
79 823
80 82
80 122
80 241
80 286
80 475
80 495
80 518
80 829
81 171
81 992
82 237
82 333
82 645
82 655
82 899
83 323
83 474
83 476
83 513
83 662
83 816
83 984
84 142
84 771
84 945
85 86
85 88
85 104
85 118
85 300
85 521
85 652
85 749
86 94
86 256
86 262
86 268
86 293
86 353
86 438
86 530
86 673
86 758
86 889
87 251
87 329
87 386
87 585
87 809
87 854
88 203
88 206
88 211
88 243
88 349
88 404
88 496
88 525
88 741
88 847
88 858
88 946
89 102
89 194
89 343
89 452
89 549
89 680
90 214
90 293
90 451
90 570
90 575
90 692
91 112
91 222
91 363
91 379
91 427
91 435
91 551
91 620
91 673
91 765
91 937
92 152
92 212
92 283
92 292
92 299
92 358
92 504
92 676
92 723
92 759
92 780
92 826
92 875
92 944
92 969
93 176
93 232
93 269
93 358
93 691
93 784
93 859
93 901
94 113
94 115
94 217
94 361
94 409
94 639
94 867
94 946
94 958
95 103
95 150
95 168
95 247
95 347
95 617
95 624
95 885
95 913
95 952
95 958
96 124
96 135
96 350
96 351
96 392
96 420
96 422
96 504
96 539
96 726
96 821
96 938
97 111
97 142
97 579
97 763
97 928
98 104
98 108
98 131
98 149
98 193
98 212
98 238
98 589
98 792
98 865
98 996
99 151
99 455
99 747
99 884
100 108
100 179
100 218
100 246
100 255
100 263
100 287
100 395
100 536
100 810
100 952
101 167
101 216
101 313
101 395
101 553
101 636
101 774
101 791
101 858
101 904
102 103
102 125
102 194
102 396
103 108
103 244
104 141
104 143
104 336
104 490
104 652
104 775
104 839
105 152
105 309
105 326
105 341
106 115
106 139
106 201
106 210
106 212
106 304
106 430
106 629
106 731
106 834
106 841
106 908
107 132
107 231
108 127
108 526
109 224
110 416
110 680
111 844
112 205
112 437
113 736
113 758
113 827
114 129
115 156
115 239
115 306
115 318
115 322
115 343
115 346
115 392
115 463
115 558
115 577
115 635
115 647
115 655
115 783
115 846
115 888
115 933
116 220
116 243
116 270
116 679
116 729
117 380
117 396
117 723
117 739
117 770
117 772
117 947
118 414
118 482
119 128
119 240
119 241
119 248
119 350
119 520
119 613
119 748
119 832
119 891
119 953
120 126
120 189
120 313
120 425
120 519
120 671
120 773
120 862
120 876
120 885
121 182
121 341
121 364
121 604
121 695
122 172
122 234
122 443
122 514
123 404
123 408
123 414
123 474
123 498
123 619
123 621
123 897
123 934
124 145
124 615
124 686
124 842
125 127
125 165
125 215
125 259
125 273
125 457
125 540
125 612
125 812
126 319
126 418
126 532
126 547
126 912
126 985
127 872
127 956
128 227
128 386
128 932
129 764
129 881
130 241
130 457
130 677
130 711
130 725
130 894
131 331
131 527
131 824
131 845
132 220
132 521
133 138
133 162
133 177
133 211
133 258
133 706
133 783
134 183
134 340
134 451
134 716
135 879
136 190
136 202
136 257
136 281
136 326
136 413
136 480
136 822
136 832
136 937
136 949
137 165
137 245
137 331
137 344
137 355
137 373
137 429
137 641
137 658
137 661
137 777
138 230
138 256
138 282
138 363
138 417
138 498
138 723
139 144
139 172
139 180
139 268
139 515
139 826
139 910
140 216
141 445
142 169
142 189
142 205
142 362
142 488
142 505
142 693
142 710
142 771
142 772
142 916
143 290
143 304
144 277
145 173
145 219
145 600
145 633
146 255
146 370
146 926
147 184
147 330
147 464
147 774
147 932
148 213
148 250
148 281
148 289
148 319
148 353
148 403
148 466
148 776
148 830
148 852
148 927
148 983
149 204
149 258
149 346
149 405
149 538
149 544
149 564
149 642
149 762
150 424
150 974
151 188
151 200
151 338
151 398
151 529
151 742
151 855
151 877
152 197
152 377
152 391
152 721
152 872
152 962
152 979
153 232
153 254
153 329
153 556
153 795
154 498
155 587
155 674
155 800
155 907
156 239
156 337
156 401
156 580
156 712
156 737
156 808
156 870
156 916
156 984
157 305
157 507
158 811
158 904
159 526
159 646
160 184
160 624
160 991
161 699
162 192
162 227
162 374
162 618
163 354
163 509
163 716
163 828
163 831
163 836
163 892
163 908
164 210
164 228
164 289
164 427
164 766
164 810
164 840
165 538
165 600
165 732
166 175
166 206
166 269
166 471
166 502
166 508
166 560
166 705
166 874
166 957
167 181
167 284
168 301
168 382
168 691
169 431
169 484
169 504
169 588
169 601
169 794
170 190
170 242
170 299
170 301
170 574
170 654
170 807
171 743
172 180
172 645
172 751
174 265
174 299
174 412
174 526
174 568
174 675
174 785
174 976
175 585
176 228
176 323
176 409
176 467
176 664
176 732
177 283
177 313
177 560
177 715
178 200
178 214
178 230
178 233
178 413
178 497
178 522
178 548
178 596
178 625
178 731
178 786
179 274
179 441
179 554
179 628
179 850
180 993
182 209
182 217
182 253
182 319
182 368
182 382
182 636
182 801
182 884
182 898
182 986
183 209
183 586
183 593
183 608
183 693
183 840
183 934
184 236
184 616
185 263
185 290
185 368
185 531
186 198
186 328
186 371
186 458
188 355
188 369
188 427
188 700
188 715
189 236
189 248
189 543
189 546
189 587
189 963
191 326
191 604
191 682
191 901
192 353
192 828
192 863
192 918
193 267
193 275
193 303
193 320
193 620
193 750
193 834
194 218
194 240
194 285
194 302
194 311
194 357
194 487
194 699
194 994
195 306
195 449
195 602
196 317
196 369
196 430
196 506
196 608
196 753
196 785
196 860
196 990
197 714
197 815
198 328
198 385
198 554
198 754
198 787
198 924
199 367
199 585
199 734
200 274
200 428
200 845
200 900
201 246
201 348
203 274
203 698
204 544
205 281
205 394
205 559
205 606
205 754
206 263
206 272
206 279
206 349
206 466
206 886
207 286
207 357
207 424
207 515
207 668
207 722
207 942
208 376
210 295
210 846
210 859
210 875
210 968
211 348
212 267
212 770
213 279
213 300
213 351
213 390
213 439
213 471
213 472
213 528
213 653
213 681
213 769
213 873
213 982
214 221
214 323
214 914
215 310
215 351
215 423
215 548
216 242
216 435
216 475
217 236
217 310
217 600
217 621
218 234
218 496
218 545
218 642
218 796
220 607
221 276
221 303
221 891
222 399
223 472
223 658
223 694
224 362
224 454
225 317
225 556
225 747
225 790
226 966
227 523
228 283
228 329
228 815
228 967
229 249
229 260
229 276
229 292
229 309
229 379
229 634
229 651
229 686
229 936
229 976
230 721
230 977
231 269
231 716
232 662
232 968
233 925
234 291
235 260
235 270
235 494
235 536
235 560
235 614
235 653
236 261
237 286
237 318
237 489
237 493
237 578
237 633
239 786
240 344
240 485
240 612
240 698
240 889
241 293
241 369
241 825
241 934
242 254
242 264
242 287
242 744
242 836
243 352
243 418
243 772
244 440
244 591
244 802
244 930
245 273
245 311
245 335
245 412
245 803
246 502
246 683
246 725
246 819
247 301
247 334
247 470
247 505
248 273
248 276
248 288
248 407
248 792
248 798
248 912
248 966
249 416
249 425
250 477
250 573
250 930
250 998
251 312
251 643
251 823
252 343
252 355
252 372
252 491
252 587
252 610
252 944
253 307
253 356
253 670
253 675
254 297
254 487
255 277
255 393
255 722
256 509
256 741
256 887
256 914
257 506
258 367
258 923
260 802
261 571
262 337
262 714
263 314
263 365
263 449
263 477
263 648
263 703
263 745
263 795
265 488
265 626
265 787
266 533
266 645
266 928
266 998
267 521
268 315
268 370
268 481
268 579
268 674
268 695
269 768
271 324
271 345
272 524
272 663
272 721
272 838
272 935
273 789
274 368
274 515
274 532
274 713
274 720
274 791
274 881
274 936
277 831
278 641
278 735
278 919
280 464
282 288
282 306
282 446
282 662
282 756
282 805
282 937
283 720
283 897
283 926
283 987
283 997
284 482
284 975
285 407
285 563
285 892
286 347
286 765
286 766
287 345
288 563
288 835
289 821
289 913
290 310
290 782
290 938
291 376
291 429
291 544
291 557
291 638
291 658
292 298
293 356
293 432
293 479
293 578
293 704
293 990
294 495
294 696
296 389
297 462
298 386
298 767
299 422
299 448
299 525
299 798
299 821
299 867
300 492
300 611
300 690
300 837
301 332
302 361
303 392
303 609
303 631
303 712
303 825
304 576
304 598
304 962
305 361
305 417
305 465
305 642
305 713
306 939
306 992
307 334
307 935
308 423
308 453
308 768
308 872
308 956
309 882
309 973
310 502
310 538
310 817
310 896
310 907
311 442
312 459
312 598
313 316
313 359
313 445
313 470
313 811
316 551
316 601
317 559
317 685
317 742
317 901
317 971
318 761
318 910
319 325
319 334
319 419
320 388
321 406
321 457
323 434
326 366
329 339
329 383
329 564
329 584
329 633
330 379
330 391
330 440
330 564
330 568
330 627
330 648
330 660
330 705
330 759
330 920
331 442
332 499
332 651
332 675
332 812
332 847
333 385
333 399
333 432
333 497
333 816
335 565
335 623
336 342
337 441
337 793
337 931
338 415
338 482
338 596
338 989
339 409
339 583
339 689
340 469
340 535
340 681
340 699
341 479
342 900
343 352
343 500
343 971
345 812
346 657
347 789
347 966
348 656
350 371
350 629
350 926
352 439
353 970
354 629
354 661
354 707
356 459
357 764
360 775
361 635
361 733
361 830
362 387
362 892
363 692
364 366
364 377
364 433
364 452
364 570
364 597
364 738
364 760
364 773
364 782
364 790
364 848
364 943
364 965
366 520
366 532
366 581
366 883
367 375
367 394
367 453
367 518
367 871
371 720
372 390
372 448
372 572
372 626
372 848
373 380
373 565
373 566
375 400
375 631
375 769
376 405
376 748
377 547
378 647
378 839
378 902
379 448
379 573
379 602
379 708
379 729
379 756
380 682
382 398
382 834
382 878
382 890
383 545
383 630
383 650
384 702
384 705
384 797
384 829
385 546
385 670
386 393
387 730
389 541
389 697
389 698
389 802
389 888
389 999
390 689
390 983
390 987
391 844
391 853
392 516
392 549
392 618
393 579
393 967
394 533
396 509
397 410
397 473
397 562
397 612
397 687
397 970
398 461
398 751
398 906
398 924
399 425
399 571
399 862
400 605
400 813
401 426
401 518
401 581
402 746
403 593
403 881
403 895
404 558
404 730
404 854
404 865
405 609
405 677
406 680
407 778
408 710
409 640
409 830
410 536
410 888
411 441
411 582
411 681
411 911
412 475
413 417
413 562
414 711
416 476
417 638
417 877
418 500
418 505
418 599
419 917
420 421
420 735
420 743
420 912
421 440
421 988
422 592
422 595
422 634
425 450
425 514
425 773
426 588
428 583
430 616
432 999
433 511
433 757
433 775
434 483
434 556
435 603
436 528
436 869
436 940
437 761
438 450
438 458
438 619
440 985
443 444
443 471
443 503
443 856
443 979
444 491
444 517
444 649
446 583
447 855
448 862
450 628
452 465
452 480
452 503
452 637
452 879
453 593
453 858
453 962
454 701
455 636
456 508
456 572
456 997
459 555
459 959
460 667
460 691
460 815
460 900
460 985
462 737
462 814
465 769
466 624
466 803
467 873
467 884
467 957
468 516
468 539
468 611
468 666
468 700
470 755
472 480
472 718
473 539
473 672
475 931
475 948
478 607
481 524
482 749
483 644
483 724
483 967
484 486
485 798
487 684
487 981
488 547
488 909
489 734
490 980
492 823
493 868
494 534
495 529
495 670
495 695
497 818
498 905
498 954
500 575
501 776
501 908
502 577
502 941
503 730
503 853
504 643
504 768
505 581
506 820
506 948
507 990
509 757
509 890
509 915
511 729
512 674
512 719
512 880
514 733
515 586
515 835
516 647
518 594
518 709
518 724
520 954
522 545
522 693
522 899
523 534
527 569
527 793
528 542
528 666
528 883
529 576
530 794
532 683
536 883
536 903
537 704
538 552
539 609
539 617
539 957
541 963
542 590
543 885
544 679
544 959
547 613
547 650
550 755
551 679
551 785
552 598
552 914
554 580
554 953
555 746
557 894
558 578
559 879
561 960
562 788
562 851
562 863
562 921
564 849
565 763
566 582
566 819
567 964
569 589
569 603
570 943
570 961
571 616
572 625
572 781
572 788
572 894
573 731
573 733
575 860
578 779
579 753
579 822
579 961
579 979
581 690
583 611
584 708
591 942
595 777
599 780
599 886
600 916
601 944
603 685
604 804
604 817
605 634
608 982
609 870
611 657
611 890
611 902
615 653
615 827
616 758
617 625
617 876
619 855
620 828
621 631
621 697
623 632
623 827
623 837
623 904
626 878
627 861
628 734
628 941
629 673
629 833
630 780
632 978
633 833
635 646
637 746
637 771
639 682
639 727
639 988
642 688
642 738
642 853
642 986
644 718
645 740
645 880
645 925
648 843
649 843
654 676
654 782
654 811
655 974
656 911
657 744
658 948
661 672
661 818
664 779
665 806
665 958
666 696
671 905
672 725
672 877
672 997
675 717
675 744
675 787
678 886
679 978
682 710
682 778
683 845
686 792
686 847
686 935
686 965
688 836
690 738
692 969
693 917
693 995
698 920
699 868
700 703
700 799
705 953
707 882
709 927
714 761
717 739
718 753
718 887
718 931
720 863
720 994
721 788
722 752
723 965
724 921
727 752
727 857
729 893
730 770
730 809
737 955
740 864
743 961
745 799
747 786
747 806
753 796
765 929
770 820
770 856
779 854
783 988
784 810
786 955
787 866
787 973
788 851
790 981
794 800
795 922
795 974
798 972
799 924
801 902
805 922
807 991
808 859
814 826
822 852
826 876
826 915
829 950
836 864
846 928
848 869
848 927
855 960
860 949
864 964
872 945
874 951
876 909
882 936
885 983
886 889
896 992
900 951
903 977
912 939
915 923
978 998
