0 1
0 2
0 3
0 4
0 6
0 7
0 9
0 16
0 20
0 22
0 33
0 34
0 35
0 43
0 44
0 47
0 52
0 60
0 61
0 75
0 85
0 89
0 92
0 108
0 112
0 113
0 123
0 132
0 147
0 153
0 161
0 170
0 194
0 202
0 229
0 255
0 260
0 273
0 279
0 280
0 281
0 288
0 299
0 311
0 330
0 374
0 392
0 395
0 404
0 437
0 471
0 496
0 608
0 622
0 629
0 635
0 649
0 656
0 680
0 684
0 713
0 736
0 742
0 759
0 799
0 806
0 831
0 870
0 885
0 891
0 961
1 2
1 3
1 4
1 5
1 6
1 7
1 8
1 10
1 11
1 12
1 15
1 16
1 17
1 28
1 29
1 32
1 42
1 56
1 58
1 60
1 76
1 88
1 96
1 97
1 103
1 105
1 107
1 112
1 130
1 154
1 156
1 163
1 181
1 182
1 185
1 186
1 189
1 196
1 199
1 204
1 205
1 213
1 215
1 229
1 230
1 244
1 250
1 258
1 269
1 301
1 333
1 344
1 387
1 396
1 400
1 439
1 462
1 475
1 516
1 525
1 530
1 531
1 534
1 551
1 562
1 567
1 598
1 605
1 609
1 620
1 634
1 660
1 665
1 678
1 685
1 696
1 702
1 769
1 786
1 790
1 795
1 837
1 853
1 873
1 888
1 896
1 904
1 905
1 911
1 917
1 918
1 986
2 3
2 4
2 5
2 6
2 13
2 18
2 19
2 32
2 38
2 40
2 57
2 83
2 94
2 99
2 115
2 149
2 158
2 192
2 211
2 261
2 265
2 266
2 285
2 291
2 333
2 378
2 416
2 474
2 548
2 563
2 607
2 710
2 811
2 828
2 937
2 994
2 996
2 999
3 7
3 12
3 13
3 23
3 30
3 35
3 65
3 78
3 84
3 103
3 127
3 135
3 155
3 177
3 214
3 221
3 236
3 240
3 249
3 275
3 278
3 303
3 321
3 329
3 339
3 347
3 374
3 378
3 383
3 413
3 500
3 520
3 522
3 526
3 558
3 618
3 633
3 641
3 643
3 746
3 805
3 939
4 5
4 12
4 16
4 18
4 19
4 21
4 24
4 26
4 33
4 37
4 38
4 39
4 45
4 47
4 55
4 57
4 61
4 73
4 92
4 102
4 106
4 114
4 124
4 126
4 143
4 153
4 166
4 173
4 180
4 184
4 208
4 211
4 225
4 233
4 247
4 254
4 255
4 262
4 266
4 269
4 288
4 293
4 314
4 356
4 401
4 403
4 408
4 433
4 435
4 456
4 481
4 488
4 503
4 538
4 545
4 566
4 581
4 619
4 652
4 732
4 750
4 764
4 817
4 820
4 827
4 828
4 834
4 846
4 854
4 885
4 886
4 914
4 941
4 974
4 979
5 10
5 14
5 23
5 28
5 29
5 34
5 39
5 45
5 81
5 84
5 94
5 111
5 116
5 121
5 123
5 142
5 143
5 170
5 217
5 238
5 248
5 294
5 308
5 375
5 379
5 444
5 485
5 512
5 592
5 642
5 648
5 654
5 722
5 862
5 865
5 996
6 8
6 9
6 10
6 11
6 13
6 18
6 20
6 22
6 25
6 31
6 37
6 46
6 48
6 52
6 56
6 59
6 62
6 65
6 100
6 103
6 116
6 144
6 145
6 190
6 207
6 208
6 216
6 253
6 256
6 330
6 338
6 347
6 364
6 381
6 406
6 414
6 455
6 484
6 494
6 532
6 553
6 558
6 568
6 585
6 601
6 620
6 642
6 657
6 686
6 700
6 713
6 714
6 733
6 738
6 760
6 798
6 799
6 809
6 814
6 865
6 884
6 970
6 981
6 983
6 984
6 996
7 8
7 9
7 11
7 14
7 15
7 25
7 26
7 27
7 29
7 43
7 52
7 58
7 78
7 81
7 82
7 108
7 134
7 137
7 212
7 237
7 274
7 280
7 284
7 306
7 315
7 334
7 383
7 436
7 465
7 526
7 574
7 686
7 730
7 758
7 771
7 840
7 919
7 934
7 967
8 14
8 21
8 36
8 106
8 231
8 245
8 389
8 445
8 519
8 549
8 584
8 646
8 706
8 716
8 812
9 15
9 32
9 94
9 102
9 138
9 206
9 260
9 282
9 343
9 402
9 411
9 524
9 650
9 693
9 746
9 852
9 955
9 975
10 76
10 95
10 139
10 161
10 218
10 220
10 222
10 231
10 283
10 372
10 466
10 521
10 542
10 591
10 599
10 758
10 969
11 21
11 22
11 34
11 41
11 44
11 47
11 50
11 71
11 73
11 85
11 88
11 95
11 101
11 118
11 124
11 137
11 164
11 179
11 195
11 227
11 255
11 257
11 268
11 270
11 277
11 281
11 309
11 314
11 315
11 347
11 348
11 394
11 403
11 423
11 430
11 443
11 470
11 473
11 512
11 641
11 671
11 696
11 729
11 782
11 808
12 20
12 26
12 31
12 36
12 37
12 45
12 48
12 56
12 58
12 62
12 63
12 64
12 75
12 88
12 93
12 104
12 109
12 132
12 165
12 188
12 207
12 221
12 245
12 249
12 273
12 284
12 288
12 305
12 324
12 349
12 405
12 501
12 556
12 593
12 605
12 625
12 627
12 635
12 659
12 677
12 752
12 901
12 928
12 948
12 985
13 17
13 28
13 46
13 51
13 63
13 66
13 71
13 79
13 130
13 131
13 159
13 161
13 212
13 239
13 252
13 275
13 276
13 295
13 312
13 335
13 373
13 375
13 380
13 408
13 432
13 440
13 514
13 533
13 567
13 571
13 604
13 612
13 613
13 637
13 705
13 726
13 764
13 786
13 817
13 849
13 852
13 871
13 884
13 915
13 922
13 974
14 59
14 98
14 143
14 176
14 189
14 228
14 290
14 338
14 411
14 421
14 452
14 493
14 511
14 651
14 672
14 674
14 675
14 688
15 17
15 19
15 24
15 31
15 40
15 49
15 64
15 76
15 86
15 100
15 110
15 149
15 153
15 175
15 251
15 276
15 315
15 333
15 459
15 490
15 506
15 570
15 659
15 681
15 712
15 717
15 758
15 802
16 30
16 42
16 77
16 79
16 89
16 149
16 151
16 164
16 176
16 198
16 278
16 319
16 429
16 513
16 564
16 571
16 631
16 650
16 690
16 705
16 734
16 778
16 792
16 874
16 905
17 67
17 80
17 220
17 238
17 369
17 466
17 491
17 792
18 50
18 98
18 148
18 151
18 212
18 259
18 625
18 768
18 879
18 914
19 27
19 30
19 38
19 41
19 69
19 82
19 105
19 179
19 183
19 252
19 271
19 297
19 326
19 424
19 542
19 662
19 819
19 850
19 925
20 35
20 44
20 82
20 128
20 196
20 224
20 299
20 385
20 576
20 578
20 669
21 55
21 66
21 80
21 87
21 127
21 365
21 490
21 654
22 23
22 24
22 42
22 193
22 664
22 795
22 825
22 858
23 27
23 43
23 104
23 114
23 171
23 246
23 300
23 313
23 407
23 444
23 454
23 468
23 633
23 661
23 704
23 860
23 862
23 909
24 25
24 355
24 612
24 935
25 39
25 123
25 205
25 233
25 287
25 297
25 304
25 395
25 399
25 468
25 581
25 722
25 787
25 858
25 946
26 72
26 73
26 166
26 214
26 221
26 442
26 619
26 632
26 820
26 846
27 33
27 36
27 40
27 41
27 69
27 77
27 90
27 100
27 138
27 152
27 199
27 206
27 241
27 267
27 296
27 304
27 341
27 368
27 369
27 382
27 432
27 449
27 473
27 595
27 600
27 632
27 669
27 687
27 731
27 786
27 790
27 806
27 953
28 48
28 63
28 84
28 234
28 298
28 527
28 562
28 572
28 792
29 864
30 86
30 87
30 463
30 515
31 89
31 146
31 203
31 273
31 386
31 412
31 499
31 609
31 688
31 906
31 924
32 113
32 145
32 277
32 280
32 555
32 809
32 857
33 60
33 91
33 164
33 195
34 169
34 317
34 517
35 67
35 292
35 338
35 343
35 524
36 50
36 54
36 99
36 125
36 127
36 309
36 327
36 328
36 353
36 399
36 407
36 481
36 482
36 725
36 908
36 909
37 51
37 54
37 74
37 78
37 80
37 104
37 125
37 187
37 209
37 310
37 420
37 450
37 683
37 793
37 825
37 841
38 91
38 101
38 109
38 134
38 187
38 193
38 209
38 217
38 241
38 247
38 250
38 303
38 350
38 370
38 374
38 388
38 457
38 517
38 731
38 767
38 866
39 122
39 197
39 199
39 381
39 926
40 53
40 70
40 133
40 174
40 279
40 285
40 297
40 387
40 399
40 451
40 483
40 492
40 546
40 589
40 741
40 785
40 829
40 866
40 878
40 896
40 897
40 957
40 972
41 49
41 166
41 189
41 257
41 264
41 363
41 579
41 580
41 735
42 53
42 458
42 626
42 866
43 46
43 59
43 72
43 98
43 99
43 102
43 178
43 204
43 392
43 502
43 568
43 648
43 667
43 707
43 717
43 754
44 49
44 51
44 70
44 133
44 178
44 258
44 289
44 447
44 452
44 467
44 502
45 68
45 71
45 74
45 119
45 124
45 129
45 131
45 144
45 172
45 192
45 195
45 235
45 268
45 290
45 331
45 421
45 500
45 508
45 543
45 555
45 573
45 650
45 782
45 791
45 797
46 53
46 75
46 87
46 538
46 945
47 54
47 130
47 134
47 141
47 200
47 231
47 274
47 328
47 390
47 537
47 642
47 703
47 887
47 892
47 898
47 907
47 922
47 927
47 951
48 57
48 61
48 70
48 92
48 107
48 169
48 202
48 206
48 208
48 263
48 472
48 611
48 740
48 767
48 807
48 837
48 895
48 965
49 167
49 223
49 242
49 583
49 853
50 67
50 74
50 422
50 438
50 511
50 715
50 801
51 77
51 93
51 117
51 120
51 132
51 147
51 174
51 232
51 235
51 334
51 639
51 823
51 843
51 910
52 62
52 136
53 307
53 535
54 55
54 64
54 96
54 120
54 188
54 200
54 271
54 298
54 302
54 327
54 336
54 349
54 408
54 470
54 697
54 698
54 747
54 772
54 779
54 835
54 841
54 848
54 994
55 66
55 117
55 223
55 251
55 283
55 353
55 371
55 425
55 594
55 603
55 869
56 81
56 108
56 236
56 322
56 535
56 645
56 685
56 723
56 880
56 895
57 65
57 335
57 393
57 451
57 543
57 671
58 68
58 96
58 163
58 176
58 214
58 305
58 343
58 361
58 518
58 743
58 992
59 68
59 128
59 129
59 160
59 248
59 289
59 409
59 525
59 585
59 803
60 105
60 140
60 254
60 300
60 318
60 364
60 382
60 616
60 656
60 694
60 757
60 774
60 829
60 943
61 157
61 172
61 247
62 111
62 116
62 160
62 182
62 346
62 361
62 416
62 420
62 454
62 677
62 818
62 833
62 875
63 151
63 248
63 306
63 406
63 467
63 747
63 875
63 990
64 85
64 158
64 270
64 402
64 412
64 414
64 503
64 752
64 800
64 820
64 862
65 530
65 585
65 732
65 876
66 69
66 72
66 95
66 227
66 264
66 350
66 377
66 430
66 449
66 557
66 582
66 942
66 962
67 331
67 454
67 463
67 613
67 681
67 753
67 766
67 815
67 981
68 144
68 152
68 180
68 391
68 519
68 839
69 186
69 209
69 432
69 492
69 539
70 113
70 146
70 148
70 154
70 162
70 184
70 203
70 210
70 213
70 251
70 358
70 385
70 438
70 446
70 504
70 589
70 850
70 975
71 86
71 97
71 111
71 126
71 141
71 147
71 150
71 168
71 172
71 187
71 204
71 246
71 308
71 312
71 332
71 336
71 346
71 360
71 499
71 588
71 722
71 883
71 950
72 83
72 90
72 121
72 165
72 264
72 274
72 422
72 497
72 525
72 631
72 812
72 933
73 101
73 119
73 131
73 159
73 225
73 234
73 342
73 349
73 487
73 600
74 91
74 148
75 227
75 493
75 706
76 112
76 114
76 140
76 171
76 442
76 494
76 675
77 79
77 133
77 299
77 415
77 554
77 738
78 83
78 93
78 177
78 200
78 230
78 371
78 478
78 554
78 586
79 90
79 219
79 253
79 361
79 488
79 493
79 724
79 784
79 845
80 122
80 565
81 191
81 313
81 372
81 383
81 559
82 129
82 139
82 155
82 159
82 183
82 365
82 450
82 471
82 499
82 506
82 599
82 658
82 669
82 698
82 719
82 721
82 727
82 732
82 749
82 918
83 447
83 527
83 793
83 873
84 107
84 228
84 324
85 326
85 331
85 463
85 611
85 616
85 723
85 745
85 931
86 152
86 154
86 157
86 257
86 268
86 645
86 808
86 949
87 136
87 146
87 272
87 276
87 291
87 354
87 368
87 386
87 453
87 935
88 128
88 751
88 835
88 938
89 175
89 218
89 364
89 591
89 592
89 673
89 702
90 97
90 115
90 142
90 175
90 177
90 191
90 303
90 412
90 508
90 551
90 567
90 639
90 849
90 886
90 900
90 964
91 117
91 190
91 316
91 318
91 366
91 570
91 583
92 142
92 681
93 118
93 240
93 253
93 363
93 488
93 587
93 597
94 178
94 384
94 476
94 628
94 701
95 366
95 390
95 501
95 528
95 540
95 588
95 797
96 237
96 325
96 440
96 446
96 456
96 487
96 608
96 736
96 748
96 750
96 756
96 772
96 959
97 110
97 135
97 377
97 704
98 106
98 110
98 210
98 286
98 405
98 447
98 480
98 655
98 664
98 796
99 109
99 210
99 211
99 384
99 445
99 452
99 485
99 697
99 708
99 719
99 846
99 934
99 964
100 348
100 401
100 439
100 489
100 529
101 120
101 163
101 235
101 362
101 822
101 830
102 157
102 523
102 566
102 596
102 614
103 115
103 193
103 203
103 220
103 262
103 277
103 309
103 321
103 339
103 382
103 393
103 394
103 508
103 518
103 539
103 542
103 554
103 561
103 573
103 574
103 600
103 607
103 653
103 673
103 718
103 871
103 937
104 126
104 156
104 171
104 223
104 365
104 563
104 584
104 633
104 882
105 136
105 167
105 168
105 405
105 477
105 657
105 670
106 290
106 294
106 317
106 345
106 530
106 580
107 160
107 242
107 306
107 419
107 480
107 536
107 575
107 602
107 910
108 118
108 168
108 185
108 201
108 224
108 236
108 400
108 404
108 545
108 615
108 643
108 684
108 740
108 744
110 137
110 173
110 226
110 325
110 397
110 443
110 450
110 588
110 644
110 839
110 840
111 119
111 239
111 368
111 441
111 505
111 547
111 959
112 229
112 337
113 256
113 785
114 239
114 241
114 475
114 547
114 657
114 718
114 744
114 765
114 973
115 122
115 249
115 411
116 121
116 174
116 226
116 261
116 393
116 435
116 448
116 460
116 590
116 698
116 737
116 761
116 834
116 855
116 867
117 138
117 230
117 847
117 901
118 623
119 125
119 196
119 298
119 355
119 388
119 457
119 541
119 778
119 809
119 983
120 140
120 441
120 569
121 192
121 323
121 636
121 674
121 733
122 135
122 286
122 375
122 503
123 224
123 266
123 679
123 907
125 324
125 389
125 630
125 665
125 824
126 139
126 141
126 167
126 259
126 390
126 409
126 673
126 956
127 216
127 927
128 156
128 369
128 638
128 986
129 150
129 302
129 595
129 801
129 960
130 851
130 946
131 226
131 316
131 340
131 427
131 486
131 594
131 628
131 661
131 834
132 219
132 232
132 291
132 360
132 370
132 419
132 433
132 446
132 469
132 564
132 913
133 162
133 170
133 173
133 188
133 328
133 457
133 512
133 623
133 678
133 872
133 899
133 942
134 254
134 507
134 582
134 999
135 165
135 263
135 295
135 355
135 435
135 701
135 878
135 906
135 927
136 194
136 201
136 653
136 828
137 272
137 302
137 356
137 558
137 776
137 968
138 232
138 976
139 213
139 233
139 559
139 883
140 190
140 402
140 660
140 745
141 305
141 359
141 748
142 180
142 975
143 207
143 796
143 831
143 947
144 145
144 150
144 198
144 218
144 295
144 348
144 423
144 444
144 569
145 158
145 179
145 181
145 244
145 265
145 320
145 337
145 356
145 723
145 787
145 798
145 961
146 191
146 379
148 155
148 182
148 183
148 234
148 350
148 376
148 392
148 428
148 448
148 500
148 756
148 803
148 810
148 842
148 873
148 916
148 955
149 198
149 313
149 322
149 337
149 486
149 549
149 715
151 225
151 739
153 222
153 441
153 636
153 929
154 575
154 609
154 822
155 352
155 395
155 479
155 532
156 169
156 509
156 565
156 641
156 971
157 418
157 544
157 726
157 774
158 320
159 202
159 267
159 464
159 540
159 559
159 770
159 842
160 556
160 682
161 162
161 181
161 217
161 308
161 351
161 550
161 629
161 690
161 807
161 951
161 993
162 322
162 376
162 562
164 261
164 293
164 385
164 462
164 507
164 614
164 668
164 711
164 844
165 197
165 215
165 359
165 373
165 465
165 814
166 245
166 476
167 267
167 292
167 378
167 637
167 784
167 802
167 824
168 246
168 821
170 310
170 311
170 597
171 345
171 367
171 387
171 423
171 881
172 240
172 505
172 549
172 647
172 664
172 718
173 184
173 194
173 222
173 360
173 817
175 370
175 533
176 186
176 418
176 473
176 475
176 925
177 219
177 250
177 256
177 265
177 270
177 287
177 332
177 424
177 537
177 573
177 665
177 768
177 810
177 878
177 922
178 201
178 242
178 287
178 301
178 311
178 342
178 434
178 469
178 484
178 489
178 552
178 636
178 712
178 734
178 756
178 775
178 779
178 799
179 429
179 481
179 612
179 916
180 185
180 260
180 359
180 459
180 711
180 766
180 944
180 958
181 300
181 553
181 973
182 691
182 824
182 836
182 953
183 352
183 502
183 808
184 197
184 461
184 506
184 646
184 897
185 358
185 384
185 624
185 827
186 215
186 237
186 262
186 284
186 327
186 490
186 541
186 571
186 592
186 621
186 705
186 784
187 396
187 670
187 843
188 258
188 708
188 794
188 815
188 947
189 216
189 312
189 345
190 344
190 376
190 389
190 710
190 800
192 628
192 672
192 997
193 397
193 491
193 496
193 601
193 640
193 666
193 765
193 847
195 271
195 320
195 413
195 771
195 920
196 498
196 552
196 597
196 640
196 761
196 768
196 968
197 205
197 640
197 954
197 988
198 400
198 504
198 587
199 601
199 615
199 676
199 874
200 259
200 340
201 342
201 598
202 523
202 541
202 610
202 648
202 736
202 760
202 781
203 354
203 662
203 675
203 974
204 521
204 958
205 494
205 529
205 586
205 757
206 330
206 391
206 572
206 644
206 742
206 783
206 797
208 307
208 336
208 483
208 819
208 913
209 283
209 344
209 773
209 940
210 292
210 426
210 522
210 604
211 465
211 880
211 914
212 425
212 430
212 557
212 564
212 604
212 638
212 944
213 275
214 386
214 428
215 279
215 403
215 455
216 326
216 335
216 492
216 575
216 578
216 769
217 269
217 372
217 474
217 479
217 496
217 856
218 286
218 538
218 577
218 761
218 859
218 966
219 244
220 431
221 252
221 663
222 329
222 417
223 243
223 692
223 898
224 321
224 431
224 577
224 857
225 228
225 289
225 593
225 634
225 647
225 804
225 882
225 993
226 730
227 282
227 310
227 511
227 652
227 714
227 822
227 870
227 926
228 924
229 282
229 602
229 774
230 238
230 551
230 909
231 453
231 505
231 645
231 677
231 966
232 464
232 586
234 362
234 417
234 918
235 243
237 470
237 819
237 877
238 340
238 602
239 243
239 737
240 263
240 285
240 380
240 550
242 362
242 478
243 528
243 977
244 314
244 341
244 935
245 752
246 341
246 637
246 743
247 578
247 689
248 413
248 695
248 759
250 845
251 325
251 414
251 495
251 521
251 560
251 721
251 781
251 980
252 514
253 281
253 367
253 495
253 738
254 317
254 587
254 912
255 272
255 352
255 388
255 623
255 780
255 803
255 852
257 957
258 802
259 439
260 294
260 296
260 357
260 445
260 459
260 495
260 546
260 606
260 687
261 318
261 749
262 491
262 624
262 917
262 928
264 334
264 721
265 316
265 437
265 739
265 990
266 753
266 777
267 429
267 777
268 363
268 482
268 531
268 699
268 874
269 431
269 691
270 520
270 662
271 497
271 639
271 655
271 916
272 391
272 478
272 537
272 868
272 915
273 354
273 849
273 925
274 351
274 380
274 509
274 635
275 323
275 620
276 351
277 278
277 307
277 394
277 468
277 754
277 949
277 970
278 594
278 816
279 516
279 535
279 870
281 437
282 367
282 775
282 988
283 480
283 534
283 553
283 900
284 357
284 885
285 815
286 415
286 472
288 296
288 616
288 679
288 777
289 323
289 353
289 381
289 469
289 685
289 702
289 745
290 301
290 401
290 427
290 509
290 626
290 943
290 969
291 293
291 373
291 471
291 561
291 574
291 667
291 893
292 398
293 304
293 416
293 876
293 906
293 958
294 319
294 410
294 544
294 671
295 379
295 513
295 543
295 548
295 747
295 917
296 720
296 904
297 510
297 952
298 319
298 460
298 576
299 449
299 847
300 409
300 438
300 688
301 529
302 715
302 755
302 778
303 455
303 703
304 832
304 911
305 724
305 883
306 946
307 524
307 533
307 701
307 737
307 977
309 418
309 603
309 970
310 461
310 789
313 407
314 339
314 398
314 426
314 651
316 498
316 625
316 826
316 983
317 596
318 366
318 371
318 406
318 572
319 513
320 670
320 867
322 346
322 410
322 417
322 420
322 520
322 627
322 791
322 963
322 989
323 461
323 464
323 479
323 741
324 515
325 329
326 987
327 404
327 583
327 804
327 976
327 981
328 332
328 720
328 766
330 979
333 531
333 708
334 548
334 788
334 829
335 563
337 656
338 398
338 448
338 629
338 646
338 751
339 903
339 956
340 518
340 570
340 727
340 835
340 989
341 599
341 840
342 440
343 504
343 608
343 773
343 800
343 969
344 358
344 377
344 419
344 487
344 856
345 630
345 632
345 789
346 912
347 489
348 700
349 626
349 855
350 926
350 928
352 357
352 434
353 427
353 652
355 694
356 466
356 942
356 985
357 397
357 433
357 472
357 514
357 699
358 624
358 663
359 560
359 843
361 453
361 519
361 886
361 959
362 727
362 880
363 552
363 692
363 833
363 904
365 428
365 451
365 517
366 510
366 579
368 658
370 663
371 396
371 725
372 694
372 890
372 921
372 956
372 966
373 556
373 678
373 680
373 741
373 902
373 952
375 921
377 892
378 555
379 425
379 566
379 577
380 557
381 456
382 476
383 560
385 421
385 683
386 630
386 676
386 707
386 716
386 833
386 919
386 947
388 482
389 720
390 415
390 422
390 584
390 598
391 728
392 938
393 460
393 621
393 696
393 816
394 890
396 426
396 697
397 801
398 719
398 891
400 855
401 526
402 410
403 436
403 547
403 700
403 711
404 522
406 544
406 546
406 631
408 498
408 923
409 683
410 714
410 751
410 804
410 845
410 861
411 888
412 434
412 442
412 528
412 908
412 943
413 984
416 661
416 793
417 501
417 832
417 884
418 755
419 424
419 818
420 483
420 869
421 842
421 854
422 821
423 436
423 467
423 735
426 590
427 781
428 462
428 477
428 610
428 887
430 763
431 763
432 443
432 607
432 783
433 746
434 972
435 565
436 474
436 811
437 510
438 536
438 728
439 458
439 733
440 579
441 497
441 838
443 864
446 856
447 523
448 941
449 994
450 561
450 666
452 485
452 649
452 791
453 638
455 581
455 977
457 458
459 660
460 477
460 484
460 532
460 634
460 682
460 690
460 695
460 805
460 813
460 832
461 536
461 545
461 750
461 971
461 982
463 881
464 593
464 606
464 760
464 867
465 725
467 621
469 653
469 813
470 795
471 710
471 785
471 978
473 515
473 617
473 780
475 812
475 954
477 486
477 770
477 848
478 748
478 837
480 963
482 569
482 654
482 686
482 830
482 903
483 728
484 894
487 658
487 695
487 811
488 771
489 920
490 516
491 779
494 590
494 613
494 780
494 787
496 941
497 540
497 949
499 527
500 507
500 615
505 749
507 861
508 982
509 693
509 794
509 982
510 961
511 550
512 877
513 893
514 672
514 951
517 762
518 851
518 876
518 919
520 666
520 753
521 568
521 610
521 617
521 689
522 580
522 582
523 709
525 717
527 534
527 776
527 816
528 619
529 889
530 759
530 892
532 591
533 539
533 744
533 964
533 997
537 827
537 921
539 644
539 889
540 687
540 735
540 814
541 595
541 692
541 872
541 915
543 707
544 953
545 724
545 755
546 888
550 622
551 618
551 712
551 865
551 903
552 929
554 596
554 985
555 676
555 934
556 709
557 864
558 788
559 603
559 963
562 930
562 936
565 589
567 576
568 651
571 611
574 742
574 962
576 762
576 790
578 836
578 910
582 605
582 668
582 709
585 649
591 879
593 762
594 617
594 618
594 806
594 978
596 655
596 997
597 713
598 606
598 836
601 691
601 984
603 667
603 899
605 622
605 659
606 614
606 776
606 794
608 830
609 920
611 684
611 699
611 848
611 905
612 729
612 754
614 647
614 952
615 782
615 933
616 627
617 729
619 693
619 796
620 932
621 726
623 764
625 674
629 668
629 987
634 775
635 767
639 894
639 902
642 643
642 679
644 704
646 965
654 740
654 805
654 859
654 863
656 967
657 682
657 889
658 734
660 730
660 823
660 950
662 765
666 871
666 911
666 923
668 772
673 902
673 986
677 680
677 739
677 893
679 976
681 898
683 689
684 757
686 703
686 879
686 992
688 706
688 939
690 763
691 839
692 769
694 716
694 939
694 998
698 863
699 962
701 810
701 844
704 731
704 825
705 980
707 850
709 818
710 838
710 881
713 875
714 895
715 869
718 929
718 937
723 773
729 863
733 897
736 783
736 838
738 743
738 823
738 826
738 859
744 826
744 993
745 923
746 770
754 882
757 853
757 988
757 990
763 807
763 971
765 788
765 924
766 930
768 907
768 936
768 991
769 854
774 789
775 798
775 841
776 978
778 813
778 821
778 844
778 861
778 896
780 858
780 901
781 989
782 936
782 944
782 948
785 894
785 912
787 932
789 831
792 991
795 931
795 998
798 857
798 908
799 900
799 950
804 940
805 932
809 868
817 872
821 851
821 899
821 991
822 891
824 868
824 877
830 860
833 957
834 860
844 887
853 890
853 960
861 930
861 933
863 995
869 945
874 998
875 967
879 999
883 973
884 960
886 938
886 980
892 913
897 945
902 931
905 948
920 979
921 965
922 954
927 987
933 955
936 940
947 992
952 995
953 972
967 968
971 995
