0 1
0 2
0 3
0 5
0 9
0 11
0 13
0 14
0 15
0 16
0 18
0 19
0 26
0 30
0 31
0 32
0 33
0 34
0 40
0 41
0 43
0 44
0 46
0 48
0 49
0 53
0 55
0 57
0 59
0 66
0 82
0 86
0 92
0 97
0 118
0 125
0 135
0 143
0 149
0 158
0 169
0 170
0 181
0 186
0 188
0 191
0 199
0 201
0 235
0 247
0 250
0 251
0 257
0 292
0 295
0 305
0 316
0 319
0 329
0 335
0 341
0 346
0 356
0 368
0 435
0 443
0 492
0 499
0 514
0 517
0 533
0 538
0 546
0 548
0 594
0 597
0 635
0 649
0 659
0 660
0 662
0 704
0 736
0 738
0 749
0 755
0 776
0 777
0 822
0 850
0 866
0 960
1 2
1 3
1 4
1 5
1 6
1 8
1 9
1 10
1 17
1 21
1 72
1 82
1 85
1 123
1 125
1 182
1 185
1 224
1 231
1 242
1 260
1 304
1 320
1 322
1 338
1 339
1 354
1 355
1 370
1 373
1 465
1 497
1 502
1 559
1 561
1 573
1 575
1 632
1 663
1 711
1 770
1 772
1 774
1 781
1 810
1 829
1 838
1 968
1 991
2 3
2 4
2 7
2 10
2 16
2 22
2 28
2 33
2 36
2 38
2 39
2 58
2 71
2 94
2 135
2 159
2 168
2 171
2 174
2 219
2 227
2 231
2 248
2 268
2 273
2 277
2 285
2 338
2 370
2 376
2 377
2 381
2 401
2 420
2 436
2 459
2 504
2 522
2 531
2 556
2 587
2 674
2 716
2 745
2 762
2 799
2 811
2 816
2 833
2 867
2 877
2 904
2 923
2 969
2 983
2 989
3 4
3 5
3 6
3 7
3 8
3 9
3 12
3 16
3 18
3 23
3 28
3 40
3 41
3 46
3 55
3 68
3 78
3 80
3 83
3 88
3 89
3 96
3 100
3 109
3 119
3 122
3 153
3 154
3 159
3 201
3 215
3 216
3 249
3 271
3 275
3 298
3 310
3 349
3 364
3 404
3 433
3 439
3 508
3 509
3 510
3 524
3 530
3 571
3 581
3 725
3 741
3 817
3 819
3 861
3 952
3 981
4 7
4 8
4 11
4 12
4 14
4 17
4 22
4 29
4 49
4 70
4 74
4 76
4 88
4 91
4 108
4 113
4 117
4 125
4 128
4 129
4 132
4 146
4 165
4 183
4 217
4 229
4 281
4 326
4 387
4 447
4 452
4 455
4 479
4 485
4 509
4 534
4 537
4 611
4 636
4 642
4 648
4 655
4 657
4 684
4 696
4 698
4 722
4 738
4 776
4 792
4 798
4 852
4 859
4 919
4 921
4 946
4 965
4 972
4 995
5 6
5 13
5 15
5 18
5 19
5 20
5 26
5 27
5 30
5 31
5 35
5 36
5 37
5 43
5 47
5 54
5 59
5 62
5 63
5 69
5 86
5 108
5 116
5 149
5 160
5 205
5 212
5 243
5 262
5 263
5 307
5 522
5 536
5 587
5 599
5 667
5 712
5 767
5 786
5 851
5 871
5 884
5 895
5 901
5 903
5 919
5 925
5 945
5 950
5 961
6 13
6 15
6 20
6 24
6 51
6 52
6 77
6 92
6 97
6 181
6 184
6 189
6 219
6 253
6 257
6 307
6 385
6 419
6 451
6 628
6 771
7 12
7 14
7 27
7 32
7 53
7 72
7 80
7 84
7 97
7 124
7 163
7 176
7 179
7 182
7 197
7 199
7 209
7 212
7 302
7 337
7 352
7 373
7 429
7 448
7 514
7 532
7 618
7 631
7 652
7 680
7 733
7 743
7 841
7 863
7 888
7 958
8 10
8 22
8 23
8 24
8 37
8 41
8 75
8 84
8 114
8 118
8 119
8 136
8 145
8 148
8 154
8 158
8 164
8 168
8 183
8 192
8 202
8 258
8 269
8 306
8 308
8 327
8 389
8 390
8 412
8 459
8 464
8 466
8 484
8 623
8 625
8 640
8 656
8 673
8 822
8 836
8 902
8 908
9 11
9 42
9 79
9 87
9 139
9 144
9 169
9 173
9 195
9 198
9 262
9 266
9 431
9 439
9 563
9 596
9 750
10 25
10 28
10 33
10 36
10 45
10 65
10 67
10 69
10 81
10 134
10 143
10 175
10 207
10 244
10 266
10 267
10 322
10 352
10 358
10 375
10 382
10 415
10 471
10 496
10 552
10 606
10 641
10 648
10 727
10 747
10 802
10 805
10 832
10 928
10 930
10 948
10 963
11 17
11 23
11 27
11 40
11 61
11 87
11 93
11 128
11 150
11 160
11 168
11 174
11 259
11 274
11 289
11 366
11 405
11 437
11 476
11 523
11 526
11 604
11 637
11 649
11 760
12 25
12 39
12 52
12 77
12 85
12 148
12 187
12 295
12 337
12 388
12 423
12 427
12 477
12 478
12 483
12 486
12 831
12 924
12 933
12 955
13 66
13 457
13 469
14 21
14 35
14 76
14 93
14 130
14 167
14 228
14 255
14 321
14 330
14 406
14 465
14 519
14 559
14 562
14 616
14 660
14 678
14 845
14 869
14 877
15 73
15 78
15 94
15 105
15 112
15 130
15 153
15 157
15 163
15 174
15 198
15 329
15 353
15 371
15 377
15 461
15 681
15 691
15 740
15 748
15 780
15 842
15 848
15 858
15 872
15 935
15 943
15 990
16 19
16 20
16 25
16 26
16 29
16 43
16 58
16 63
16 74
16 75
16 88
16 116
16 121
16 144
16 184
16 216
16 237
16 254
16 321
16 342
16 432
16 462
16 476
16 482
16 545
16 549
16 630
16 687
16 699
16 839
16 895
16 952
16 969
17 48
17 335
17 513
17 586
17 887
17 950
17 962
18 21
18 24
18 34
18 80
18 85
18 89
18 112
18 123
18 126
18 135
18 139
18 141
18 194
18 278
18 302
18 342
18 432
18 437
18 483
18 484
18 516
18 522
18 536
18 582
18 614
18 658
18 659
18 773
18 826
18 884
18 906
18 918
19 137
19 207
19 235
19 252
19 313
19 612
19 654
19 887
19 901
20 39
20 192
20 239
20 272
20 294
20 313
20 954
20 976
21 45
21 53
21 68
21 73
21 132
21 136
21 152
21 210
21 289
21 290
21 345
21 383
21 671
21 845
22 126
22 190
22 311
22 511
23 46
23 124
23 240
23 279
23 325
23 433
23 460
23 886
24 32
24 34
24 56
24 64
24 67
24 101
24 103
24 107
24 117
24 124
24 126
24 127
24 162
24 165
24 166
24 171
24 187
24 193
24 225
24 250
24 266
24 277
24 309
24 356
24 363
24 392
24 412
24 443
24 463
24 487
24 508
24 598
24 701
24 805
24 825
24 857
24 908
24 915
24 924
24 931
24 976
24 994
24 999
25 77
25 98
25 107
25 122
25 133
25 161
25 166
25 179
25 186
25 188
25 203
25 221
25 280
25 300
25 302
25 324
25 332
25 340
25 351
25 392
25 490
25 491
25 504
25 507
25 585
25 647
25 665
25 668
25 685
25 799
25 906
26 29
26 30
26 38
26 45
26 52
26 65
26 67
26 70
26 78
26 137
26 140
26 187
26 190
26 200
26 236
26 247
26 299
26 305
26 339
26 409
26 520
26 529
26 544
26 560
26 624
26 690
26 721
26 724
26 767
26 787
26 854
26 954
26 975
27 35
27 50
27 54
27 66
27 130
27 348
27 404
27 600
27 681
27 840
27 846
27 871
27 974
27 978
28 47
28 51
28 56
28 113
28 116
28 120
28 210
28 337
28 488
28 576
28 654
28 958
29 42
29 269
29 289
29 314
29 445
29 498
29 540
29 697
29 815
30 31
30 215
30 262
30 349
30 833
31 42
31 57
31 222
31 245
31 283
31 458
31 552
31 783
31 797
31 864
31 967
31 973
31 990
32 48
32 50
32 64
32 127
32 144
32 155
32 195
32 290
32 297
32 303
32 402
32 422
32 458
32 560
32 577
32 673
33 38
33 68
33 90
33 101
33 102
33 132
33 137
33 141
33 206
33 214
33 215
33 280
33 334
33 374
33 411
33 413
33 467
33 515
33 524
33 551
33 678
33 680
33 807
33 874
33 903
34 47
34 51
34 55
34 121
34 123
34 134
34 154
34 193
34 196
34 265
34 286
34 318
34 334
34 384
34 390
34 424
34 531
34 717
34 873
34 911
35 79
35 230
35 248
35 251
35 308
35 327
35 330
35 380
35 443
35 451
35 468
35 490
35 495
35 586
35 612
35 716
35 718
35 727
35 730
35 795
35 805
35 828
35 997
36 37
36 268
36 394
36 538
36 794
36 921
37 44
37 50
37 62
37 63
37 71
37 74
37 83
37 111
37 115
37 141
37 178
37 183
37 190
37 192
37 219
37 223
37 225
37 234
37 249
37 254
37 273
37 284
37 312
37 355
37 395
37 415
37 425
37 453
37 494
37 503
37 544
37 560
37 594
37 686
37 703
37 739
37 761
37 813
37 833
37 836
37 890
37 952
38 49
38 90
38 194
38 293
38 363
38 393
38 404
38 446
38 525
38 527
39 208
39 229
39 232
39 267
39 523
39 543
39 668
39 757
40 56
40 60
40 91
40 133
40 213
40 227
40 247
40 310
40 318
40 386
40 396
40 422
40 472
40 801
41 44
41 82
41 204
41 269
41 293
41 333
41 408
41 420
41 748
41 881
41 885
41 920
42 54
42 162
42 290
42 340
42 558
42 865
43 70
43 142
43 232
43 251
43 270
43 325
43 450
43 697
43 834
43 912
44 104
44 142
44 241
44 328
44 357
44 429
44 515
44 539
44 555
44 629
44 746
44 749
44 793
44 862
44 889
44 895
44 926
45 61
45 100
45 145
45 169
45 208
45 258
45 349
45 430
45 726
45 766
45 804
46 58
46 59
46 65
46 354
46 360
47 60
47 90
47 155
47 212
47 220
47 228
47 259
47 301
47 617
47 808
47 943
48 109
48 155
48 252
48 280
48 558
48 714
49 60
49 95
49 177
49 257
49 538
49 777
49 938
50 415
50 670
51 261
51 301
51 353
51 571
51 982
52 184
52 206
52 343
52 811
53 99
53 110
53 119
53 153
53 275
53 303
53 309
53 426
53 487
53 712
53 817
54 81
54 170
54 313
54 326
54 372
55 246
55 386
55 475
56 57
56 62
56 75
56 107
56 222
56 253
56 444
56 452
56 530
56 549
56 633
56 644
56 653
56 807
57 64
57 73
57 113
57 357
57 371
57 490
57 625
57 643
57 732
57 819
57 963
58 61
58 71
58 91
58 96
58 103
58 114
58 238
58 276
58 387
58 427
58 552
58 824
58 917
59 69
59 89
59 131
59 146
59 148
59 152
59 178
59 186
59 200
59 211
59 223
59 243
59 244
59 249
59 259
59 261
59 279
59 294
59 468
59 558
59 562
59 760
59 813
59 819
59 972
60 424
60 620
60 723
61 72
61 79
61 98
61 206
61 329
61 361
61 516
61 553
61 585
61 688
61 715
61 847
61 944
61 981
62 84
62 159
62 420
62 431
62 495
62 598
62 646
62 661
62 710
62 720
62 790
63 83
63 95
63 99
63 102
63 104
63 111
63 115
63 117
63 172
63 180
63 191
63 210
63 273
63 347
63 348
63 403
63 407
63 421
63 442
63 449
63 485
63 609
63 680
63 690
63 821
63 898
64 281
64 384
64 391
64 531
64 662
64 810
64 862
64 936
65 86
65 234
65 296
65 603
65 620
65 697
65 708
65 752
65 774
65 861
66 285
66 323
66 346
66 351
66 367
66 387
66 541
66 555
66 675
66 722
66 737
66 937
67 76
67 121
67 139
67 263
67 267
67 270
67 279
67 563
67 641
67 751
67 946
68 106
68 245
68 344
68 396
68 471
68 568
68 578
68 595
68 621
68 631
68 773
68 907
68 934
68 996
69 87
69 105
69 131
69 157
69 233
69 580
69 852
69 954
70 118
70 127
70 138
70 161
70 228
70 237
70 489
70 628
70 720
70 814
71 138
71 151
71 238
71 278
71 316
71 323
71 327
71 607
71 619
71 655
71 663
71 670
71 727
71 866
71 938
72 81
72 105
72 110
72 142
72 172
72 226
72 470
72 483
72 528
72 543
72 550
72 675
73 324
73 431
73 613
73 780
74 94
74 100
74 150
74 438
74 621
74 812
75 98
75 264
75 283
75 566
75 580
75 672
75 735
75 792
76 103
76 194
76 285
76 682
77 129
77 170
77 261
77 287
78 156
79 498
79 630
79 661
79 675
79 768
80 221
80 281
80 342
80 410
80 414
80 468
80 620
80 689
80 711
81 164
81 191
81 200
81 315
81 438
81 444
81 500
81 592
81 745
81 798
82 104
82 409
82 548
82 692
82 789
83 93
83 96
83 102
83 106
83 147
83 195
83 201
83 213
83 298
83 397
83 428
83 447
83 462
83 467
83 486
83 497
83 593
83 806
83 816
83 939
83 988
84 99
84 188
84 234
84 315
84 370
84 728
84 777
85 202
85 224
85 288
85 299
85 413
85 417
85 500
85 546
85 708
85 865
86 211
86 260
87 410
88 143
88 336
89 110
89 295
89 320
89 506
89 617
89 701
89 778
89 812
90 92
90 95
90 111
90 136
90 147
90 167
90 178
90 315
90 406
90 419
90 446
90 523
90 570
90 663
90 686
91 176
91 217
91 232
91 592
91 847
92 108
92 114
92 167
92 172
92 175
92 177
92 335
92 379
92 470
92 510
92 624
92 630
92 699
92 757
92 775
92 957
92 984
93 106
93 128
93 134
93 203
93 209
93 276
93 354
93 391
93 409
93 479
93 678
93 766
94 325
94 426
94 547
94 737
94 801
94 967
95 101
95 283
95 309
95 324
95 487
95 842
95 929
96 591
96 674
97 133
97 166
97 189
97 265
97 400
97 542
97 671
97 771
97 781
97 844
97 858
97 966
97 995
98 115
98 140
98 395
98 684
98 744
99 205
99 340
99 389
100 156
100 197
100 400
100 679
100 786
100 802
100 948
101 122
101 131
101 245
101 255
101 275
101 473
101 527
101 565
101 623
101 649
101 704
101 737
101 754
102 180
102 317
102 452
102 879
103 224
103 381
103 731
104 120
104 149
104 229
104 252
104 264
104 355
104 381
104 714
104 793
104 840
104 874
104 900
105 112
105 182
105 196
105 291
105 746
105 811
105 832
105 968
106 109
106 158
106 236
106 256
106 278
106 418
106 488
106 576
106 724
109 418
110 151
110 287
110 505
110 541
110 638
110 719
110 797
110 809
110 872
111 185
111 282
111 563
111 728
112 256
112 510
112 880
112 919
113 173
113 238
113 297
113 499
113 535
113 720
113 731
114 466
114 682
114 894
114 936
115 171
115 333
115 407
115 430
115 460
115 599
115 613
115 672
116 150
116 157
116 161
116 208
116 220
116 256
116 258
116 450
116 480
116 567
116 576
116 619
116 688
116 742
116 759
116 807
116 815
116 905
116 912
116 929
116 949
117 129
117 197
117 376
117 405
117 440
117 608
117 866
117 970
118 160
118 199
118 501
119 120
119 175
119 185
119 246
119 348
119 613
119 896
120 330
120 977
121 233
121 239
121 364
121 658
121 709
121 784
121 915
122 318
122 419
122 622
123 606
124 230
124 242
124 463
125 151
125 162
126 388
126 399
126 577
126 799
127 180
127 369
127 402
127 706
127 869
127 964
128 312
128 386
128 470
128 751
129 156
129 216
129 288
129 423
129 525
129 702
129 715
129 820
130 176
130 297
130 653
130 717
132 311
132 417
132 937
133 579
133 710
133 800
133 850
133 863
134 145
134 177
134 765
135 138
135 213
135 922
136 344
136 403
136 410
136 601
136 707
136 961
136 987
137 359
137 433
137 951
138 902
139 140
139 146
139 286
139 332
139 336
139 361
139 380
139 457
139 644
139 650
139 673
139 913
139 994
140 152
140 193
140 204
140 214
140 292
140 306
140 441
140 455
140 511
140 535
140 557
140 570
140 589
140 600
140 796
140 959
141 226
142 341
142 437
142 480
142 916
143 248
143 374
143 376
143 584
143 744
143 795
143 880
143 999
144 242
144 282
144 503
145 375
145 791
145 923
146 147
146 235
146 253
146 255
146 364
146 414
146 615
146 634
146 692
146 703
146 719
146 835
146 933
146 948
147 388
147 927
148 743
149 222
149 742
150 379
150 512
150 546
150 806
151 173
151 218
151 236
151 294
151 307
151 347
151 545
151 814
151 875
151 905
152 790
152 893
153 591
154 164
154 308
154 317
154 445
154 601
154 710
154 871
155 196
155 365
155 637
155 897
156 900
157 165
157 303
157 375
157 612
157 621
157 705
157 821
157 927
158 189
158 233
158 394
158 447
158 732
158 766
158 932
158 953
158 991
159 379
159 638
159 779
160 244
160 292
160 360
161 198
161 217
161 484
162 163
162 328
162 338
162 504
162 664
163 223
163 264
163 328
163 500
163 644
163 944
164 334
164 398
164 461
164 477
164 913
166 316
166 424
166 432
166 507
166 547
166 726
167 226
167 676
168 179
168 326
168 444
168 752
168 788
168 906
168 930
169 225
169 441
169 456
169 551
169 600
169 623
169 626
169 672
169 740
169 754
169 773
169 813
169 827
169 847
170 181
170 306
170 351
170 399
170 537
170 601
170 966
171 674
171 712
171 921
172 894
173 263
173 272
173 321
174 227
175 211
175 398
175 427
175 479
175 503
175 533
177 539
177 610
177 893
177 902
178 707
179 374
179 688
180 496
181 204
181 274
181 311
181 312
181 344
181 347
181 426
181 428
181 509
181 514
181 520
181 608
181 654
181 666
181 782
181 788
181 818
181 882
181 892
182 202
182 207
182 221
182 250
182 271
182 310
182 367
182 700
182 751
182 808
182 860
182 909
183 511
183 519
184 288
184 779
184 795
185 385
185 750
187 767
188 639
188 760
188 772
188 824
188 839
189 241
190 205
191 240
191 304
191 512
191 784
191 931
192 203
192 260
192 314
192 756
192 839
193 945
194 243
194 378
194 399
194 413
194 589
194 671
194 761
194 804
195 214
195 454
195 646
195 961
196 239
196 350
196 358
196 366
196 472
196 616
196 696
197 268
197 365
197 540
197 574
197 610
197 983
198 367
199 282
199 392
200 218
200 230
200 469
200 480
200 518
200 590
200 974
201 293
201 549
201 900
202 440
202 463
202 698
202 960
202 964
203 241
203 300
203 417
203 439
203 478
203 596
203 622
203 636
203 798
203 873
203 889
203 890
203 957
203 987
204 231
204 296
204 339
204 368
205 305
205 336
205 378
205 685
205 692
206 209
206 218
206 428
206 464
206 482
206 572
206 614
206 631
206 653
206 695
206 747
206 823
207 343
207 359
207 421
207 430
207 441
207 473
207 758
207 955
207 959
208 475
209 300
209 973
210 515
210 647
210 687
211 220
211 291
211 322
211 456
211 506
211 883
211 925
212 272
212 274
212 518
212 527
212 670
212 682
212 695
213 524
213 890
214 237
214 356
214 775
215 454
215 542
215 684
215 745
215 800
215 882
216 977
217 331
217 411
217 477
217 656
217 667
217 669
217 707
217 739
217 806
218 361
219 276
219 434
219 554
219 656
219 705
220 332
220 473
220 501
220 521
220 588
220 757
220 914
221 774
221 920
222 513
222 652
222 668
223 314
223 578
224 664
225 284
225 412
225 449
225 959
227 240
227 393
227 474
227 561
227 619
227 694
227 706
227 741
227 768
227 878
228 793
228 849
229 286
229 453
231 284
231 508
231 873
231 940
232 438
232 607
232 740
232 803
232 830
232 859
233 939
234 894
235 246
235 453
235 926
236 372
236 462
236 579
236 614
236 618
237 474
237 535
237 588
237 628
237 659
237 665
238 378
238 917
239 320
239 491
239 896
241 513
241 651
241 719
241 762
241 879
241 960
241 974
242 368
242 442
242 492
242 838
242 885
244 564
244 867
245 397
245 411
245 830
246 277
246 693
246 698
247 254
247 456
247 543
247 602
247 721
248 772
248 872
248 993
249 362
249 718
249 758
249 969
250 371
250 575
252 265
252 436
252 512
253 345
253 455
253 652
254 317
254 843
255 681
256 868
257 425
257 449
257 914
257 981
257 992
258 554
258 605
258 918
259 377
259 569
260 580
261 291
261 489
261 769
263 566
264 270
264 920
265 271
265 287
265 870
266 467
267 837
268 605
268 650
268 696
268 725
268 875
269 359
269 429
269 916
271 857
272 299
272 389
272 705
273 333
273 521
273 986
275 319
275 350
275 406
275 548
275 735
275 848
275 899
275 938
277 573
277 985
278 352
278 637
278 904
279 362
281 667
281 909
281 967
282 363
282 640
283 331
284 555
284 754
285 365
285 685
286 507
287 296
287 304
287 345
287 393
287 666
287 791
287 812
288 353
288 718
289 501
289 533
289 550
289 860
289 911
290 369
290 922
291 534
291 593
291 796
291 997
292 554
292 755
293 414
293 606
294 298
294 373
294 435
294 499
294 505
294 529
294 540
294 734
294 753
294 831
295 331
295 493
295 584
295 634
295 723
295 804
296 586
297 301
297 502
297 521
297 655
297 914
298 408
298 440
298 564
298 844
298 915
298 929
299 319
299 472
299 632
299 651
299 746
300 421
300 525
301 493
301 729
301 928
301 957
302 369
302 382
302 801
303 471
303 683
304 343
304 454
304 562
304 714
304 950
305 633
305 780
306 990
307 323
307 498
307 824
308 350
308 478
308 485
308 496
308 517
309 341
309 403
310 407
310 502
310 569
310 753
310 762
311 362
311 941
312 547
312 763
313 448
313 556
313 657
314 394
314 526
314 583
314 933
315 544
315 876
315 898
316 434
316 693
317 557
317 947
318 768
318 784
319 357
319 460
319 556
319 590
321 382
321 396
321 553
322 518
323 358
323 694
324 633
326 534
326 564
326 830
327 346
327 366
327 495
327 625
328 741
328 790
329 402
329 416
329 469
329 536
329 565
329 870
330 383
330 416
330 517
330 626
330 639
330 645
330 661
330 730
330 731
330 734
330 747
330 956
330 980
331 749
331 759
331 822
331 971
332 611
333 372
333 489
333 679
333 715
333 820
333 911
333 984
334 422
334 423
334 457
336 390
336 434
336 658
336 823
336 896
337 624
338 516
338 537
338 755
338 785
338 928
339 611
339 947
341 464
341 581
341 930
342 567
342 713
342 739
343 425
343 626
343 863
346 574
346 765
346 899
347 398
347 400
347 520
347 578
347 582
347 642
347 664
347 809
347 852
347 876
347 893
348 385
348 622
349 461
350 442
351 497
351 725
351 881
352 687
352 835
353 769
355 360
355 450
356 743
358 380
358 384
358 397
358 466
358 528
358 934
358 941
359 408
360 528
360 676
360 689
362 881
363 542
363 609
363 629
364 476
364 519
365 416
365 660
367 401
368 451
369 494
369 650
369 695
373 605
374 532
375 383
375 587
376 465
377 448
377 561
378 446
378 988
379 418
379 445
379 494
380 862
381 557
381 922
382 595
382 860
384 572
384 604
385 391
385 395
385 401
385 568
385 996
386 405
386 595
386 789
388 662
388 763
389 474
389 482
389 677
390 609
390 617
390 827
391 788
392 436
392 597
393 532
394 702
395 825
395 989
399 864
400 978
401 550
403 995
404 481
407 577
407 657
407 753
407 828
407 910
408 770
409 526
409 776
410 926
411 529
413 853
418 435
418 689
418 700
418 782
418 827
420 486
420 608
420 638
420 645
420 818
420 883
421 907
421 956
422 459
422 545
422 733
422 975
423 492
423 958
424 717
424 750
424 880
426 475
426 639
426 868
426 942
427 481
427 574
430 488
431 615
433 742
434 571
434 829
437 583
437 840
438 642
439 596
439 602
440 559
440 843
441 589
442 603
442 909
442 996
443 851
444 590
444 593
444 765
446 972
446 979
448 693
448 939
449 570
449 666
450 530
450 844
451 565
451 592
451 599
453 632
453 770
454 505
454 643
455 575
456 730
457 458
457 764
457 864
457 949
458 493
458 579
458 836
458 899
458 946
459 539
459 686
460 567
460 729
461 491
461 588
462 823
463 944
467 878
468 506
468 800
471 868
474 886
475 882
477 481
478 629
479 783
480 635
480 786
480 789
480 910
482 867
484 879
485 568
485 970
486 820
488 583
488 604
488 785
488 794
490 635
490 841
490 892
491 699
492 677
494 891
495 756
496 584
496 598
496 792
497 744
497 787
499 821
500 551
500 648
500 783
502 602
505 694
507 541
507 951
508 832
508 886
509 616
509 726
509 797
509 885
510 553
510 641
510 825
511 711
511 925
512 582
513 572
515 851
516 809
519 736
520 669
520 759
522 665
522 979
523 831
525 573
525 803
527 709
527 905
528 610
528 940
532 566
533 870
534 736
538 936
540 901
542 791
544 569
544 891
546 651
546 733
547 785
548 615
548 849
548 855
548 949
550 782
551 966
553 618
554 734
554 778
554 923
554 987
555 706
555 729
555 897
557 585
557 647
560 907
564 690
564 817
564 916
567 581
568 591
568 603
570 735
570 918
570 932
570 988
574 953
575 846
575 912
576 732
577 908
577 998
578 594
578 716
581 669
581 891
582 728
583 973
584 997
585 679
585 837
586 951
588 597
588 683
590 627
590 761
591 779
591 970
595 627
595 835
595 943
595 980
596 763
597 713
598 607
598 646
598 724
598 848
598 962
598 965
598 978
599 858
602 942
604 856
605 634
605 778
608 859
610 708
614 738
616 627
616 828
616 837
618 713
624 722
625 636
625 645
627 640
627 704
627 709
628 815
629 803
629 857
632 643
633 723
633 856
633 917
633 931
634 854
636 802
636 962
638 677
638 771
639 953
640 691
641 676
644 910
646 849
647 979
650 752
651 829
651 861
652 794
653 748
654 683
655 691
659 883
664 992
665 874
668 816
672 701
672 775
676 983
677 764
677 808
683 826
684 814
685 853
688 876
693 702
693 841
693 887
695 700
695 721
696 756
697 703
702 834
705 937
707 898
707 994
708 964
711 927
712 845
714 764
715 781
718 985
722 884
726 834
727 838
727 998
728 855
728 982
730 980
737 810
737 842
737 888
739 878
740 846
740 869
741 769
750 758
750 843
750 855
752 963
752 968
753 992
754 796
754 853
756 971
757 877
768 934
775 826
775 892
776 818
776 854
778 787
785 935
786 941
790 850
790 942
790 989
800 904
800 955
801 897
809 913
815 856
815 965
815 986
818 977
823 903
825 976
830 888
839 875
841 982
841 993
846 865
858 889
863 940
864 975
879 924
886 991
907 984
908 986
909 998
911 932
915 935
919 971
924 985
930 956
931 945
939 947
966 999
983 993
