0 1
0 2
0 3
0 4
0 7
0 11
0 16
0 19
0 26
0 56
0 73
0 90
0 114
0 136
0 142
0 158
0 175
0 193
0 197
0 256
0 303
0 333
0 354
0 364
0 400
0 432
0 580
0 637
0 652
0 680
0 701
0 761
0 778
0 821
0 855
0 880
0 894
0 907
0 961
1 2
1 3
1 4
1 7
1 8
1 9
1 12
1 19
1 25
1 29
1 31
1 33
1 51
1 53
1 55
1 81
1 83
1 86
1 89
1 96
1 107
1 116
1 124
1 126
1 132
1 143
1 155
1 157
1 177
1 178
1 201
1 203
1 238
1 248
1 259
1 293
1 312
1 321
1 340
1 345
1 353
1 359
1 428
1 471
1 491
1 499
1 518
1 523
1 532
1 540
1 549
1 569
1 578
1 626
1 628
1 629
1 672
1 686
1 748
1 765
1 789
1 802
1 814
1 829
1 902
1 909
1 910
1 947
1 952
1 954
1 975
2 3
2 4
2 5
2 6
2 15
2 23
2 24
2 27
2 32
2 33
2 35
2 38
2 42
2 52
2 58
2 62
2 87
2 92
2 101
2 119
2 120
2 122
2 123
2 124
2 137
2 152
2 156
2 160
2 161
2 186
2 214
2 221
2 247
2 250
2 256
2 258
2 276
2 277
2 280
2 308
2 316
2 331
2 398
2 404
2 429
2 442
2 447
2 450
2 463
2 485
2 596
2 607
2 692
2 693
2 709
2 732
2 735
2 767
2 798
2 820
2 831
2 847
2 935
2 938
2 979
3 5
3 6
3 8
3 14
3 15
3 18
3 20
3 22
3 23
3 28
3 35
3 43
3 67
3 69
3 75
3 80
3 90
3 93
3 105
3 108
3 113
3 118
3 160
3 186
3 193
3 198
3 208
3 242
3 259
3 261
3 269
3 304
3 305
3 311
3 372
3 382
3 383
3 471
3 515
3 520
3 570
3 578
3 626
3 634
3 650
3 717
3 751
3 784
3 868
3 979
3 998
4 5
4 6
4 7
4 8
4 9
4 10
4 11
4 12
4 13
4 14
4 16
4 17
4 18
4 19
4 20
4 21
4 24
4 26
4 28
4 30
4 36
4 37
4 38
4 45
4 46
4 51
4 54
4 55
4 61
4 66
4 68
4 69
4 72
4 79
4 97
4 110
4 111
4 114
4 131
4 133
4 136
4 139
4 140
4 154
4 158
4 167
4 171
4 175
4 176
4 177
4 178
4 199
4 205
4 206
4 208
4 209
4 210
4 213
4 229
4 230
4 241
4 245
4 256
4 261
4 263
4 268
4 274
4 278
4 280
4 281
4 293
4 294
4 308
4 311
4 317
4 322
4 342
4 378
4 386
4 394
4 396
4 403
4 406
4 416
4 417
4 455
4 458
4 468
4 473
4 478
4 484
4 489
4 505
4 523
4 526
4 528
4 541
4 552
4 588
4 605
4 622
4 651
4 664
4 666
4 673
4 687
4 704
4 708
4 710
4 721
4 774
4 797
4 817
4 852
4 872
4 877
4 883
4 885
4 892
4 899
4 910
4 919
4 922
4 927
4 941
4 950
4 979
5 10
5 11
5 12
5 23
5 34
5 40
5 50
5 74
5 85
5 131
5 159
5 160
5 163
5 164
5 180
5 193
5 221
5 233
5 234
5 241
5 264
5 288
5 292
5 303
5 389
5 465
5 467
5 475
5 481
5 494
5 534
5 552
5 556
5 599
5 628
5 749
5 785
5 861
5 965
5 973
5 984
6 9
6 10
6 17
6 20
6 22
6 24
6 28
6 29
6 49
6 70
6 80
6 81
6 92
6 98
6 117
6 142
6 146
6 148
6 151
6 192
6 228
6 233
6 240
6 260
6 267
6 269
6 299
6 302
6 306
6 313
6 341
6 347
6 365
6 375
6 379
6 412
6 433
6 436
6 446
6 462
6 469
6 472
6 532
6 537
6 640
6 647
6 656
6 665
6 677
6 696
6 723
6 738
6 746
6 861
6 893
6 914
6 928
6 950
6 978
7 13
7 17
7 21
7 25
7 26
7 37
7 39
7 43
7 44
7 59
7 60
7 61
7 63
7 68
7 74
7 84
7 106
7 112
7 120
7 124
7 127
7 128
7 134
7 190
7 197
7 201
7 217
7 273
7 274
7 285
7 309
7 349
7 440
7 454
7 524
7 537
7 561
7 624
7 739
7 759
7 771
7 780
7 791
7 794
7 825
7 826
7 870
7 871
7 874
7 885
7 891
7 893
7 957
7 995
8 41
8 71
8 75
8 83
8 106
8 130
8 164
8 190
8 254
8 357
8 360
8 465
8 474
8 478
8 500
8 590
8 676
8 679
8 729
8 825
9 594
9 811
10 31
10 34
10 36
10 53
10 173
10 179
10 188
10 232
10 235
10 299
10 347
10 477
10 510
10 519
10 541
10 632
10 638
10 766
10 812
10 858
10 867
11 13
11 40
11 46
11 48
11 167
11 236
11 267
11 284
11 378
11 441
11 515
11 600
11 699
11 717
11 720
11 736
11 738
11 753
11 836
11 848
11 895
11 995
12 14
12 22
12 39
12 55
12 56
12 60
12 79
12 87
12 129
12 150
12 152
12 171
12 204
12 245
12 334
12 338
12 375
12 482
12 554
12 694
12 731
12 771
12 774
12 793
12 804
12 887
13 18
13 21
13 49
13 57
13 64
13 71
13 83
13 109
13 112
13 140
13 179
13 200
13 228
13 253
13 262
13 271
13 300
13 314
13 341
13 460
13 535
13 586
13 656
13 694
13 715
13 816
13 829
13 964
13 997
14 15
14 16
14 30
14 31
14 40
14 41
14 44
14 47
14 57
14 64
14 69
14 71
14 78
14 84
14 91
14 93
14 100
14 143
14 179
14 189
14 191
14 216
14 241
14 289
14 307
14 327
14 367
14 380
14 384
14 387
14 414
14 427
14 445
14 469
14 473
14 474
14 539
14 545
14 595
14 637
14 658
14 678
14 690
14 732
14 747
14 771
14 792
14 846
14 853
14 872
14 898
14 899
14 981
15 25
15 32
15 39
15 62
15 103
15 165
15 182
15 222
15 225
15 244
15 257
15 355
15 409
15 438
15 580
15 682
15 753
15 778
15 787
15 876
15 934
16 41
16 87
16 146
16 392
16 445
16 571
16 762
16 916
16 936
16 998
17 98
17 250
17 337
17 372
17 467
17 617
17 775
17 948
18 27
18 35
18 51
18 68
18 76
18 120
18 144
18 239
18 282
18 296
18 312
18 314
18 331
18 373
18 407
18 423
18 456
18 505
18 539
18 543
18 668
18 693
18 742
18 992
19 27
19 58
19 82
19 97
19 149
19 157
19 170
19 181
19 268
19 401
19 592
19 625
19 698
19 742
19 748
19 749
19 778
19 889
19 894
19 929
19 932
19 943
20 34
20 50
20 132
20 148
20 164
20 208
20 224
20 358
20 416
20 492
20 555
20 583
20 658
20 699
20 730
20 790
20 799
20 812
20 974
20 997
21 30
21 506
21 603
21 719
22 63
22 86
22 97
22 140
22 163
22 166
22 194
22 227
22 236
22 243
22 255
22 257
22 308
22 343
22 352
22 376
22 446
22 573
22 598
22 688
22 777
22 842
22 905
22 952
22 983
22 986
23 29
23 119
23 126
23 301
23 433
23 647
23 867
23 868
23 952
24 77
24 117
24 168
24 187
24 196
24 198
24 212
24 273
24 329
24 342
24 344
24 349
24 368
24 382
24 669
24 892
25 33
25 78
25 102
25 111
25 139
25 182
25 207
25 282
25 289
25 370
25 390
25 648
25 674
25 842
25 915
25 961
25 969
26 32
26 61
26 70
26 93
26 96
26 99
26 115
26 132
26 133
26 166
26 292
26 380
26 388
26 422
26 553
26 621
26 634
26 674
26 772
26 847
26 848
26 901
26 939
26 959
26 968
27 73
27 80
27 207
27 460
27 511
27 569
27 630
27 754
27 781
27 985
28 48
28 85
28 88
28 102
28 134
28 169
28 286
28 366
28 435
28 461
28 641
28 813
29 42
29 46
29 49
29 53
29 54
29 59
29 90
29 99
29 107
29 113
29 133
29 135
29 155
29 195
29 214
29 216
29 257
29 287
29 436
29 479
29 491
29 500
29 527
29 556
29 562
29 675
29 740
29 756
29 758
29 804
30 103
30 107
30 115
30 231
30 266
30 324
30 365
30 414
30 522
30 610
30 618
30 818
31 48
31 52
31 56
31 81
31 202
31 228
31 359
31 363
31 478
31 519
31 684
31 721
31 815
31 957
31 980
32 47
32 66
32 126
32 131
32 211
32 294
32 646
32 681
32 808
32 933
33 36
33 64
33 118
33 145
33 225
33 251
33 303
33 438
33 929
33 937
33 968
34 37
34 45
34 47
34 50
34 72
34 88
34 147
34 159
34 211
34 286
34 371
34 402
34 475
34 587
34 598
34 602
34 606
34 654
34 655
34 698
34 751
34 835
34 850
34 888
34 921
34 947
35 58
35 92
35 101
35 110
35 143
35 182
35 205
35 209
35 232
35 250
35 266
35 295
35 307
35 399
35 410
35 443
35 459
35 476
35 491
35 533
35 536
35 543
35 570
35 614
35 944
36 38
36 65
36 66
36 67
36 75
36 172
36 238
36 242
36 246
36 254
36 305
36 529
36 561
36 608
36 652
36 676
36 719
36 722
36 730
36 809
37 45
37 78
37 84
37 89
37 98
37 115
37 165
37 189
37 196
37 221
37 238
37 342
37 573
37 716
37 726
37 733
37 781
37 853
37 896
37 988
38 44
38 146
38 218
38 270
38 273
38 380
38 489
38 868
38 918
39 42
39 62
39 95
39 121
39 185
39 339
39 360
39 432
39 545
39 679
39 723
39 734
40 104
40 201
40 874
40 975
41 43
41 63
41 94
41 166
41 272
41 329
41 415
41 424
41 643
41 689
41 707
41 791
41 890
42 73
42 168
42 174
42 469
42 520
43 54
43 76
43 128
43 147
43 153
43 246
43 297
43 301
43 339
43 362
43 384
43 472
43 504
43 974
44 52
44 195
44 290
44 400
44 417
44 437
44 511
44 542
44 608
44 636
44 659
44 722
44 777
44 877
45 100
45 324
45 401
45 462
45 744
45 919
45 927
46 91
46 317
46 404
46 483
46 566
46 594
46 737
46 740
46 861
47 149
47 262
47 264
47 434
47 665
47 686
48 67
48 72
48 82
48 119
48 276
48 356
48 728
48 744
48 930
49 60
49 145
49 148
49 153
49 585
49 589
49 673
49 718
49 764
49 845
49 857
50 226
50 521
50 701
50 838
51 248
51 258
51 341
51 468
51 550
51 690
52 57
52 59
52 65
52 70
52 85
52 91
52 104
52 144
52 213
52 227
52 277
52 353
52 374
52 439
52 448
52 543
52 613
52 649
52 798
53 218
53 239
53 284
53 561
53 571
53 651
53 972
54 108
54 189
54 205
54 207
54 227
54 638
55 101
55 264
55 550
55 821
55 994
56 95
56 104
56 139
56 170
56 470
56 511
56 527
56 603
56 679
56 709
56 751
56 944
57 65
57 76
57 82
57 175
57 244
57 265
57 281
57 332
57 393
57 495
57 546
57 575
57 806
57 937
58 162
58 279
58 334
58 593
59 105
59 109
59 327
59 662
60 477
60 549
61 112
61 152
61 419
61 939
61 991
63 79
63 96
63 184
63 215
63 216
63 244
63 306
63 366
63 398
63 897
63 962
63 997
64 125
64 170
64 363
64 367
64 390
64 453
64 508
64 530
64 568
65 77
65 102
65 108
65 130
65 156
65 206
65 258
65 379
65 386
65 403
65 429
65 564
65 584
65 593
65 594
65 727
65 960
65 989
66 103
66 413
66 583
67 77
67 106
67 114
67 130
67 212
67 282
67 338
67 470
67 645
67 750
67 768
67 887
67 927
68 74
68 145
68 191
68 261
68 267
68 283
68 306
68 309
68 346
68 349
68 431
68 458
68 488
68 624
68 642
68 725
68 779
68 794
68 822
68 830
68 945
69 99
69 183
69 210
69 235
69 410
69 549
69 832
69 908
70 100
70 113
70 188
71 144
71 220
71 457
71 497
71 760
71 880
71 907
72 357
72 599
72 747
72 820
73 240
73 700
74 122
74 161
74 490
74 617
74 627
75 137
75 383
75 397
75 430
76 89
76 184
76 232
76 725
77 134
77 174
77 184
77 492
77 587
77 601
77 636
77 911
78 194
78 320
78 799
78 819
79 94
79 125
79 128
79 180
79 204
79 209
79 222
79 245
79 247
79 400
79 443
79 590
79 705
79 749
79 814
79 851
79 878
79 940
80 88
80 141
80 150
80 283
80 381
80 822
81 86
81 123
81 451
81 581
81 913
81 999
82 118
82 252
82 413
82 615
82 677
82 688
82 726
82 975
83 95
83 155
83 187
83 200
83 248
83 314
83 418
83 803
83 881
83 883
83 972
84 559
85 111
85 121
85 136
85 138
85 154
85 202
85 312
85 325
85 328
85 353
85 466
85 577
85 712
85 720
85 734
85 755
85 783
85 912
86 105
86 171
86 222
86 542
86 717
87 109
87 358
87 532
87 595
88 116
88 162
88 176
88 343
88 407
88 430
88 486
88 545
88 597
88 639
88 956
88 989
89 137
89 168
89 181
89 199
89 204
89 361
89 610
89 731
89 750
89 844
89 931
90 239
90 275
90 359
90 375
90 554
90 623
90 864
90 915
91 234
91 340
91 476
91 500
92 263
92 371
92 420
92 503
92 586
92 614
93 94
93 135
93 229
93 310
93 671
94 183
94 602
94 605
94 838
95 151
95 225
95 252
95 329
95 440
95 502
95 725
95 752
95 780
95 787
95 796
95 877
95 879
95 949
96 135
96 154
96 237
96 243
96 517
96 520
96 663
96 871
96 931
97 117
97 319
97 335
97 667
97 694
97 746
97 758
97 769
97 882
98 279
98 288
98 345
98 464
99 123
99 172
99 173
99 186
99 187
99 196
99 287
99 311
99 319
99 408
99 411
99 428
99 450
99 456
99 558
99 704
99 714
99 755
99 774
100 110
100 141
100 173
100 190
100 230
100 289
100 298
100 322
100 350
100 426
100 611
100 620
100 640
100 729
100 994
101 129
101 149
101 430
101 530
101 691
101 912
101 934
102 568
102 854
103 450
103 512
104 153
104 223
104 231
104 234
104 236
104 274
104 620
104 648
104 710
104 780
105 161
106 452
106 606
107 141
107 551
107 865
108 127
108 272
108 346
108 486
108 537
108 629
108 857
109 122
109 936
110 121
110 509
110 657
110 993
111 125
111 138
111 199
111 251
111 275
111 285
111 396
111 603
111 663
111 718
112 116
112 200
112 224
112 298
112 392
112 534
113 169
113 192
113 362
113 487
113 881
113 956
114 788
115 249
115 304
115 425
115 470
115 551
115 641
115 698
115 706
115 779
116 990
117 156
117 286
117 298
117 374
117 624
117 756
117 920
118 138
118 150
118 223
118 439
118 609
118 635
118 761
118 788
118 841
119 328
119 558
119 676
120 386
120 574
120 579
120 832
120 973
121 215
121 254
121 259
121 459
121 640
121 770
121 782
121 930
122 177
122 206
122 255
122 276
122 442
122 604
122 614
122 802
123 142
123 302
123 418
123 642
123 864
123 892
123 915
123 926
124 129
124 183
124 217
124 393
124 531
124 631
124 687
124 709
124 711
124 803
125 163
125 180
125 260
125 560
125 578
125 584
125 629
125 653
125 689
126 127
126 157
126 185
126 355
126 364
126 556
126 746
126 775
127 147
127 431
127 521
128 538
128 889
129 202
129 356
129 433
129 482
129 546
130 295
130 362
131 167
131 265
131 449
132 489
132 504
132 768
133 269
133 325
133 521
133 846
133 925
134 217
134 219
134 226
134 504
134 579
134 824
135 237
135 243
135 260
135 333
135 354
135 449
135 488
135 611
135 635
135 784
135 818
135 974
136 290
136 562
136 577
136 808
136 946
137 165
137 230
137 474
137 529
137 645
137 777
137 849
138 176
138 339
139 158
139 297
139 335
139 477
140 397
140 464
141 195
141 220
141 346
141 373
141 451
141 967
142 159
142 313
142 322
142 376
142 402
142 784
142 819
142 982
143 181
143 197
143 446
143 495
143 535
143 542
143 672
145 875
146 300
146 361
146 609
146 683
146 773
147 151
147 169
147 252
147 494
147 761
147 790
147 881
149 219
149 284
149 387
149 389
149 395
149 399
149 435
149 585
150 212
150 263
150 487
150 538
150 617
150 736
150 966
151 210
151 468
151 615
152 229
152 231
152 434
152 565
152 576
152 866
152 946
153 591
153 667
154 162
154 185
154 224
154 237
154 249
154 293
154 296
154 651
154 981
155 916
156 351
157 441
159 218
159 277
159 301
159 315
159 350
159 523
159 567
159 716
159 767
159 970
160 356
160 483
160 558
160 581
161 174
161 178
161 270
161 330
161 337
161 388
161 442
161 618
161 727
161 732
161 786
161 996
162 214
162 271
162 453
162 571
162 613
163 255
163 401
163 566
163 699
163 851
164 367
164 407
164 808
165 279
165 969
166 630
166 652
166 760
167 220
167 233
167 316
167 319
167 448
167 465
167 645
167 840
167 953
168 172
168 194
168 330
168 460
168 505
169 993
170 389
170 434
170 582
170 714
171 291
171 336
171 479
171 506
171 734
171 789
171 922
172 219
172 278
173 310
174 294
174 475
174 483
174 565
174 604
174 702
174 756
175 215
175 395
175 850
176 192
176 343
177 226
177 843
177 963
178 278
178 320
179 262
179 618
179 704
179 713
179 740
179 857
179 906
180 315
180 517
180 682
180 707
180 786
180 792
180 924
180 985
181 320
181 366
181 447
181 572
182 321
183 203
183 323
183 350
183 455
183 708
183 789
183 793
183 811
183 836
183 871
183 935
184 188
184 251
184 513
184 650
184 913
184 955
185 334
185 490
185 498
185 503
185 609
185 616
185 637
185 891
185 965
186 330
186 816
186 908
187 880
187 990
188 242
188 325
188 405
188 599
188 668
188 862
188 919
188 999
189 332
189 592
189 682
189 745
189 776
190 191
190 223
190 272
190 297
190 422
190 735
190 755
190 900
191 253
191 275
191 396
191 408
191 831
192 292
192 295
192 300
192 305
192 575
192 630
194 409
194 552
194 879
195 213
195 473
196 198
196 318
196 649
197 323
197 351
198 568
198 932
198 988
199 382
199 415
199 452
199 490
199 540
200 235
200 385
200 406
200 445
200 507
201 203
201 903
202 268
202 538
203 283
203 337
203 553
203 827
203 828
204 211
204 310
204 824
205 405
205 823
205 836
206 240
206 466
207 246
207 324
207 347
207 501
207 668
207 760
207 772
207 991
208 787
209 493
209 675
210 249
210 291
210 496
210 607
210 644
210 729
210 764
211 564
211 606
211 608
211 901
212 290
212 548
212 650
213 291
214 582
214 612
214 649
214 736
214 840
214 893
214 942
215 270
215 307
215 773
215 879
216 271
216 905
217 287
217 344
217 675
218 266
218 280
218 285
218 376
218 526
218 534
218 584
218 665
218 862
219 315
219 408
219 463
219 673
219 680
219 776
219 805
219 951
219 986
220 575
221 333
221 424
221 426
221 502
221 529
221 757
222 809
223 616
223 791
224 302
224 304
224 480
224 499
224 592
224 720
224 733
224 869
225 369
225 801
227 317
227 348
227 352
227 387
227 427
227 454
227 559
227 888
228 368
228 459
228 522
228 535
228 596
228 628
228 684
228 700
228 724
228 902
228 922
229 493
230 281
230 420
230 432
231 484
231 954
232 326
233 326
233 414
233 570
233 579
234 444
234 530
235 691
235 849
236 247
237 354
237 405
237 616
237 757
238 345
238 510
238 516
239 829
239 839
239 932
240 369
241 318
241 613
241 685
241 830
242 498
243 253
243 588
243 642
244 265
244 340
245 338
245 358
245 360
245 563
245 633
246 336
246 352
246 381
246 421
246 462
246 678
246 762
246 796
247 316
247 423
248 299
248 309
250 335
250 412
250 659
250 697
251 326
251 391
251 411
251 471
251 510
251 541
251 807
251 884
252 361
252 424
252 705
252 728
252 741
252 844
252 951
252 983
255 379
255 929
255 966
255 993
256 596
257 451
257 492
258 321
258 364
258 583
258 858
258 895
259 782
260 533
260 754
261 377
261 656
261 848
262 327
262 348
262 393
262 701
263 664
263 671
263 854
264 395
264 417
264 597
264 671
265 690
265 817
266 977
267 621
267 662
267 762
267 805
267 883
268 526
268 792
269 391
269 455
270 724
271 739
272 711
273 398
274 660
274 747
274 885
275 288
275 384
275 420
275 427
275 457
275 559
275 790
275 911
276 323
276 336
276 507
276 531
276 696
276 793
278 553
280 296
280 418
280 487
280 512
280 607
280 703
280 942
280 977
281 371
281 373
281 419
281 422
281 713
281 810
281 898
282 381
282 461
283 328
283 348
283 385
283 404
283 411
283 480
284 351
284 621
285 369
285 856
287 906
287 988
290 313
290 666
291 452
291 782
292 331
292 406
293 426
293 636
293 856
294 357
294 383
294 413
294 522
294 837
294 840
295 435
296 524
296 692
296 702
297 938
298 425
298 562
298 643
298 833
298 960
299 438
299 797
299 875
300 830
301 823
302 368
302 591
302 653
302 768
303 428
303 666
303 913
304 318
304 508
304 560
304 589
304 849
304 896
305 421
305 494
305 604
305 691
305 899
305 904
307 332
307 693
307 827
308 377
308 403
308 574
308 577
308 737
308 937
310 365
310 632
310 759
312 458
312 595
312 828
313 355
313 441
314 463
315 955
315 962
315 987
317 745
318 410
318 557
318 754
318 987
318 998
319 409
319 525
319 625
319 872
319 923
320 557
321 695
321 914
321 961
323 703
323 845
324 391
324 547
324 612
325 392
325 454
325 683
326 653
326 664
327 440
327 484
327 625
327 712
329 684
330 495
330 783
330 978
331 385
331 467
331 644
331 971
333 394
334 344
334 448
334 531
334 601
334 826
336 781
337 449
337 971
339 527
340 550
342 685
342 737
342 960
343 654
344 507
347 779
347 803
347 805
347 924
350 647
350 987
351 429
351 437
351 444
351 485
351 536
351 659
351 689
352 581
352 758
353 370
353 457
353 942
354 374
354 464
354 723
355 388
355 419
355 447
355 461
355 551
355 612
355 619
355 943
356 377
356 482
356 986
357 657
357 772
358 456
359 425
359 518
360 370
360 585
360 611
360 646
360 743
361 548
361 620
361 847
362 363
362 378
362 472
362 501
362 655
362 949
362 982
362 995
363 977
364 731
366 485
366 949
367 444
367 591
367 593
368 544
368 670
368 834
369 372
369 431
369 506
369 574
369 631
369 867
369 928
369 969
370 412
370 437
370 563
371 513
371 719
372 415
372 846
373 576
373 806
374 546
374 945
375 524
375 753
375 875
375 884
375 887
375 925
376 910
380 889
381 958
382 639
382 745
383 394
383 399
383 950
385 390
386 586
386 667
386 837
387 900
389 436
389 957
389 985
390 397
390 631
390 632
390 928
392 479
392 502
393 662
393 862
395 516
396 439
397 402
398 514
398 811
399 423
399 480
399 501
399 627
399 700
400 509
400 554
400 707
402 695
402 706
402 890
403 528
403 587
403 812
403 865
404 518
404 539
404 999
405 619
406 822
407 610
407 681
407 715
407 895
408 994
409 421
409 590
409 992
410 743
411 681
411 963
415 416
415 557
415 567
416 453
416 802
416 869
416 962
417 572
417 970
418 498
418 669
419 517
419 810
422 821
422 854
423 800
423 851
423 914
424 481
424 496
424 703
425 564
425 670
428 783
429 864
431 695
431 750
432 605
433 443
433 818
435 512
435 828
436 602
437 722
437 886
438 513
438 569
438 708
438 834
438 870
439 503
439 634
439 721
439 909
440 563
441 525
441 544
442 508
443 702
443 801
444 486
444 514
445 514
445 964
446 547
446 626
446 627
446 742
447 466
448 850
450 476
450 499
450 739
450 874
451 842
452 488
453 639
453 859
453 941
454 576
455 481
455 855
456 660
458 859
460 497
460 843
461 989
462 566
462 923
463 744
463 906
464 547
466 795
467 971
468 752
469 548
469 644
469 776
469 898
471 533
471 638
472 769
474 622
474 660
474 882
475 525
475 820
476 509
478 496
478 515
478 705
478 951
479 897
480 727
480 824
481 572
481 733
483 497
483 896
485 833
486 493
486 623
486 738
487 657
489 963
490 519
490 555
490 567
490 670
490 800
490 976
491 516
491 674
491 907
492 555
492 573
492 663
494 655
495 959
496 799
498 544
498 680
498 798
499 763
500 622
500 810
501 633
502 948
504 536
504 978
506 741
510 540
511 890
512 560
519 839
523 528
523 661
524 833
525 712
527 816
527 886
527 901
528 597
528 806
528 813
528 903
529 827
530 941
532 807
534 795
534 804
534 945
536 866
536 943
537 801
537 873
538 669
539 601
539 635
541 936
544 845
545 696
545 706
545 825
545 870
547 757
550 697
550 959
551 580
551 600
551 831
554 623
554 814
555 641
555 643
556 823
557 565
557 582
557 724
560 908
562 678
563 785
563 940
566 658
568 882
568 916
569 687
571 661
571 886
572 589
572 858
574 600
574 677
574 764
575 633
575 752
575 815
575 938
577 984
578 588
579 835
582 598
582 646
582 785
583 964
584 843
584 996
585 683
586 931
588 619
594 958
595 615
596 692
598 715
598 728
598 770
598 976
599 648
599 672
599 748
599 770
599 860
599 996
602 654
602 788
605 894
606 832
607 968
609 826
609 878
609 912
609 940
610 918
611 735
617 766
620 730
622 718
622 869
625 741
625 923
626 876
626 984
630 973
632 661
632 726
634 900
637 795
637 855
639 711
640 688
640 852
640 878
641 844
643 813
643 944
647 935
648 970
650 809
651 917
652 815
653 697
653 766
654 713
660 710
660 903
662 873
663 956
665 714
672 897
672 925
675 904
676 686
678 743
679 939
680 839
684 685
685 759
685 769
690 947
691 966
692 765
698 980
702 716
702 863
704 933
707 860
708 837
710 930
711 797
712 817
723 924
726 876
727 775
728 763
728 773
728 841
728 967
731 841
734 796
735 800
737 953
739 786
741 767
742 763
744 983
746 982
747 838
751 920
751 946
752 953
754 888
755 860
755 917
756 835
757 921
758 765
768 909
770 794
773 926
776 852
782 807
785 918
786 866
788 934
788 967
789 905
793 992
795 863
795 954
795 972
806 819
806 948
806 965
810 834
813 920
814 884
815 911
823 853
823 865
827 873
838 955
848 958
849 891
851 856
851 904
855 859
855 902
855 991
858 976
858 981
862 863
872 990
877 921
878 926
878 980
889 933
891 917
