0 1
0 2
0 3
0 5
0 6
0 8
0 9
0 12
0 14
0 19
0 26
0 31
0 33
0 46
0 59
0 71
0 78
0 96
0 101
0 105
0 106
0 109
0 124
0 163
0 174
0 211
0 240
0 280
0 308
0 311
0 322
0 323
0 326
0 332
0 372
0 387
0 392
0 395
0 426
0 428
0 433
0 594
0 676
1 2
1 3
1 4
1 5
1 7
1 8
1 13
1 16
1 37
1 57
1 87
1 95
1 96
1 105
1 113
1 131
1 150
1 180
1 210
1 291
1 293
1 297
1 325
1 345
1 403
1 498
1 535
1 542
1 607
1 627
1 690
1 792
1 816
1 846
1 858
1 902
2 3
2 4
2 5
2 7
2 13
2 14
2 17
2 18
2 29
2 34
2 51
2 59
2 70
2 73
2 80
2 84
2 99
2 107
2 108
2 117
2 118
2 127
2 130
2 152
2 162
2 203
2 205
2 240
2 242
2 265
2 287
2 359
2 389
2 407
2 432
2 438
2 448
2 461
2 553
2 556
2 586
2 597
2 646
2 647
2 665
2 697
2 784
2 786
2 793
2 798
2 836
2 868
2 917
2 943
3 4
3 8
3 9
3 10
3 16
3 17
3 18
3 21
3 22
3 23
3 24
3 33
3 45
3 47
3 50
3 52
3 55
3 64
3 70
3 76
3 77
3 78
3 80
3 98
3 104
3 106
3 109
3 113
3 131
3 150
3 165
3 167
3 195
3 217
3 228
3 230
3 241
3 244
3 247
3 270
3 281
3 284
3 294
3 312
3 318
3 343
3 358
3 376
3 410
3 412
3 426
3 435
3 473
3 480
3 488
3 493
3 523
3 524
3 553
3 577
3 615
3 644
3 665
3 668
3 691
3 694
3 696
3 709
3 720
3 738
3 770
3 803
3 808
3 811
3 844
3 845
3 865
3 873
3 875
3 920
3 973
3 983
3 993
3 995
4 6
4 7
4 9
4 10
4 15
4 17
4 20
4 24
4 37
4 39
4 47
4 52
4 53
4 58
4 61
4 69
4 72
4 73
4 80
4 85
4 97
4 100
4 155
4 157
4 160
4 163
4 174
4 184
4 218
4 232
4 315
4 321
4 323
4 366
4 380
4 388
4 415
4 445
4 485
4 520
4 545
4 569
4 584
4 601
4 611
4 659
4 663
4 722
4 729
4 796
4 840
4 910
4 916
4 949
4 959
4 960
4 988
5 6
5 11
5 12
5 13
5 19
5 21
5 30
5 31
5 53
5 55
5 58
5 64
5 72
5 86
5 93
5 95
5 102
5 108
5 110
5 114
5 129
5 130
5 135
5 151
5 157
5 193
5 210
5 229
5 237
5 246
5 267
5 283
5 344
5 367
5 382
5 385
5 393
5 403
5 437
5 460
5 497
5 502
5 509
5 534
5 546
5 547
5 566
5 591
5 603
5 632
5 666
5 690
5 736
5 744
5 771
5 813
5 851
5 876
5 953
5 962
6 11
6 14
6 24
6 26
6 28
6 31
6 32
6 54
6 75
6 149
6 173
6 208
6 356
6 429
6 463
6 495
6 527
6 560
6 662
6 689
7 10
7 16
7 18
7 26
7 28
7 30
7 32
7 57
7 68
7 81
7 110
7 126
7 154
7 159
7 219
7 230
7 260
7 272
7 281
7 299
7 350
7 390
7 402
7 415
7 432
7 472
7 503
7 519
7 520
7 560
7 561
7 562
7 592
7 616
7 735
7 743
7 766
7 818
7 840
7 917
7 967
7 979
7 997
8 27
8 30
8 32
8 35
8 37
8 48
8 49
8 79
8 100
8 107
8 179
8 185
8 198
8 214
8 261
8 265
8 277
8 282
8 304
8 317
8 327
8 418
8 524
8 536
8 593
8 594
8 672
8 683
8 777
8 849
8 901
8 904
8 921
9 11
9 12
9 15
9 20
9 25
9 29
9 35
9 38
9 41
9 42
9 43
9 48
9 62
9 66
9 76
9 77
9 82
9 92
9 112
9 115
9 124
9 133
9 147
9 166
9 179
9 191
9 196
9 223
9 228
9 233
9 271
9 273
9 284
9 295
9 305
9 309
9 320
9 327
9 346
9 357
9 374
9 391
9 424
9 439
9 461
9 465
9 502
9 518
9 525
9 557
9 677
9 684
9 730
9 751
9 754
9 831
9 859
9 886
9 918
9 947
9 957
9 968
9 973
9 995
9 998
10 22
10 27
10 45
10 76
10 86
10 90
10 103
10 111
10 160
10 291
10 298
10 379
10 385
10 549
10 551
10 577
10 590
10 633
10 966
11 19
11 20
11 21
11 25
11 39
11 63
11 71
11 77
11 161
11 168
11 186
11 236
11 290
11 313
11 371
11 391
11 570
11 670
11 801
11 812
11 903
11 908
12 15
12 62
12 96
12 122
12 127
12 139
12 230
12 258
12 337
12 534
12 558
12 567
12 579
12 626
12 634
12 742
12 821
12 939
13 23
13 27
13 35
13 36
13 97
13 126
13 151
13 299
13 363
13 364
13 401
13 421
13 480
13 484
13 548
13 627
13 669
13 716
13 771
13 989
14 44
14 74
14 88
14 119
14 121
14 237
14 374
14 482
14 793
14 869
14 896
14 986
15 29
15 34
15 40
15 44
15 49
15 112
15 134
15 240
15 257
15 271
15 274
15 358
15 396
15 402
15 545
15 689
15 812
15 839
15 856
16 41
16 48
16 200
16 261
16 650
16 803
16 806
16 841
16 980
17 22
17 25
17 43
17 71
17 74
17 78
17 91
17 106
17 122
17 138
17 152
17 154
17 171
17 231
17 242
17 251
17 298
17 316
17 335
17 370
17 413
17 431
17 465
17 466
17 478
17 487
17 512
17 570
17 652
17 736
17 776
17 804
17 933
17 976
17 981
17 999
18 82
18 121
18 278
18 425
18 576
18 646
18 723
19 57
19 67
19 101
19 135
19 142
19 148
19 160
19 209
19 216
19 288
19 297
19 404
19 434
19 435
19 439
19 471
19 513
19 578
19 604
19 609
19 772
19 794
19 875
19 896
19 904
19 972
19 973
20 23
20 55
20 63
20 84
20 189
20 226
20 258
20 278
20 300
20 334
20 412
20 444
20 505
20 536
20 542
20 589
20 597
20 630
20 669
20 679
20 685
20 742
20 831
20 925
20 950
21 28
21 43
21 44
21 56
21 68
21 144
21 170
21 178
21 194
21 249
21 325
21 355
21 361
21 368
21 392
21 406
21 422
21 468
21 537
21 609
21 722
21 968
21 977
22 49
22 54
22 93
22 94
22 95
22 107
22 121
22 158
22 170
22 178
22 182
22 197
22 324
22 356
22 378
22 393
22 453
22 593
22 602
22 612
22 790
22 931
22 938
22 961
23 68
24 33
24 227
24 340
24 479
24 487
24 728
25 51
25 140
25 164
25 199
25 212
25 247
25 301
25 314
25 646
25 673
25 945
26 36
26 101
26 192
26 254
26 506
26 619
26 660
26 676
26 756
26 760
26 790
26 850
26 857
27 34
27 54
27 61
27 79
27 110
27 177
27 203
27 248
27 251
27 316
27 347
27 678
28 65
28 66
28 83
28 286
28 292
28 346
28 419
28 459
28 661
28 724
28 953
29 65
29 70
29 103
29 193
29 343
30 67
30 226
30 413
30 861
31 60
31 120
31 132
31 222
31 284
31 383
31 477
31 500
31 562
31 672
31 683
31 702
31 768
32 39
32 45
32 75
32 143
32 189
32 193
32 318
32 354
32 360
32 392
32 428
32 436
32 460
32 590
32 662
32 687
32 698
32 711
32 867
33 38
33 176
33 218
33 329
33 364
33 844
33 892
34 42
34 60
34 249
34 321
34 433
34 470
34 540
34 591
34 610
34 739
34 838
35 36
35 40
35 46
35 73
35 102
35 239
35 520
35 522
35 575
35 607
35 796
35 949
36 38
36 41
36 42
36 146
36 245
36 353
36 469
36 499
36 507
36 596
36 605
36 756
36 820
36 832
37 40
37 47
37 88
37 123
37 171
37 208
37 229
37 241
37 286
37 300
37 319
37 341
37 344
37 372
37 555
37 671
37 813
37 828
37 894
38 46
38 114
38 252
38 352
38 372
38 501
38 683
38 776
38 839
38 984
39 103
39 213
39 289
39 296
39 652
40 52
40 90
40 136
40 145
40 172
40 188
40 202
40 225
40 299
40 313
40 367
40 379
40 594
40 651
40 707
40 781
40 911
40 921
40 987
41 56
41 167
41 185
41 204
41 221
41 225
41 238
41 268
41 305
41 537
41 604
41 631
41 658
41 956
42 92
42 146
42 206
42 227
42 303
42 313
42 328
42 341
42 424
42 454
42 471
42 493
42 589
42 608
42 642
42 655
42 733
43 116
43 219
43 221
43 226
43 327
43 564
43 623
43 726
44 148
44 180
44 823
45 51
45 67
45 137
45 166
45 307
45 324
45 344
45 375
45 424
45 531
45 621
45 758
46 50
46 56
46 58
46 65
46 91
46 116
46 138
46 156
46 212
46 294
46 336
46 368
46 452
46 481
46 577
46 629
46 719
46 724
46 743
46 810
46 951
47 99
47 168
47 405
47 453
47 455
47 581
47 602
47 954
47 993
48 64
48 75
48 89
48 99
48 146
48 149
48 234
48 275
48 280
48 285
48 309
48 349
48 369
48 378
48 379
48 412
48 442
48 580
48 609
48 612
48 613
48 825
48 885
48 958
48 959
48 978
49 50
49 100
49 118
49 156
49 207
49 209
49 260
49 450
49 504
49 663
49 713
49 723
50 53
50 60
50 92
50 167
50 169
50 172
50 190
50 198
50 245
50 310
50 451
50 476
50 544
50 750
50 846
50 879
51 62
51 94
51 109
51 164
51 170
51 175
51 243
51 279
51 296
51 298
51 362
51 364
51 367
51 447
51 509
51 537
51 601
51 617
51 666
51 767
51 855
51 942
51 977
52 125
52 155
52 234
52 288
52 530
52 587
52 843
53 91
53 98
53 177
53 256
53 276
53 335
53 406
53 510
53 559
53 587
53 705
53 871
53 922
54 59
54 66
54 88
54 417
54 443
54 521
54 696
54 792
54 896
54 934
54 962
55 61
55 176
55 469
55 565
55 693
55 764
55 824
55 837
56 69
56 85
56 104
56 183
56 205
56 210
56 231
56 243
56 269
56 297
56 437
56 558
56 732
56 835
57 63
57 117
57 133
57 138
57 278
57 279
57 280
57 326
57 448
57 514
57 617
57 843
57 876
58 72
58 123
58 130
58 134
58 151
58 361
58 460
58 618
58 806
58 842
58 937
59 69
59 89
59 131
59 166
59 187
59 199
59 200
59 219
59 331
59 385
59 393
59 402
59 435
59 466
59 497
59 500
59 556
59 596
59 606
59 827
59 921
59 926
60 216
60 430
60 452
60 495
60 904
61 84
61 123
61 220
61 236
61 338
61 342
61 398
61 423
61 485
61 590
61 782
61 809
62 94
62 97
62 108
62 145
62 149
62 158
62 285
62 509
62 565
62 648
62 657
62 682
62 769
62 774
62 797
62 944
62 963
62 966
63 143
63 182
63 192
63 229
63 266
63 397
63 540
63 719
63 732
63 779
63 833
63 860
63 902
63 936
63 950
64 606
65 79
65 118
65 140
65 169
65 211
65 216
65 325
65 398
65 399
65 422
65 664
65 679
65 878
66 87
66 89
66 115
66 128
66 145
66 165
66 207
66 214
66 232
66 295
66 304
66 310
66 351
66 507
66 533
66 610
66 625
66 899
67 217
67 410
68 102
68 122
68 141
68 339
68 362
68 416
68 431
68 444
68 639
68 928
69 135
69 141
69 175
69 248
69 366
69 427
69 455
69 494
69 645
69 700
69 940
69 983
69 991
70 83
70 124
70 150
70 203
70 375
70 517
70 543
70 656
70 745
70 779
70 878
70 939
71 85
71 206
71 345
71 542
72 105
72 181
72 212
72 766
72 909
72 943
73 74
73 116
73 155
73 283
73 290
73 491
73 556
73 566
73 641
73 688
73 993
74 86
74 133
74 211
74 370
75 204
75 235
75 263
75 317
75 337
75 397
75 453
75 530
75 638
75 858
76 98
76 239
76 975
77 81
77 82
77 83
77 180
77 255
77 256
77 332
77 381
77 429
77 473
77 554
77 583
77 835
77 968
78 81
78 87
78 90
78 126
78 129
78 132
78 137
78 154
78 162
78 269
78 275
78 334
78 343
78 360
78 362
78 429
78 608
78 802
78 808
78 847
79 119
79 511
79 533
79 535
79 687
79 746
80 373
80 864
80 905
81 117
81 157
81 308
81 346
81 512
81 536
81 563
81 601
81 645
81 876
82 261
82 314
82 323
82 458
82 477
82 641
82 743
82 744
83 120
83 125
83 172
83 181
83 198
83 204
83 254
83 552
83 674
83 782
83 817
83 868
83 901
84 152
84 237
84 268
84 338
84 421
84 488
84 737
84 767
84 862
84 935
85 161
85 177
85 236
85 244
85 331
85 347
85 427
85 605
85 666
85 815
85 981
86 93
86 156
86 340
86 441
87 245
87 282
87 383
87 702
87 784
88 104
88 119
88 197
88 259
88 290
88 339
88 446
88 585
88 620
89 255
89 350
89 490
89 656
89 776
89 778
89 872
90 201
90 462
91 168
91 400
91 582
91 708
91 864
92 139
92 270
92 292
92 389
92 859
93 250
93 634
94 111
94 404
94 427
94 633
94 667
94 828
94 967
95 128
95 134
95 345
95 490
95 513
95 629
95 638
97 115
97 136
97 147
97 365
97 403
97 423
97 457
97 573
97 764
97 789
98 494
99 114
99 183
99 186
99 338
99 420
99 491
99 501
99 568
99 681
99 808
100 112
100 141
100 202
100 221
100 276
100 514
100 541
100 548
100 694
100 701
100 720
100 991
100 995
101 136
101 302
101 351
101 852
102 183
102 214
102 937
103 422
103 500
103 513
103 580
103 599
103 652
103 791
103 798
103 802
103 809
103 848
103 900
103 924
103 990
104 241
104 302
104 306
104 355
104 454
104 526
104 569
104 588
104 692
104 753
104 826
104 857
104 886
104 969
105 113
105 188
105 292
105 452
105 522
106 120
106 148
106 585
106 764
107 879
108 111
108 144
108 186
108 252
108 293
108 458
108 728
108 912
109 140
109 144
109 147
109 213
109 256
109 273
109 397
109 466
109 575
109 624
109 691
109 734
110 197
110 585
110 772
112 125
112 129
112 184
112 277
112 341
112 363
113 127
113 173
113 199
113 285
113 448
113 494
113 532
113 947
114 184
114 830
114 942
115 231
115 340
116 538
118 386
118 583
118 754
118 842
119 139
119 194
119 201
119 224
119 234
119 255
119 264
119 342
119 380
119 419
119 428
119 473
119 529
119 531
119 561
119 625
119 659
119 726
119 749
119 884
119 946
120 215
120 257
120 271
120 408
120 490
120 545
120 810
121 142
121 143
121 191
121 207
121 254
121 354
121 414
121 555
121 634
121 636
121 863
121 880
122 137
122 173
122 178
122 614
122 635
122 755
122 881
123 158
123 250
123 706
123 787
123 898
124 128
124 181
124 264
124 326
124 442
124 504
124 514
124 543
124 567
124 799
124 851
124 890
125 336
126 307
126 562
126 836
127 244
127 702
127 763
127 786
128 190
128 305
128 330
128 474
128 550
128 837
128 872
129 273
129 540
130 132
130 208
130 253
130 648
130 819
130 874
131 162
131 511
131 687
132 253
132 259
132 319
132 918
133 153
133 159
133 468
133 664
133 730
134 169
134 301
134 569
134 795
134 825
135 622
135 692
136 373
136 426
136 595
136 598
136 974
137 142
137 215
137 259
137 350
137 386
137 956
137 984
138 176
138 189
138 275
138 377
138 396
138 564
138 631
138 653
138 685
139 188
139 192
139 251
139 286
139 881
140 174
140 206
140 654
141 220
141 247
141 748
142 159
142 194
142 303
142 982
143 153
143 656
144 223
144 238
144 266
144 390
145 248
145 450
145 483
145 521
145 680
145 717
145 854
145 866
146 215
146 322
146 381
146 474
147 314
147 593
148 227
148 307
148 376
148 626
148 696
148 788
149 196
149 213
149 223
149 274
149 321
149 348
149 376
149 414
149 450
149 588
149 611
149 627
149 635
149 660
149 727
149 920
149 930
150 301
150 318
150 704
150 919
151 153
152 182
152 187
152 418
152 516
153 161
153 171
153 263
153 277
153 310
153 363
153 475
153 772
153 853
153 873
153 924
153 932
154 163
154 190
154 224
154 250
154 260
154 267
154 315
154 365
154 369
154 434
154 480
154 482
154 519
154 586
154 639
154 688
154 785
155 165
155 312
155 447
155 484
155 787
156 164
156 175
156 249
156 263
156 272
156 373
156 405
156 438
156 458
156 502
156 523
156 614
156 645
156 775
156 915
157 441
159 375
159 434
160 218
160 396
160 398
161 312
161 469
161 643
161 794
162 408
163 222
163 329
163 721
163 807
164 268
164 387
164 443
165 217
165 377
165 498
165 707
165 725
165 996
166 548
167 674
167 734
167 760
167 987
167 996
168 179
168 196
168 262
168 296
168 309
168 330
168 416
168 746
168 829
169 269
169 930
170 238
170 291
170 365
170 380
170 394
170 413
170 878
170 989
171 202
171 710
171 756
171 978
172 235
172 394
172 457
173 195
173 224
173 233
173 257
173 330
173 381
173 508
173 561
173 706
173 716
173 781
173 827
174 715
175 187
175 371
175 441
175 524
175 573
175 753
175 856
176 185
176 287
176 583
176 822
176 935
177 195
177 200
178 243
178 449
178 478
179 328
179 512
179 570
180 282
180 751
181 703
181 783
182 511
182 682
183 220
183 233
183 430
183 519
183 543
183 580
183 658
183 684
183 718
183 766
183 964
184 265
184 632
185 459
185 883
185 887
186 584
186 640
186 643
186 729
186 809
187 191
187 201
187 295
187 348
187 401
187 451
187 492
187 740
187 897
188 205
188 401
188 407
188 432
188 530
188 789
188 941
189 225
189 322
189 333
189 420
189 443
189 454
189 464
189 629
189 650
189 686
189 717
189 897
190 272
190 419
190 550
190 600
191 352
191 440
191 456
191 610
191 733
192 970
193 316
193 404
193 628
193 800
194 283
194 320
194 440
194 992
195 246
195 572
195 603
196 425
196 554
196 952
197 209
197 262
197 274
197 289
197 328
197 349
197 415
197 417
197 927
197 932
198 228
198 677
198 795
199 484
199 521
199 616
199 863
202 805
203 253
203 347
203 384
203 406
203 489
203 613
203 614
203 720
203 918
204 235
204 281
204 353
204 657
204 777
205 258
205 387
205 462
205 470
205 517
205 554
205 834
205 887
205 924
205 965
208 232
208 242
208 335
208 761
209 438
209 929
211 239
211 252
211 868
211 883
211 958
211 975
211 994
211 997
212 337
212 467
213 331
213 467
213 628
213 678
213 733
213 834
214 306
214 342
218 533
219 287
219 721
219 933
219 937
220 222
220 765
220 930
222 445
222 738
222 855
222 895
223 515
223 799
223 974
224 701
224 842
225 270
225 333
225 378
225 574
225 587
225 773
225 774
226 320
226 353
226 360
226 377
226 410
226 456
226 492
226 535
226 571
226 709
226 984
226 992
227 423
227 639
227 689
228 451
228 619
228 661
228 706
228 782
228 887
228 923
229 727
229 763
229 814
229 816
229 860
230 835
230 836
230 964
231 311
231 371
231 420
231 552
231 777
231 846
231 903
232 302
232 602
232 648
232 955
233 262
233 400
233 527
234 267
235 455
236 722
237 775
238 515
240 747
240 775
240 899
241 246
242 871
243 266
243 461
243 486
243 572
243 805
244 854
244 932
245 329
245 478
245 636
245 986
248 358
248 761
249 319
249 386
249 472
250 757
250 866
251 885
251 980
252 355
252 389
252 425
252 816
254 414
254 459
254 492
254 882
255 658
255 695
255 770
255 906
255 907
256 276
256 352
256 394
256 659
256 890
257 288
257 359
257 384
257 563
258 848
259 264
259 303
259 472
259 552
260 294
260 395
260 499
260 649
260 786
261 333
261 538
261 923
263 892
264 669
265 408
265 693
266 442
266 608
266 662
266 874
266 933
267 712
267 895
267 960
268 357
268 361
268 576
268 721
268 902
268 926
270 279
271 289
271 643
272 604
273 528
274 903
274 969
275 647
275 698
275 780
276 395
276 616
276 712
276 794
276 906
276 958
277 560
277 719
277 884
278 399
278 567
278 750
280 411
280 529
280 591
280 657
280 759
280 826
281 300
281 463
281 488
281 672
281 755
281 761
281 771
281 942
281 967
282 304
283 421
283 477
283 597
283 969
284 308
284 445
285 437
285 495
285 506
285 531
285 574
285 607
285 630
285 751
285 800
285 961
286 752
286 807
287 682
287 793
288 948
289 293
289 306
289 315
289 468
289 528
289 618
289 749
289 970
291 838
294 486
294 649
294 882
294 910
294 935
295 970
297 449
297 516
297 541
297 731
297 785
298 311
298 332
298 496
298 938
299 339
299 388
299 642
299 697
299 822
300 504
300 630
302 474
302 526
302 795
302 972
303 359
303 517
303 832
303 916
304 486
304 636
304 955
305 644
305 965
306 734
307 675
308 475
308 481
308 847
308 925
309 678
309 792
310 317
310 348
310 741
312 436
312 582
313 349
313 382
313 640
313 818
314 336
314 677
315 551
316 507
316 518
317 369
317 476
317 853
318 431
319 462
319 699
319 754
319 922
320 334
320 481
320 553
320 592
320 704
320 807
321 757
321 949
322 324
323 354
323 440
323 541
323 544
323 679
323 717
324 508
325 433
325 464
325 800
326 407
326 479
327 475
327 603
327 606
327 640
327 821
329 384
329 817
329 963
332 370
332 605
333 409
334 357
335 564
335 780
335 986
336 356
336 510
336 573
336 586
336 817
337 685
338 914
339 655
340 539
340 649
341 487
341 810
341 891
341 928
341 954
342 651
342 812
343 382
343 525
343 527
343 615
343 778
343 854
343 899
343 948
343 957
344 559
344 624
345 476
345 944
346 368
346 409
347 351
347 374
347 465
347 731
348 741
348 801
348 952
349 724
350 391
350 416
350 582
350 705
350 736
351 463
351 523
352 400
353 383
353 464
353 565
353 592
353 676
353 732
354 498
354 829
355 667
355 726
355 813
355 829
355 901
356 893
357 873
357 941
358 716
359 637
359 796
360 411
360 966
361 572
361 633
362 399
362 571
362 598
362 730
362 779
363 366
363 691
363 711
363 715
363 833
363 889
363 891
364 522
364 692
364 920
365 409
365 637
365 715
365 860
366 418
366 671
368 417
368 581
368 737
369 482
369 589
369 618
370 485
370 823
370 886
373 529
373 828
375 780
376 617
376 642
376 671
376 804
376 848
376 894
376 951
377 847
378 976
379 578
379 701
379 855
379 999
380 436
382 555
384 471
384 718
385 388
385 762
386 725
386 962
388 390
388 446
388 483
388 647
388 675
388 684
389 444
389 769
389 825
390 814
391 439
391 447
391 579
391 670
392 411
392 510
393 783
393 791
393 905
394 499
394 770
395 622
395 711
395 714
396 547
396 578
397 493
397 588
397 695
398 581
398 735
398 841
399 688
401 496
401 505
401 628
401 653
401 697
401 915
403 532
404 405
404 928
404 936
405 576
405 686
405 867
406 557
407 703
407 759
407 840
408 584
408 626
408 631
408 762
408 790
408 853
409 699
409 728
409 811
410 598
410 882
411 773
411 797
413 723
413 947
413 997
414 496
415 956
416 898
416 976
418 824
419 446
420 661
421 430
421 558
421 888
421 987
422 456
422 497
422 744
425 981
426 532
427 709
427 789
427 888
427 953
428 550
428 623
428 660
428 912
430 619
430 698
431 501
434 547
434 700
434 858
436 595
437 449
437 508
437 526
437 623
438 479
438 505
438 546
438 727
438 788
438 905
441 538
442 600
442 707
443 470
443 667
443 752
443 849
444 491
444 503
444 518
444 714
445 811
448 457
448 801
449 866
454 834
456 503
456 620
456 704
456 910
457 599
458 528
458 879
459 759
460 837
460 869
461 641
461 994
463 563
463 595
464 467
465 489
466 506
467 699
467 731
468 596
469 934
473 714
473 862
475 665
476 748
477 546
477 713
477 944
478 534
478 574
478 613
480 820
482 483
482 739
483 566
483 908
484 681
486 489
486 571
486 762
487 539
487 870
488 544
488 663
488 690
488 710
488 745
488 747
488 839
489 668
490 959
491 515
491 653
491 742
491 992
492 844
493 963
494 749
494 781
494 827
494 865
494 915
494 917
494 982
495 621
495 651
497 516
499 655
500 568
500 600
500 708
500 783
501 539
501 872
503 740
503 750
503 914
504 575
505 906
506 549
506 863
506 982
508 798
509 568
509 785
509 849
509 934
509 979
511 551
512 673
513 525
514 908
515 694
515 765
516 664
516 874
517 637
520 862
520 913
520 940
520 974
521 889
522 612
522 650
522 673
523 797
523 804
525 579
525 638
526 990
528 708
529 820
529 951
534 769
535 680
536 888
537 621
539 549
539 799
539 898
539 925
541 929
543 624
543 654
544 611
544 681
544 737
544 738
544 814
545 763
548 625
549 557
549 599
549 703
549 988
550 919
552 559
552 850
554 784
557 693
562 923
563 758
567 735
569 971
570 620
570 972
571 998
572 909
575 670
575 852
576 632
576 822
577 890
579 615
585 892
585 895
587 622
587 988
588 710
588 859
591 654
592 635
592 760
592 805
593 914
594 832
595 712
595 885
596 725
596 946
601 767
603 833
603 985
607 957
609 746
609 877
609 950
611 741
612 870
614 900
615 824
621 889
622 960
623 668
623 788
624 773
625 877
627 768
627 818
627 852
629 926
630 644
631 881
638 819
638 897
638 980
640 916
641 803
642 695
642 778
646 884
646 955
647 680
650 747
650 757
650 945
653 774
653 989
653 999
655 940
657 929
662 907
665 865
670 675
671 674
673 768
673 979
674 713
674 998
677 686
679 985
680 843
682 758
684 791
685 845
688 996
689 851
689 952
691 927
691 961
693 912
696 705
696 922
697 870
698 700
698 739
698 752
698 893
704 823
704 913
704 983
705 729
707 815
714 787
715 718
716 883
721 740
727 755
727 880
729 861
729 943
732 909
736 938
739 826
740 838
742 871
743 745
743 815
744 753
745 748
749 869
751 802
753 819
759 941
762 765
764 831
766 821
766 880
769 875
769 971
772 806
772 830
775 964
776 945
780 864
783 867
784 856
790 985
795 954
797 991
798 830
799 845
799 946
805 841
806 894
811 939
819 893
820 857
824 990
830 977
831 994
832 877
838 850
845 900
849 861
869 891
869 948
872 919
875 911
878 931
879 907
884 931
899 913
905 911
917 965
921 927
927 936
946 978
951 975
960 971
