0 1
0 2
0 3
0 4
0 5
0 6
0 8
0 9
0 11
0 12
0 14
0 18
0 20
0 22
0 34
0 38
0 39
0 45
0 55
0 69
0 78
0 101
0 123
0 159
0 160
0 168
0 183
0 200
0 232
0 235
0 249
0 260
0 287
0 301
0 303
0 329
0 334
0 337
0 348
0 363
0 402
0 427
0 429
0 430
0 439
0 460
0 497
0 501
0 523
0 530
0 540
0 591
0 594
0 627
0 646
0 664
0 665
0 671
0 674
0 679
0 712
0 762
0 837
0 840
0 841
0 867
0 899
0 923
0 925
0 939
0 945
0 948
0 955
0 987
0 990
1 2
1 3
1 4
1 6
1 11
1 12
1 16
1 18
1 26
1 29
1 37
1 45
1 52
1 77
1 83
1 98
1 99
1 112
1 119
1 123
1 135
1 148
1 179
1 191
1 220
1 225
1 230
1 244
1 281
1 294
1 298
1 318
1 332
1 333
1 339
1 344
1 345
1 367
1 387
1 408
1 448
1 494
1 543
1 555
1 561
1 572
1 603
1 622
1 637
1 666
1 672
1 716
1 723
1 729
1 798
1 802
1 893
1 996
2 3
2 4
2 5
2 9
2 10
2 13
2 28
2 36
2 43
2 45
2 49
2 50
2 53
2 60
2 71
2 85
2 128
2 144
2 150
2 164
2 200
2 218
2 236
2 251
2 265
2 286
2 339
2 348
2 359
2 405
2 410
2 411
2 413
2 415
2 425
2 428
2 435
2 473
2 483
2 541
2 579
2 596
2 608
2 617
2 750
2 791
2 819
2 824
2 864
2 870
2 886
2 946
2 960
2 963
3 5
3 8
3 9
3 11
3 12
3 30
3 32
3 102
3 106
3 107
3 141
3 169
3 188
3 204
3 223
3 235
3 241
3 262
3 263
3 264
3 269
3 280
3 287
3 292
3 294
3 300
3 302
3 311
3 314
3 316
3 326
3 365
3 366
3 371
3 387
3 420
3 424
3 425
3 439
3 469
3 475
3 485
3 501
3 519
3 566
3 567
3 569
3 611
3 630
3 670
3 697
3 711
3 759
3 840
3 861
3 883
3 891
3 898
3 912
3 959
3 988
3 991
4 7
4 14
4 17
4 23
4 32
4 38
4 47
4 55
4 70
4 99
4 114
4 145
4 150
4 158
4 196
4 213
4 219
4 246
4 264
4 271
4 295
4 307
4 397
4 415
4 432
4 467
4 471
4 490
4 498
4 518
4 564
4 626
4 641
4 695
4 732
4 807
4 820
4 935
4 958
4 961
4 975
5 6
5 7
5 8
5 10
5 15
5 19
5 44
5 64
5 67
5 71
5 76
5 92
5 99
5 113
5 118
5 138
5 193
5 256
5 263
5 298
5 325
5 327
5 405
5 417
5 450
5 465
5 606
5 745
5 884
5 921
6 7
6 14
6 16
6 21
6 32
6 37
6 62
6 63
6 68
6 72
6 73
6 75
6 79
6 84
6 88
6 93
6 106
6 109
6 115
6 116
6 125
6 144
6 146
6 170
6 172
6 182
6 199
6 203
6 213
6 258
6 260
6 269
6 278
6 283
6 304
6 328
6 342
6 369
6 372
6 401
6 412
6 415
6 416
6 421
6 427
6 437
6 472
6 519
6 525
6 549
6 567
6 585
6 599
6 603
6 615
6 653
6 657
6 678
6 729
6 747
6 751
6 782
6 842
6 940
6 964
6 983
7 13
7 16
7 22
7 23
7 24
7 39
7 47
7 58
7 88
7 97
7 108
7 120
7 125
7 168
7 209
7 213
7 227
7 240
7 342
7 400
7 410
7 447
7 470
7 492
7 515
7 543
7 574
7 601
7 686
7 811
7 813
7 817
7 860
7 978
8 10
8 13
8 27
8 31
8 33
8 34
8 35
8 50
8 52
8 61
8 89
8 100
8 102
8 132
8 135
8 139
8 161
8 165
8 193
8 230
8 257
8 294
8 298
8 304
8 346
8 359
8 368
8 378
8 424
8 496
8 497
8 502
8 513
8 529
8 576
8 597
8 624
8 693
8 719
8 731
8 743
8 753
8 809
8 825
8 871
8 925
8 983
8 997
9 15
9 28
9 40
9 57
9 92
9 104
9 111
9 119
9 122
9 138
9 186
9 301
9 405
9 436
9 604
9 649
9 740
9 772
9 821
9 838
9 852
9 936
10 15
10 17
10 21
10 37
10 44
10 48
10 94
10 130
10 152
10 160
10 161
10 178
10 233
10 275
10 313
10 314
10 335
10 350
10 351
10 421
10 435
10 455
10 534
10 544
10 548
10 861
10 868
10 904
10 975
10 994
10 998
11 19
11 21
11 41
11 42
11 52
11 54
11 75
11 80
11 89
11 90
11 92
11 96
11 142
11 144
11 159
11 172
11 177
11 186
11 198
11 215
11 233
11 270
11 308
11 349
11 356
11 366
11 384
11 465
11 534
11 546
11 677
11 681
11 684
11 686
11 704
11 739
11 749
11 764
11 781
11 787
11 813
11 837
11 854
11 869
11 889
11 904
11 918
11 934
12 18
12 19
12 20
12 36
12 49
12 58
12 59
12 62
12 65
12 72
12 82
12 105
12 112
12 136
12 145
12 149
12 160
12 164
12 165
12 167
12 168
12 188
12 191
12 205
12 216
12 222
12 237
12 248
12 274
12 277
12 302
12 317
12 332
12 345
12 349
12 351
12 360
12 367
12 374
12 408
12 423
12 446
12 460
12 463
12 504
12 527
12 561
12 593
12 607
12 616
12 662
12 696
12 737
12 761
12 777
12 791
12 811
12 831
12 834
12 856
12 901
13 26
13 30
13 134
13 140
13 145
13 153
13 173
13 295
13 498
13 518
13 609
13 903
14 98
14 130
14 161
14 203
14 227
14 320
14 510
14 533
14 569
14 598
14 630
14 880
14 949
15 17
15 29
15 40
15 51
15 64
15 68
15 69
15 94
15 111
15 122
15 127
15 128
15 156
15 162
15 189
15 196
15 243
15 284
15 368
15 372
15 520
15 599
15 607
15 626
15 658
15 737
15 741
15 779
15 796
15 797
15 815
15 840
15 884
15 887
15 903
15 912
15 950
15 970
15 997
16 23
16 25
16 26
16 31
16 38
16 57
16 60
16 66
16 77
16 118
16 121
16 139
16 140
16 153
16 202
16 209
16 225
16 226
16 228
16 237
16 297
16 328
16 352
16 373
16 390
16 417
16 441
16 462
16 540
16 579
16 589
16 643
16 645
16 647
16 653
16 719
16 756
16 767
16 786
16 790
16 892
16 910
17 59
17 81
17 129
17 166
17 325
17 407
17 453
17 481
17 489
17 634
17 839
18 20
18 25
18 28
18 43
18 73
18 182
18 192
18 331
18 473
18 665
18 705
18 707
18 873
19 30
19 35
19 39
19 41
19 60
19 93
19 122
19 148
19 169
19 233
19 330
19 350
19 403
19 491
19 497
19 547
19 568
19 822
19 888
19 908
20 33
20 189
20 721
21 22
21 24
21 31
21 40
21 46
21 51
21 58
21 62
21 65
21 77
21 81
21 86
21 89
21 97
21 102
21 113
21 116
21 211
21 212
21 226
21 229
21 292
21 303
21 314
21 397
21 403
21 434
21 478
21 495
21 510
21 511
21 514
21 524
21 546
21 576
21 598
21 612
21 623
21 669
21 695
21 723
21 848
21 895
21 909
21 935
21 947
21 951
22 27
22 115
22 126
22 153
22 216
22 238
22 252
22 391
22 412
22 458
22 472
22 561
22 574
22 677
22 718
22 795
22 880
22 890
23 24
23 29
23 65
23 68
23 70
23 152
23 180
23 187
23 188
23 197
23 283
23 389
23 422
24 25
24 76
24 105
24 171
24 196
24 201
24 250
24 347
24 362
24 469
24 484
24 501
24 604
24 609
24 658
24 736
24 893
24 894
24 900
25 72
25 88
25 234
25 238
25 376
25 392
25 416
25 422
25 433
25 455
25 480
25 509
25 571
25 614
25 622
25 623
25 659
25 717
25 778
25 806
25 967
25 996
26 27
26 34
26 46
26 53
26 54
26 55
26 61
26 79
26 84
26 87
26 97
26 100
26 110
26 117
26 147
26 162
26 177
26 208
26 235
26 251
26 262
26 279
26 283
26 327
26 332
26 376
26 401
26 410
26 418
26 448
26 463
26 478
26 481
26 526
26 555
26 564
26 632
26 639
26 666
26 667
26 847
26 851
26 948
26 973
27 36
27 42
27 48
27 50
27 66
27 86
27 117
27 132
27 219
27 234
27 244
27 263
27 315
27 322
27 330
27 395
27 403
27 553
27 752
28 181
28 555
28 578
28 655
28 854
28 962
29 54
29 67
29 82
29 155
29 166
29 208
29 291
29 338
29 394
29 416
29 417
29 426
29 514
29 548
29 617
29 691
29 715
29 873
29 889
29 981
30 42
30 49
30 116
30 141
30 223
30 271
30 355
30 617
30 856
30 927
30 986
31 91
31 103
31 129
31 208
31 221
31 242
31 257
31 295
31 476
31 543
31 557
31 998
32 33
32 35
32 47
32 74
32 87
32 94
32 95
32 96
32 124
32 141
32 202
32 209
32 226
32 341
32 362
32 404
32 486
32 521
32 549
32 578
32 580
32 673
32 742
32 773
32 778
32 789
32 796
32 838
32 954
32 967
32 989
33 56
33 81
33 126
33 252
33 275
33 377
33 438
33 451
33 454
33 574
33 628
33 636
33 661
33 976
34 44
34 108
34 124
34 132
34 133
34 169
34 180
34 224
34 255
34 317
34 364
34 375
34 385
34 504
34 644
34 858
34 936
35 340
35 642
35 651
35 777
35 805
36 61
36 95
36 101
36 156
36 165
36 173
36 190
36 212
36 215
36 217
36 231
36 242
36 245
36 326
36 346
36 378
36 464
36 512
36 556
36 641
36 647
36 693
36 800
36 849
36 879
36 958
37 46
37 59
37 82
37 84
37 101
37 119
37 120
37 143
37 162
37 256
37 338
37 343
37 375
37 406
37 419
37 451
37 457
37 469
37 482
37 487
37 523
37 544
37 545
37 602
37 608
37 634
37 663
37 674
37 727
37 792
37 852
37 860
37 882
37 928
37 932
38 80
38 183
38 259
38 524
39 41
39 73
39 296
39 319
39 528
39 651
39 656
39 755
39 799
39 830
40 64
40 69
40 149
40 195
40 953
41 43
41 53
41 63
41 93
41 104
41 136
41 163
41 179
41 185
41 389
41 428
41 431
41 433
41 604
41 881
41 913
42 51
42 74
42 146
42 247
42 273
42 296
42 326
42 634
43 57
43 159
43 220
43 277
43 450
43 453
43 537
43 645
43 687
43 731
43 798
43 977
44 48
44 109
44 137
44 143
44 174
44 313
44 316
44 398
44 590
44 705
45 83
45 96
45 114
45 207
45 219
45 266
45 272
45 323
45 382
45 386
45 409
45 475
45 486
45 493
45 537
45 567
45 593
45 621
45 648
45 649
45 682
45 744
45 753
45 896
45 908
45 999
46 163
47 170
47 175
47 274
47 322
47 370
47 414
47 966
48 151
48 462
48 513
48 547
49 56
49 121
49 133
49 178
49 211
49 370
49 688
49 991
50 121
50 143
50 154
50 157
50 181
50 296
50 354
50 438
50 587
50 619
50 676
50 724
50 784
50 808
50 825
50 947
52 66
52 313
52 377
52 443
52 476
52 668
52 771
52 892
53 90
53 115
53 142
53 147
53 286
53 583
53 659
53 713
53 808
53 905
54 76
54 109
54 254
54 576
54 588
54 683
54 777
54 826
54 902
55 56
55 67
55 71
55 75
55 78
55 86
55 114
55 147
55 198
55 205
55 227
55 276
55 281
55 350
55 489
55 540
55 620
55 626
55 631
55 775
55 938
56 70
56 79
56 118
56 361
56 396
56 918
57 63
57 128
57 225
57 228
57 276
57 308
57 377
57 444
57 582
57 638
57 660
57 783
57 824
57 866
57 875
58 74
58 91
58 110
58 125
58 142
58 158
58 232
58 379
58 502
58 610
58 741
58 746
58 801
58 874
58 883
59 812
60 134
60 174
60 288
60 289
60 556
61 106
61 289
61 531
61 558
61 562
61 759
61 786
61 842
61 871
61 874
62 78
62 133
62 420
62 479
62 915
63 173
63 228
63 265
63 268
63 358
63 503
63 792
63 878
63 895
63 942
63 997
64 110
64 217
64 336
64 434
65 104
65 234
65 330
65 511
65 541
65 673
65 710
65 849
65 985
65 987
66 194
66 269
67 80
67 137
67 157
67 264
67 357
67 605
67 650
67 769
67 807
68 239
68 317
68 341
68 527
69 87
69 357
69 537
69 605
70 85
70 98
70 175
70 239
70 247
70 355
70 433
70 545
70 881
71 107
71 137
71 157
71 329
71 418
71 505
71 541
72 129
72 287
73 293
73 297
73 551
73 738
74 197
74 274
74 346
74 389
74 441
74 651
74 758
75 582
75 765
75 885
76 532
76 969
76 973
77 91
77 103
77 131
77 232
77 256
77 319
78 198
78 302
78 303
78 420
78 600
78 665
78 700
78 915
79 105
79 131
79 277
79 336
79 344
79 402
79 434
79 498
79 508
79 596
79 681
79 912
80 83
80 140
80 164
80 253
80 318
80 353
80 382
80 466
80 559
80 625
80 672
80 742
80 747
80 760
80 765
80 794
80 853
80 982
81 176
81 376
81 386
81 656
81 780
82 95
82 103
82 238
82 252
82 393
82 824
82 845
83 383
83 629
84 85
84 183
84 197
84 202
84 308
84 364
84 500
84 529
84 652
84 725
85 508
85 536
85 633
85 831
86 203
86 496
86 532
86 993
87 90
87 220
87 419
87 489
87 951
88 616
88 706
88 855
89 267
89 451
89 728
90 100
90 799
90 867
91 113
91 176
91 369
91 380
91 488
91 746
91 872
92 126
92 146
92 163
92 299
92 423
92 441
92 799
92 808
92 936
92 961
94 120
94 127
94 135
94 443
94 444
94 558
94 575
94 714
94 937
95 182
95 779
96 171
96 309
96 371
96 656
97 201
97 290
97 594
97 904
98 111
98 138
98 230
98 513
98 533
99 112
99 563
101 124
101 151
101 195
101 229
101 324
101 381
101 530
101 550
101 575
101 595
101 615
101 676
101 771
101 898
101 903
101 976
102 123
102 258
102 361
102 363
102 531
102 815
103 212
103 426
103 470
103 511
103 519
103 669
103 872
104 107
104 108
104 171
104 179
104 214
104 250
104 253
104 262
104 612
104 698
104 983
105 388
105 681
105 954
105 979
106 176
106 301
106 414
107 130
107 818
107 839
108 136
108 312
108 324
108 549
108 662
108 734
108 834
108 978
109 151
109 195
109 210
109 487
109 606
109 618
110 134
110 351
110 569
110 575
110 672
110 726
110 911
110 916
110 976
111 345
111 850
113 127
113 178
113 278
113 764
113 974
113 998
114 166
114 223
114 247
114 335
114 382
114 597
114 748
114 966
114 971
115 131
115 174
115 388
116 117
116 300
116 343
116 355
116 653
116 899
117 801
117 978
118 221
119 152
119 154
119 563
119 633
119 698
119 893
120 305
120 877
121 521
121 942
122 148
122 337
122 379
122 395
122 559
122 584
122 588
122 812
123 550
123 855
123 890
124 703
124 916
125 343
125 370
125 446
125 523
125 739
125 743
125 957
126 149
126 170
126 184
126 199
126 288
126 445
126 536
126 968
127 181
127 194
127 249
128 139
128 187
128 438
128 627
129 281
129 430
129 566
130 172
130 175
130 199
130 200
130 215
130 245
130 261
130 285
130 309
130 352
130 493
130 503
130 517
130 520
130 711
130 792
130 823
130 865
131 150
131 231
131 570
131 701
132 156
132 229
132 239
132 240
132 266
132 299
132 320
132 361
132 366
132 492
132 508
132 616
132 773
132 954
132 980
133 312
134 265
134 409
134 572
134 962
135 333
135 737
137 154
137 206
137 659
138 193
138 206
138 406
138 442
138 884
139 249
139 399
139 577
140 155
140 187
140 192
140 211
140 254
140 398
140 495
140 550
140 613
140 699
140 809
140 845
140 875
141 158
141 189
141 499
141 621
141 713
141 758
142 207
142 272
142 331
142 588
142 999
143 240
143 284
143 481
143 696
144 155
145 205
145 217
145 624
146 167
146 337
146 404
146 638
146 957
147 282
147 347
147 581
147 860
147 964
148 201
148 222
148 472
148 926
149 180
149 184
149 192
149 354
149 664
149 752
149 864
149 929
149 964
150 305
150 449
150 565
150 592
150 686
150 703
150 944
150 984
151 167
151 190
151 273
151 315
151 399
151 680
152 253
152 255
152 311
152 321
152 324
152 340
152 623
152 985
153 191
153 284
153 285
153 342
153 374
153 397
153 601
153 710
153 724
153 979
154 184
154 299
154 505
155 186
155 372
155 518
155 782
155 828
155 842
156 190
156 570
157 206
157 224
157 270
157 358
157 425
157 490
157 635
157 670
157 723
157 774
157 776
157 783
157 887
157 902
158 204
158 310
158 371
158 383
158 490
159 210
159 333
159 353
159 400
159 467
159 554
159 578
159 635
159 944
159 977
160 756
161 214
161 374
161 375
161 392
161 690
161 920
162 259
162 699
163 619
164 177
164 316
164 427
164 614
164 666
164 907
165 658
166 356
166 516
166 553
166 746
167 279
167 474
167 625
168 250
168 261
169 323
169 528
169 582
169 584
169 830
169 832
169 852
169 859
169 874
170 216
170 344
170 360
170 675
170 750
170 761
170 782
171 185
172 185
172 194
172 245
172 254
172 257
172 339
172 353
172 456
172 531
172 720
172 906
172 920
172 937
173 349
173 391
175 304
175 444
175 580
175 755
175 797
176 207
176 268
176 459
177 461
177 988
178 242
179 285
179 322
179 391
179 628
179 949
179 960
180 392
180 700
181 306
181 592
182 407
182 507
182 680
182 690
182 785
182 820
182 886
183 214
183 248
183 453
184 210
184 289
184 335
185 793
186 224
186 538
186 583
186 805
187 279
187 381
187 509
187 585
188 401
188 714
188 807
190 231
190 259
190 266
190 293
190 447
190 721
191 557
192 243
192 592
193 260
193 306
193 384
193 457
193 558
193 560
193 585
194 204
194 218
194 246
194 297
194 380
194 506
194 781
194 785
194 878
194 883
194 894
195 520
195 689
195 702
196 243
196 421
196 430
196 581
196 788
196 846
197 280
197 930
197 955
198 571
199 463
199 525
199 527
199 538
199 583
199 914
200 358
200 581
200 696
200 846
200 974
201 306
201 447
201 635
201 956
202 573
202 927
203 393
203 437
203 563
203 684
204 399
204 409
204 510
204 822
205 271
205 440
205 613
205 968
206 321
206 394
206 460
206 521
206 606
206 760
207 387
207 479
207 493
208 276
208 437
209 273
209 340
209 749
210 993
211 580
211 631
212 218
212 636
212 906
213 241
213 293
214 288
215 572
216 236
216 241
216 311
216 426
216 482
216 608
216 712
216 787
217 255
217 270
217 310
217 321
217 338
217 378
217 386
217 390
217 436
217 461
217 467
217 713
217 738
217 802
217 869
217 878
218 221
218 258
218 784
219 246
219 248
219 267
219 282
219 354
219 364
219 365
219 502
219 733
219 836
219 867
220 312
220 485
220 661
221 222
221 319
221 323
221 325
221 445
221 473
221 586
222 237
222 300
222 385
222 545
222 706
222 769
222 825
222 896
222 914
222 965
223 394
223 440
223 539
224 809
224 818
225 618
225 718
226 775
227 830
228 315
228 412
228 506
228 931
229 236
229 407
229 411
229 484
229 701
229 751
229 847
230 244
230 327
230 458
230 577
230 598
230 620
230 767
230 789
230 823
230 836
230 851
232 305
232 468
233 828
234 552
234 619
235 768
236 763
237 251
237 488
237 503
238 414
238 512
238 551
239 318
239 373
239 398
239 533
239 551
239 660
239 683
239 710
239 827
239 850
239 995
240 553
240 829
241 261
241 515
242 291
242 442
242 505
242 636
242 839
243 638
244 897
244 910
245 889
246 805
247 282
247 404
247 507
247 571
247 721
248 739
248 757
248 843
249 668
249 823
250 291
250 334
250 383
250 682
250 937
251 329
251 456
253 596
253 697
253 715
254 268
254 280
254 870
254 930
254 992
255 275
255 384
255 849
256 292
256 373
256 829
256 940
257 735
258 267
258 286
258 436
258 454
258 570
259 341
259 494
259 560
259 641
259 687
260 356
260 780
261 307
261 476
261 514
261 649
261 853
262 692
262 756
263 542
263 751
263 769
264 272
264 362
264 492
264 947
265 402
265 923
266 278
266 432
267 632
267 669
267 868
268 525
268 963
269 290
269 429
269 464
269 646
271 357
271 431
271 461
271 654
271 817
271 829
271 946
272 915
273 290
273 347
273 465
274 736
276 554
277 446
277 697
278 747
278 802
278 952
279 359
279 388
279 972
280 307
280 468
280 655
280 858
281 548
282 336
282 406
282 565
283 348
283 483
283 517
283 538
283 544
283 613
283 798
283 932
284 989
285 477
285 610
285 629
285 982
286 760
286 768
286 813
286 941
287 491
287 536
287 648
287 991
288 942
289 562
290 685
291 573
291 763
292 310
292 458
292 587
293 776
293 845
294 309
294 360
294 429
294 703
294 835
295 328
295 390
295 507
295 724
296 334
296 522
296 645
297 500
299 352
299 396
299 979
300 395
300 900
300 917
301 432
302 418
303 662
303 736
303 941
304 413
304 454
304 629
304 745
305 452
306 435
307 534
307 600
307 609
307 673
307 701
307 709
307 980
309 611
310 381
310 393
310 725
311 475
311 584
311 876
312 702
312 822
313 832
316 320
316 459
316 482
316 794
316 909
317 586
317 630
318 368
318 422
318 471
319 858
320 539
320 542
320 573
320 605
321 477
321 646
321 780
321 950
322 650
322 774
323 365
323 526
324 331
324 400
324 733
325 948
327 466
327 827
327 872
328 716
330 836
331 408
331 535
331 711
333 411
333 774
333 793
333 895
334 684
334 702
334 841
334 866
337 419
337 486
337 487
337 770
338 396
338 800
338 841
339 611
340 385
340 535
342 862
343 367
343 494
343 986
345 922
347 483
347 821
348 913
350 803
351 431
351 449
351 528
351 716
351 803
351 921
353 363
353 478
353 593
353 602
353 633
354 642
355 795
356 369
356 464
356 602
356 691
357 413
357 864
357 992
359 480
359 597
359 618
359 740
360 972
361 504
361 930
363 442
363 838
363 880
364 970
365 917
366 970
367 512
367 670
367 679
367 806
369 474
369 479
369 945
370 796
371 758
371 886
371 943
372 707
372 768
372 981
373 709
374 644
374 706
374 788
374 941
375 379
375 735
377 380
378 439
378 516
379 726
379 817
380 462
380 894
381 424
381 591
381 801
382 620
383 726
384 891
385 516
385 655
385 688
385 938
386 423
386 517
386 566
386 743
387 495
388 709
388 762
390 660
391 496
391 552
391 562
391 614
391 674
391 730
391 757
391 831
393 450
393 933
394 775
395 455
395 480
396 452
396 546
396 924
397 474
397 685
397 857
399 530
399 704
399 922
399 975
400 488
402 506
402 542
403 515
403 526
404 590
404 654
405 652
405 654
405 879
406 924
407 449
407 650
407 663
407 689
407 928
407 953
408 484
408 683
409 556
410 797
411 428
411 443
411 694
412 671
412 868
413 471
413 491
413 639
413 695
413 753
413 856
414 917
415 731
415 981
418 928
419 535
419 595
419 625
419 750
419 754
420 445
420 452
420 610
420 734
420 885
421 671
424 440
424 456
424 601
424 804
426 757
427 500
428 477
428 722
429 846
429 943
433 986
435 897
436 499
436 677
436 678
436 818
436 933
437 657
438 564
438 766
440 833
441 448
441 600
441 738
441 741
441 748
445 722
447 457
447 640
447 708
447 897
448 466
448 730
448 965
449 539
451 749
451 826
452 459
452 522
452 643
452 708
452 834
454 640
455 552
455 810
456 529
456 554
456 939
457 905
459 661
461 985
462 485
462 700
463 468
463 663
463 730
464 577
465 675
465 871
467 470
467 708
469 689
471 499
472 532
472 786
472 835
472 851
472 934
473 863
474 547
474 568
474 772
474 800
475 692
475 815
476 804
477 788
478 621
478 657
479 590
479 761
480 640
482 762
484 509
485 607
486 628
486 680
486 826
486 877
486 956
487 837
489 522
489 699
490 624
490 766
491 647
491 744
491 783
492 835
494 909
496 688
496 720
497 859
497 910
499 953
500 857
500 994
501 945
502 727
502 987
503 568
503 586
503 632
503 902
505 565
505 733
506 951
508 560
510 667
510 675
510 833
510 990
512 691
513 589
513 854
513 863
514 958
516 848
519 612
520 524
520 637
520 717
520 728
520 810
520 859
522 745
522 764
522 816
526 707
527 812
527 913
528 857
528 919
529 667
529 698
529 934
530 725
530 770
533 557
533 594
533 637
534 579
534 819
535 589
536 631
541 718
542 682
543 559
543 692
543 843
543 935
544 943
549 785
550 627
552 911
552 971
553 591
554 595
555 615
556 639
556 714
556 742
556 914
557 648
567 969
568 879
570 587
570 599
573 642
574 869
575 882
576 844
576 960
576 999
577 705
577 865
578 989
579 966
583 690
583 952
585 853
586 781
586 929
587 971
588 803
590 952
591 679
592 643
592 704
592 810
592 959
592 984
593 717
593 901
593 961
593 968
595 678
595 819
596 940
597 603
597 722
597 932
602 727
603 729
603 875
605 652
605 898
606 687
606 844
607 622
608 693
609 899
609 927
610 967
611 767
623 735
624 712
624 754
628 965
629 763
630 676
630 977
631 772
633 644
633 779
635 715
635 776
637 694
638 896
642 734
643 748
644 752
645 719
647 685
647 922
651 754
652 664
653 668
653 931
656 816
657 873
657 892
659 919
660 740
660 924
662 865
662 949
663 732
664 755
665 787
670 806
670 920
675 728
681 765
684 694
684 720
684 766
687 795
690 876
691 816
691 957
691 962
695 900
697 844
698 923
699 773
699 994
705 969
706 847
706 861
708 901
708 972
710 770
710 828
711 804
711 811
712 821
712 907
713 791
713 963
722 732
722 862
727 888
729 885
729 907
729 950
731 744
731 848
732 929
734 790
738 911
739 789
739 814
740 870
740 995
742 887
745 771
746 793
746 814
748 974
749 988
750 814
751 759
752 882
753 778
753 946
756 832
758 956
766 784
767 820
767 905
769 982
771 888
774 855
774 926
776 790
776 996
783 827
788 794
788 973
790 850
790 891
792 877
794 862
794 921
799 925
806 833
807 876
813 863
814 938
814 939
815 919
819 944
826 881
827 843
829 906
834 918
840 990
845 908
853 931
854 866
858 890
865 995
867 959
870 933
870 955
870 980
874 984
883 992
883 993
899 926
903 916
