0 1
0 2
0 3
0 4
0 6
0 7
0 9
0 10
0 13
0 14
0 15
0 16
0 17
0 18
0 21
0 22
0 27
0 39
0 46
0 52
0 60
0 64
0 79
0 80
0 88
0 91
0 106
0 108
0 164
0 228
0 239
0 243
0 271
0 278
0 280
0 284
0 285
0 293
0 304
0 327
0 346
0 347
0 352
0 355
0 389
0 395
0 418
0 420
0 423
0 429
0 441
0 465
0 492
0 508
0 515
0 516
0 521
0 523
0 531
0 538
0 555
0 562
0 592
0 596
0 630
0 639
0 646
0 710
0 771
0 773
0 795
0 802
0 814
0 821
0 831
0 833
0 881
0 884
0 897
0 909
0 916
0 944
1 2
1 3
1 4
1 5
1 6
1 7
1 8
1 10
1 11
1 13
1 14
1 18
1 19
1 21
1 22
1 23
1 25
1 30
1 31
1 33
1 35
1 40
1 43
1 59
1 64
1 65
1 71
1 93
1 95
1 116
1 128
1 132
1 151
1 173
1 177
1 191
1 192
1 196
1 200
1 216
1 222
1 261
1 267
1 268
1 269
1 287
1 290
1 298
1 305
1 327
1 346
1 362
1 396
1 412
1 443
1 492
1 509
1 562
1 582
1 606
1 612
1 655
1 663
1 678
1 692
1 707
1 726
1 731
1 742
1 743
1 815
1 817
1 825
1 847
1 852
1 855
1 875
1 878
1 898
2 3
2 5
2 9
2 12
2 17
2 19
2 20
2 40
2 50
2 63
2 67
2 75
2 119
2 124
2 135
2 141
2 158
2 160
2 166
2 251
2 272
2 307
2 308
2 384
2 406
2 469
2 524
2 532
2 566
2 686
2 761
2 835
2 853
2 919
2 937
2 996
3 4
3 21
3 26
3 28
3 29
3 31
3 40
3 46
3 54
3 58
3 66
3 69
3 73
3 85
3 101
3 120
3 133
3 154
3 164
3 194
3 198
3 209
3 210
3 232
3 242
3 255
3 267
3 358
3 372
3 378
3 438
3 451
3 452
3 459
3 465
3 482
3 489
3 497
3 498
3 576
3 586
3 643
3 674
3 690
3 706
3 733
3 740
3 757
3 758
3 805
3 848
3 869
3 948
3 955
3 958
3 990
4 5
4 6
4 7
4 8
4 12
4 14
4 15
4 24
4 39
4 41
4 43
4 51
4 60
4 83
4 88
4 90
4 121
4 129
4 144
4 156
4 159
4 168
4 170
4 201
4 202
4 209
4 211
4 246
4 275
4 306
4 321
4 334
4 353
4 369
4 374
4 375
4 379
4 394
4 397
4 429
4 442
4 466
4 469
4 477
4 487
4 525
4 538
4 579
4 585
4 610
4 678
4 721
4 747
4 776
4 793
4 828
4 850
4 890
4 898
4 915
4 948
4 964
4 991
5 11
5 13
5 20
5 26
5 31
5 37
5 41
5 42
5 44
5 45
5 69
5 102
5 103
5 110
5 115
5 129
5 137
5 139
5 146
5 151
5 162
5 196
5 226
5 250
5 295
5 355
5 365
5 366
5 371
5 407
5 415
5 425
5 448
5 459
5 479
5 534
5 551
5 583
5 609
5 664
5 684
5 708
5 814
5 831
5 846
5 862
5 868
5 908
5 911
6 8
6 34
6 53
6 54
6 75
6 89
6 94
6 114
6 132
6 137
6 141
6 231
6 300
6 303
6 352
6 363
6 373
6 410
6 485
6 500
6 569
6 574
6 642
6 687
6 718
6 742
6 744
6 759
6 837
6 872
7 10
7 11
7 12
7 19
7 30
7 38
7 46
7 51
7 58
7 59
7 65
7 73
7 78
7 90
7 106
7 150
7 154
7 155
7 190
7 234
7 245
7 260
7 280
7 284
7 301
7 347
7 359
7 398
7 416
7 419
7 424
7 447
7 478
7 535
7 545
7 564
7 566
7 599
7 620
7 638
7 674
7 764
7 784
7 829
7 862
7 873
7 896
7 932
7 939
8 9
8 16
8 28
8 32
8 37
8 57
8 74
8 129
8 314
8 373
8 580
8 604
8 638
8 756
8 765
8 809
8 967
9 15
9 24
9 27
9 45
9 62
9 71
9 85
9 86
9 120
9 130
9 135
9 143
9 178
9 211
9 216
9 289
9 347
9 379
9 413
9 417
9 426
9 436
9 499
9 524
9 558
9 804
9 850
9 866
9 874
9 956
9 961
10 68
10 78
10 112
10 242
10 315
10 357
10 424
10 466
10 736
10 760
10 874
10 951
10 956
11 25
11 57
11 75
11 92
11 151
11 297
11 404
11 417
11 481
11 555
11 622
11 778
11 807
11 933
12 18
12 23
12 37
12 61
12 80
12 91
12 112
12 134
12 154
12 199
12 259
12 272
12 275
12 281
12 331
12 339
12 410
12 430
12 451
12 453
12 470
12 492
12 540
12 543
12 562
12 583
12 586
12 613
12 691
12 744
12 779
12 788
12 863
12 866
12 891
12 990
13 17
13 27
13 32
13 67
13 114
13 176
13 177
13 282
13 302
13 326
13 393
13 501
13 537
13 555
13 556
13 603
13 692
13 882
13 887
13 913
13 916
13 980
14 16
14 24
14 38
14 47
14 53
14 61
14 63
14 67
14 86
14 108
14 138
14 184
14 202
14 207
14 377
14 465
14 507
14 604
14 668
14 824
14 863
14 988
14 997
15 25
15 32
15 48
15 53
15 68
15 70
15 72
15 84
15 109
15 165
15 175
15 185
15 214
15 257
15 307
15 342
15 395
15 505
15 517
15 537
15 590
15 594
15 701
15 721
15 739
15 799
15 911
16 36
16 100
16 126
16 180
16 190
16 242
16 318
16 354
16 373
16 424
16 464
16 518
16 552
16 893
16 973
17 20
17 22
17 52
17 143
17 164
17 181
17 203
17 228
17 251
17 254
17 261
17 266
17 273
17 293
17 323
17 325
17 396
17 443
17 652
17 724
17 735
17 745
17 806
17 910
17 934
18 23
18 33
18 62
18 66
18 72
18 94
18 152
18 156
18 185
18 193
18 195
18 215
18 236
18 262
18 270
18 309
18 344
18 431
18 450
18 512
18 709
18 950
18 975
19 34
19 36
19 49
19 97
19 121
19 225
19 235
19 245
19 258
19 270
19 285
19 404
19 426
19 457
19 461
19 516
19 570
19 578
19 593
19 601
19 630
19 662
19 666
19 675
19 698
19 840
19 852
19 867
19 883
19 940
19 971
19 995
20 29
20 44
20 51
20 54
20 79
20 99
20 102
20 142
20 180
20 226
20 236
20 265
20 290
20 308
20 318
20 335
20 448
20 451
20 488
20 513
20 528
20 553
20 614
20 650
20 745
20 751
20 827
20 912
20 916
20 979
21 26
21 33
21 50
21 52
21 66
21 70
21 81
21 87
21 147
21 172
21 176
21 230
21 234
21 254
21 358
21 450
21 781
21 857
21 863
21 988
22 28
22 29
22 77
22 391
22 401
22 558
22 568
22 694
23 411
24 30
24 50
24 65
24 110
24 161
24 241
24 296
24 341
24 392
24 408
24 441
24 452
24 544
24 568
24 580
24 584
24 603
24 604
24 665
24 775
24 826
25 35
25 41
25 74
25 106
25 122
25 148
25 152
25 167
25 179
25 191
25 248
25 308
25 367
25 399
25 418
25 497
25 572
25 628
25 631
25 653
25 675
25 695
25 738
25 765
25 827
25 868
25 872
26 34
26 38
26 39
26 44
26 63
26 76
26 84
26 123
26 168
26 173
26 185
26 217
26 349
26 369
26 383
26 391
26 490
26 515
26 524
26 532
26 565
26 767
26 786
27 36
27 49
27 114
27 148
27 220
27 281
27 293
27 399
27 843
27 893
28 35
28 45
28 69
28 76
28 593
28 644
28 686
28 772
28 876
28 985
29 152
29 326
29 421
29 476
29 490
29 589
29 634
30 71
30 82
30 126
30 141
30 206
30 238
30 250
30 280
30 286
30 301
30 339
30 345
30 491
30 633
30 683
30 734
30 758
30 883
30 985
30 991
31 56
31 98
31 104
31 142
31 150
31 227
31 238
31 281
31 587
31 602
31 654
31 676
31 730
32 70
32 179
32 564
33 55
33 121
33 131
33 183
33 193
33 305
33 380
33 453
33 455
33 485
33 502
33 613
33 646
33 692
33 748
33 759
33 767
33 906
34 56
34 57
34 72
34 88
34 89
34 94
34 107
34 118
34 130
34 149
34 165
34 167
34 176
34 212
34 246
34 263
34 302
34 337
34 356
34 409
34 419
34 432
34 442
34 462
34 506
34 554
34 588
34 635
34 687
34 705
34 754
34 798
34 959
34 996
35 43
35 59
35 79
35 90
35 182
35 237
35 269
35 406
35 445
35 458
35 534
35 585
35 605
35 727
35 931
36 325
36 800
36 858
36 888
37 99
37 156
37 166
37 333
37 438
37 520
37 642
37 711
37 883
37 896
37 897
38 42
38 58
38 68
38 128
38 160
38 163
38 276
38 328
38 338
38 530
38 581
38 627
38 738
38 861
38 958
39 42
39 49
39 55
39 82
39 107
39 128
39 134
39 250
39 331
39 338
39 392
39 399
39 401
39 403
39 444
39 495
39 500
39 571
39 688
39 776
39 873
39 963
39 993
40 47
40 77
40 149
40 271
40 376
40 565
40 651
40 697
40 777
40 851
40 984
41 48
41 80
41 83
41 84
41 87
41 96
41 102
41 187
41 238
41 251
41 263
41 317
41 385
41 412
41 468
41 494
41 503
41 530
41 551
41 602
41 634
41 657
41 720
41 860
41 938
41 953
41 959
42 142
42 183
42 237
42 435
42 561
42 659
43 60
43 91
43 92
43 98
43 100
43 117
43 182
43 241
43 255
43 409
43 522
44 112
44 119
44 169
44 199
44 225
44 248
44 418
44 811
44 909
45 47
45 48
45 61
45 138
45 184
45 197
45 208
45 403
45 542
45 592
45 640
46 81
46 155
46 163
46 195
46 252
46 253
46 335
46 363
46 506
46 509
46 521
46 603
46 887
46 900
46 942
47 82
47 139
47 147
47 198
47 201
47 203
47 217
47 234
47 297
47 325
47 611
47 761
47 936
47 982
48 561
49 153
49 199
49 224
49 277
49 376
49 708
49 796
49 809
49 884
49 924
50 55
50 86
50 113
50 212
50 221
50 256
50 375
50 389
50 458
50 517
50 664
50 699
50 724
50 792
50 993
51 329
51 494
51 945
52 56
52 78
52 83
52 172
52 181
52 309
52 368
52 405
52 486
52 536
52 579
53 115
53 230
53 493
53 544
53 572
53 578
53 632
54 64
54 74
54 100
54 131
54 214
54 224
54 287
54 328
54 350
54 502
54 585
54 590
54 626
55 381
55 464
55 682
55 864
56 95
56 108
56 140
56 173
56 189
56 197
56 274
56 336
56 573
56 608
56 691
56 840
57 62
57 87
57 93
57 115
57 117
57 118
57 127
57 211
57 253
57 257
57 278
57 322
57 328
57 330
57 332
57 336
57 342
57 439
57 444
57 449
57 495
57 513
57 517
57 598
57 615
57 643
57 680
57 710
57 859
57 879
57 927
57 954
58 85
58 101
58 310
58 743
58 820
58 929
59 376
59 576
59 648
60 228
61 110
61 111
61 124
61 140
61 166
61 201
61 243
61 300
61 445
61 531
61 533
61 594
61 689
61 734
61 755
61 925
61 994
62 123
62 206
62 265
62 311
62 333
62 365
62 366
62 384
62 558
62 587
62 588
62 656
62 784
62 791
62 844
63 105
63 113
63 175
63 190
63 204
63 225
63 279
63 292
63 361
63 434
63 476
63 512
63 525
63 588
63 610
63 632
63 676
63 723
63 778
63 841
63 857
63 877
63 901
63 930
63 999
64 109
64 157
64 286
64 314
64 459
64 599
64 647
64 671
64 820
64 853
64 866
64 894
64 900
65 125
65 291
66 192
66 394
67 73
67 105
67 184
67 193
67 214
67 233
67 247
67 360
67 633
67 837
67 865
68 76
68 89
68 95
68 96
68 120
68 145
68 157
68 195
68 244
68 283
68 312
68 353
68 436
68 445
68 516
68 547
68 833
68 882
69 77
69 109
69 257
69 285
69 288
69 596
69 730
69 835
69 855
69 881
70 122
70 140
70 165
70 262
70 316
70 409
70 527
71 81
71 155
71 208
71 212
71 223
71 282
71 326
71 378
71 402
71 405
71 414
71 439
71 529
71 611
71 619
71 622
71 625
71 706
71 746
71 824
71 843
71 917
71 958
71 993
72 92
72 97
72 189
72 277
72 370
72 480
72 576
72 641
72 684
73 161
73 275
73 299
73 319
73 541
73 573
73 807
73 925
74 93
74 97
74 133
74 153
74 162
74 178
74 296
74 365
74 434
74 461
74 496
74 547
74 739
74 742
74 942
74 976
74 977
75 168
75 182
75 425
76 126
76 150
76 419
76 499
76 509
77 171
77 651
77 969
78 101
78 116
78 127
78 147
78 167
78 230
78 384
78 385
78 386
78 474
78 543
78 586
78 627
78 794
79 177
79 207
79 407
79 463
79 903
79 964
80 98
80 677
80 714
80 726
80 762
81 116
81 258
81 457
82 99
82 107
82 111
82 292
82 472
82 683
83 133
83 169
83 361
83 362
83 454
83 563
83 728
83 789
84 719
85 130
85 233
85 397
85 617
85 829
86 104
86 113
86 143
86 159
86 203
86 204
86 299
86 387
86 388
86 634
86 713
86 803
86 932
87 457
87 645
87 693
88 144
88 181
88 187
88 194
88 217
88 279
88 283
88 330
88 370
88 433
88 671
88 681
88 699
88 735
88 952
89 220
89 298
89 504
90 148
90 321
90 372
90 420
90 579
90 623
91 103
91 229
91 254
91 357
91 443
91 567
91 729
91 855
91 985
92 111
92 235
92 364
92 553
92 574
92 842
93 96
93 103
93 122
93 131
93 132
93 186
93 348
93 371
93 750
93 889
94 119
94 531
94 652
94 722
94 979
95 105
95 117
95 124
95 144
95 191
95 213
95 297
95 356
95 395
95 414
95 440
95 828
95 829
95 894
95 997
96 104
96 208
96 223
96 232
96 679
96 904
97 125
97 138
97 174
97 427
97 771
98 123
98 136
98 146
98 331
98 779
98 957
99 149
99 352
99 456
99 624
100 137
100 426
101 135
101 564
101 591
101 736
101 859
102 118
102 274
102 557
102 584
103 125
103 206
103 218
103 235
103 263
103 289
103 303
103 307
103 471
103 597
103 667
103 800
103 875
104 646
104 909
104 977
105 134
105 360
105 387
105 537
105 629
105 663
105 747
106 222
106 304
106 324
106 526
106 543
106 597
106 722
106 877
106 887
106 899
106 972
106 989
107 594
108 157
108 317
108 429
108 529
108 691
108 801
108 810
108 994
109 210
109 249
109 433
109 748
111 522
111 589
112 523
112 811
112 973
113 641
113 703
114 482
115 236
115 476
115 714
115 921
116 300
116 526
116 571
116 715
116 798
117 244
117 533
117 584
117 865
117 900
118 229
118 423
118 435
118 530
118 717
118 727
119 259
119 278
119 332
119 346
119 361
119 392
119 582
119 999
120 136
120 227
120 374
120 435
120 487
120 491
120 514
120 520
120 590
120 600
120 728
120 871
120 932
120 965
121 127
121 145
121 158
121 207
121 282
121 381
121 631
121 753
122 209
122 342
122 360
122 416
122 689
123 256
123 453
124 158
124 351
125 205
125 240
125 289
125 294
125 493
125 648
125 688
126 136
126 172
126 194
126 219
126 249
126 298
126 335
126 362
126 474
126 549
126 787
126 927
126 999
127 200
127 216
127 317
127 434
127 455
127 612
127 614
127 617
127 681
127 992
128 359
128 628
130 219
130 226
130 383
130 444
130 700
131 650
131 847
132 139
132 153
132 174
132 183
132 310
132 372
132 427
132 550
132 614
132 658
132 891
132 893
133 171
133 974
134 873
134 978
135 162
135 259
135 276
135 809
136 146
136 315
136 330
136 403
136 414
136 611
136 612
136 679
136 808
136 870
136 933
136 941
137 210
138 348
138 425
138 582
138 936
138 965
139 200
139 475
139 548
139 707
140 186
140 240
140 312
140 498
140 545
140 609
140 888
140 927
140 967
141 180
141 239
141 267
141 389
141 412
141 535
141 669
141 819
142 159
142 171
142 386
142 417
142 463
142 625
143 170
143 244
143 294
143 560
143 700
144 145
144 316
144 760
145 270
145 288
145 324
145 340
145 766
145 976
146 364
147 160
147 170
147 188
147 262
147 379
147 657
147 743
147 760
147 902
147 950
148 616
148 750
149 344
149 732
149 864
150 477
150 481
150 482
150 626
151 220
151 528
151 704
151 905
151 919
152 188
152 320
152 432
152 937
153 353
153 378
153 759
153 794
153 924
154 334
154 448
154 862
154 951
155 186
155 231
155 241
155 311
155 350
155 557
155 635
155 650
155 849
156 163
156 233
156 321
156 441
156 449
156 464
156 472
156 534
156 620
156 718
156 758
156 856
156 858
157 169
157 240
157 428
157 653
157 731
158 161
158 258
158 287
158 702
159 243
159 995
160 479
160 731
161 387
163 247
163 769
164 175
164 213
164 237
164 295
164 323
164 400
164 431
164 560
164 676
164 755
164 777
164 910
164 943
164 967
165 364
165 390
165 670
166 340
166 621
167 188
167 248
167 539
167 794
168 204
168 205
168 302
168 497
168 677
168 823
168 950
168 970
169 231
169 380
170 174
170 178
170 490
170 504
170 540
170 763
171 197
171 260
171 304
171 313
171 318
171 354
172 410
172 907
173 371
173 805
174 215
174 680
175 232
176 606
176 904
176 928
177 215
177 266
177 756
178 179
178 187
178 253
178 320
178 653
178 682
178 841
178 868
179 189
179 202
179 213
179 886
179 980
180 221
180 223
180 303
180 345
180 836
180 840
180 861
181 196
181 390
181 391
182 227
182 229
182 239
182 511
182 548
182 556
182 746
182 799
182 834
182 848
182 947
183 264
183 301
183 319
183 865
184 283
184 398
184 438
184 495
184 570
184 659
184 922
185 357
185 477
185 655
185 793
185 872
185 918
185 939
186 192
186 198
186 382
186 486
186 577
186 701
186 818
186 859
187 413
187 596
187 880
188 305
188 766
189 383
190 716
191 549
191 934
192 269
192 350
192 483
192 484
192 501
192 508
192 577
192 659
192 678
192 876
192 981
193 272
193 536
193 668
193 709
193 907
194 218
194 554
194 574
195 519
195 875
195 890
196 488
196 597
196 773
198 397
198 674
199 221
199 314
199 398
200 311
200 390
200 446
200 510
200 846
200 922
202 205
202 268
202 277
202 351
202 665
202 711
202 789
203 589
204 343
204 458
204 962
205 218
205 245
205 292
205 320
205 327
205 475
205 496
205 547
205 643
205 753
205 770
205 815
205 907
206 219
206 294
206 532
206 776
207 224
207 339
207 404
207 478
207 566
207 587
207 716
208 288
208 449
208 520
208 810
209 246
209 422
209 446
209 673
209 688
209 856
211 266
211 849
212 369
212 440
212 542
212 615
212 694
213 400
213 595
214 377
214 539
216 870
216 982
218 306
218 393
218 526
218 808
218 815
218 844
219 299
219 416
219 876
220 222
220 580
221 247
221 430
221 601
221 762
221 830
222 337
222 351
222 726
222 797
223 329
223 461
223 914
224 312
224 500
224 617
224 686
224 832
224 899
225 322
225 340
226 306
226 905
227 255
227 454
227 529
227 782
227 894
228 264
228 422
228 487
228 595
228 658
228 681
228 700
230 249
230 265
230 286
230 291
230 355
230 446
230 470
230 575
230 591
230 629
231 273
231 367
231 420
231 470
232 252
232 341
232 792
232 830
233 290
234 336
234 366
234 485
234 660
235 252
236 359
236 463
236 544
236 816
236 823
237 296
237 489
238 608
238 675
239 349
239 402
240 377
240 421
240 966
241 934
242 469
242 749
242 797
242 839
243 356
243 631
243 931
245 279
245 407
245 454
245 467
245 541
245 622
245 685
246 256
247 552
247 599
247 649
247 654
248 393
249 348
249 442
249 501
249 507
249 528
249 570
249 595
249 602
249 610
249 986
250 334
250 518
250 725
251 697
251 945
252 642
252 791
252 965
253 260
253 273
253 276
253 309
253 324
253 502
253 511
253 550
253 762
253 854
254 268
254 725
255 625
256 506
257 385
257 400
257 680
257 831
258 261
258 264
258 271
258 467
258 704
259 512
259 764
259 892
259 984
260 295
260 480
260 540
260 624
260 940
260 989
261 291
261 685
262 284
262 644
262 716
262 816
262 820
262 878
262 949
263 382
263 439
263 505
263 802
264 844
265 349
265 432
265 569
265 608
265 790
265 885
268 869
269 274
269 338
269 569
269 853
270 717
271 511
272 408
272 545
272 563
272 733
274 415
274 491
274 628
274 737
274 804
274 902
276 472
276 575
276 836
277 322
278 337
279 466
279 510
279 563
279 578
279 645
279 754
279 796
279 835
279 972
280 315
280 997
281 462
281 605
281 640
283 722
284 513
285 363
285 737
285 947
286 533
286 568
286 629
286 935
287 919
288 860
289 313
289 316
289 822
289 918
290 783
291 333
291 421
291 747
291 814
292 319
292 367
292 665
292 713
292 811
293 669
293 696
294 471
295 651
296 323
296 388
296 460
296 551
296 696
296 892
297 672
298 946
299 428
300 388
300 546
300 677
303 343
303 514
303 639
303 739
303 741
303 754
303 975
303 977
305 313
305 559
305 575
305 581
305 752
305 770
305 845
305 880
306 411
307 310
307 836
308 541
308 632
308 781
309 343
309 519
309 795
310 841
311 380
313 479
313 519
313 557
313 990
314 368
314 503
314 514
315 943
316 671
316 972
317 332
318 447
318 785
319 329
319 413
319 788
320 854
322 689
322 745
322 962
323 431
323 637
323 838
324 430
324 493
324 729
325 548
326 664
327 341
327 375
327 988
328 396
328 915
329 552
329 782
329 783
329 822
329 920
329 936
330 423
330 636
331 447
331 750
331 788
331 819
333 440
333 510
334 344
334 405
334 437
334 473
334 494
334 504
334 522
334 744
334 981
335 768
337 473
337 813
338 345
338 456
338 481
338 839
339 452
339 633
339 723
339 724
340 573
340 756
340 781
341 486
341 992
342 474
342 655
342 787
343 354
343 370
343 382
344 654
345 422
345 669
345 989
346 401
346 406
346 473
346 813
348 637
349 539
349 616
349 775
350 408
350 572
350 763
350 906
351 386
351 860
351 929
352 358
353 394
353 913
355 496
356 851
356 978
357 456
358 507
358 670
358 957
360 368
360 460
360 693
361 411
361 605
362 975
363 374
363 455
364 733
367 381
368 415
368 436
368 995
369 559
369 984
371 499
371 803
371 858
371 954
371 976
372 483
372 484
372 527
372 598
372 673
372 833
372 847
372 926
373 641
375 427
375 462
375 468
377 546
377 734
378 560
378 600
378 649
378 712
378 746
378 896
379 992
382 402
383 966
384 888
385 468
385 484
385 971
391 503
392 800
393 553
395 450
395 682
397 714
398 749
399 621
399 638
399 748
399 751
399 798
399 828
399 899
400 478
400 623
401 525
401 550
401 609
402 542
404 729
404 834
405 812
405 877
405 939
407 618
408 428
408 960
409 600
409 838
410 740
411 433
411 489
413 911
414 765
414 981
416 723
416 917
417 767
417 774
417 785
418 480
418 644
421 803
423 536
424 505
424 954
426 730
426 983
427 523
429 705
429 777
429 912
429 991
430 601
433 437
433 571
433 657
433 666
434 770
435 437
435 613
435 690
435 832
435 857
435 881
436 720
436 952
437 906
439 630
439 741
439 769
439 897
440 565
440 640
440 698
441 561
443 475
443 921
443 926
444 753
445 559
445 804
446 620
446 636
447 793
450 460
450 842
450 849
451 712
452 695
452 741
452 768
452 801
452 805
453 467
454 471
454 757
455 623
455 699
455 901
455 974
459 538
459 549
459 710
459 790
459 808
459 915
459 956
460 658
460 786
460 885
461 598
462 488
462 521
462 554
462 712
462 721
462 960
464 842
465 546
466 483
466 933
467 782
471 720
471 824
471 935
471 949
471 963
472 728
473 697
474 583
475 879
479 885
479 974
480 515
480 673
480 715
480 874
480 912
480 998
481 626
481 825
481 886
481 955
482 618
482 635
484 807
485 508
486 661
486 698
486 928
486 938
487 498
487 593
487 690
487 783
487 801
487 867
487 968
489 606
489 924
491 784
492 581
492 636
493 953
493 959
493 968
493 970
494 826
499 791
501 556
501 702
501 987
503 535
503 607
505 715
506 619
507 647
508 607
508 945
512 703
512 769
513 518
513 661
513 787
513 870
515 577
515 624
515 823
515 922
516 818
518 662
522 621
522 687
522 705
522 709
522 780
523 527
526 661
526 735
526 740
527 567
527 684
527 880
529 987
531 895
534 652
534 679
536 662
536 818
539 871
539 971
542 591
542 685
543 930
544 567
544 616
544 647
545 639
545 645
545 905
549 670
549 949
554 667
554 796
554 917
555 736
559 694
559 763
561 895
565 774
565 904
566 886
566 986
567 615
567 649
568 825
569 797
570 806
571 607
575 774
575 806
575 879
578 693
578 918
580 592
582 920
583 707
585 627
585 704
585 717
587 660
587 738
589 619
589 761
590 637
590 812
590 903
592 768
594 660
594 998
596 683
596 771
597 656
597 901
598 695
605 790
605 929
606 838
608 618
608 648
612 718
612 732
614 706
618 663
618 780
618 848
619 672
622 923
623 711
623 799
623 882
624 955
626 921
630 667
633 786
634 703
636 839
637 656
637 696
638 785
640 845
641 719
644 672
646 668
646 813
647 749
649 757
649 778
650 702
650 795
651 713
651 766
651 913
651 923
652 755
655 943
658 752
659 996
661 727
662 666
672 701
672 751
676 930
678 817
681 708
682 827
683 871
684 837
684 867
686 772
686 812
686 832
693 898
693 926
693 962
694 752
703 725
704 821
705 902
707 970
708 719
708 830
713 772
714 737
719 816
719 861
721 963
725 732
725 961
726 834
727 775
728 764
729 980
731 928
731 951
731 966
733 779
736 789
736 889
737 938
742 998
747 937
748 845
749 869
750 802
750 935
751 773
757 792
757 931
759 780
759 826
762 940
762 946
762 979
763 856
765 986
769 817
769 878
769 892
771 822
775 947
776 821
780 903
785 810
788 819
791 852
797 884
798 983
799 968
801 952
806 854
806 891
812 925
813 890
814 941
816 851
817 908
822 846
823 910
830 850
834 843
840 987
843 960
845 953
847 864
853 914
861 895
868 957
869 942
876 946
880 889
880 964
882 941
883 994
891 923
893 908
904 920
904 948
908 914
913 944
913 961
917 969
918 973
924 944
935 969
940 982
946 983
949 978
