0 1
0 2
0 3
0 4
0 5
0 12
0 13
0 18
0 19
0 22
0 23
0 27
0 28
0 36
0 37
0 38
0 42
0 43
0 45
0 49
0 50
0 52
0 53
0 67
0 68
0 74
0 78
0 82
0 89
0 99
0 120
0 135
0 145
0 146
0 170
0 209
0 243
0 281
0 311
0 313
0 337
0 365
0 406
0 437
0 470
0 478
0 480
0 493
0 515
0 519
0 570
0 571
0 590
0 624
0 638
0 652
0 674
0 684
0 700
0 748
0 772
0 790
0 795
0 812
0 831
0 878
0 881
0 954
0 964
1 2
1 3
1 4
1 6
1 7
1 8
1 17
1 19
1 20
1 21
1 22
1 23
1 24
1 35
1 37
1 66
1 67
1 69
1 87
1 137
1 143
1 153
1 166
1 168
1 170
1 174
1 198
1 215
1 228
1 233
1 238
1 254
1 271
1 273
1 279
1 299
1 345
1 352
1 355
1 391
1 444
1 462
1 465
1 561
1 567
1 568
1 584
1 608
1 641
1 666
1 696
1 710
1 716
1 717
1 730
1 747
1 756
1 766
1 817
1 830
1 841
1 847
1 850
1 862
1 915
1 927
1 934
1 978
2 3
2 5
2 7
2 9
2 14
2 16
2 21
2 26
2 29
2 30
2 33
2 61
2 63
2 64
2 68
2 71
2 75
2 85
2 86
2 90
2 116
2 135
2 142
2 149
2 152
2 168
2 185
2 204
2 213
2 239
2 254
2 269
2 289
2 292
2 303
2 304
2 332
2 349
2 397
2 405
2 422
2 463
2 486
2 499
2 516
2 544
2 553
2 585
2 621
2 689
2 710
2 762
2 814
2 843
2 853
2 930
2 978
2 981
3 4
3 5
3 6
3 9
3 11
3 13
3 16
3 19
3 34
3 51
3 55
3 58
3 63
3 73
3 84
3 89
3 97
3 98
3 103
3 106
3 121
3 124
3 128
3 157
3 172
3 185
3 205
3 236
3 248
3 279
3 292
3 305
3 330
3 359
3 393
3 415
3 485
3 511
3 517
3 556
3 608
3 609
3 611
3 621
3 636
3 647
3 656
3 658
3 695
3 716
3 721
3 722
3 725
3 745
3 760
3 766
3 768
3 806
3 817
3 881
3 916
3 920
3 930
3 954
3 973
4 12
4 15
4 16
4 17
4 18
4 25
4 35
4 36
4 44
4 55
4 70
4 74
4 83
4 85
4 91
4 92
4 100
4 113
4 141
4 163
4 170
4 188
4 201
4 210
4 218
4 220
4 253
4 276
4 340
4 352
4 376
4 388
4 408
4 428
4 468
4 471
4 478
4 625
4 664
4 699
4 702
4 707
4 714
4 726
4 733
4 788
4 864
4 885
4 939
4 995
5 6
5 7
5 8
5 9
5 27
5 29
5 42
5 66
5 68
5 69
5 79
5 134
5 136
5 151
5 157
5 186
5 199
5 235
5 326
5 342
5 439
5 440
5 443
5 507
5 508
5 515
5 540
5 587
5 641
5 695
5 720
5 783
5 888
5 900
5 917
5 919
5 965
5 970
6 10
6 11
6 12
6 15
6 24
6 31
6 40
6 48
6 57
6 89
6 105
6 106
6 110
6 113
6 147
6 219
6 229
6 247
6 267
6 307
6 385
6 396
6 426
6 452
6 497
6 535
6 538
6 616
6 685
6 737
6 779
6 786
6 801
6 824
6 825
6 832
6 867
6 908
6 970
6 999
7 8
7 10
7 11
7 15
7 18
7 22
7 23
7 27
7 31
7 34
7 45
7 47
7 56
7 62
7 71
7 80
7 95
7 100
7 111
7 123
7 124
7 126
7 150
7 163
7 177
7 200
7 208
7 209
7 216
7 264
7 274
7 281
7 336
7 353
7 380
7 399
7 431
7 445
7 497
7 500
7 558
7 588
7 605
7 634
7 662
7 672
7 688
7 743
7 813
7 815
7 849
7 888
7 905
7 938
7 956
7 959
7 986
8 10
8 21
8 24
8 28
8 34
8 42
8 48
8 56
8 64
8 78
8 81
8 84
8 107
8 154
8 158
8 164
8 181
8 213
8 226
8 247
8 266
8 293
8 315
8 430
8 444
8 482
8 535
8 594
8 712
8 842
8 857
8 880
8 903
9 14
9 17
9 20
9 28
9 30
9 33
9 39
9 46
9 50
9 92
9 116
9 119
9 143
9 152
9 156
9 178
9 187
9 192
9 200
9 205
9 218
9 228
9 241
9 257
9 266
9 301
9 302
9 310
9 338
9 392
9 394
9 416
9 432
9 544
9 580
9 586
9 626
9 648
9 650
9 661
9 681
9 745
9 746
9 781
9 800
9 815
9 817
9 837
9 858
9 865
9 886
9 904
9 924
9 953
9 955
9 962
9 984
9 998
10 30
10 75
10 104
10 151
10 162
10 169
10 175
10 222
10 233
10 320
10 347
10 474
10 493
10 555
10 572
10 785
10 851
10 882
10 980
11 14
11 105
11 108
11 175
11 244
11 623
11 640
11 665
12 13
12 25
12 31
12 44
12 46
12 49
12 126
12 133
12 161
12 164
12 169
12 181
12 241
12 268
12 272
12 347
12 418
12 524
12 595
12 607
12 651
12 700
12 732
12 974
13 46
13 210
13 316
13 559
13 573
13 612
14 26
14 387
14 389
14 671
15 20
15 38
15 41
15 60
15 66
15 71
15 93
15 131
15 154
15 184
15 186
15 214
15 224
15 225
15 242
15 310
15 434
15 497
15 499
15 514
15 519
15 545
15 557
15 565
15 572
15 610
15 638
15 639
15 678
15 718
15 732
15 735
15 767
15 787
15 807
15 834
15 863
15 907
15 961
16 29
16 32
16 60
16 93
16 133
16 246
16 398
17 32
17 77
17 90
17 104
17 135
17 146
17 188
17 204
17 841
17 925
18 26
18 47
18 48
18 59
18 65
18 81
18 90
18 96
18 176
18 183
18 194
18 207
18 258
18 321
18 458
18 516
18 572
18 614
18 634
18 740
18 842
18 893
18 962
19 79
19 88
19 96
19 123
19 211
19 258
19 289
19 381
19 389
19 402
19 406
19 456
19 463
19 508
19 534
19 663
19 743
19 776
19 786
19 979
20 54
20 57
20 82
20 83
20 134
20 168
20 173
20 181
20 270
20 329
20 332
20 343
20 378
20 583
20 622
20 719
20 849
20 870
20 888
20 936
20 947
21 25
21 39
21 51
21 153
21 191
21 392
21 436
21 507
21 926
21 929
22 32
22 95
22 100
22 148
22 162
22 285
22 333
22 424
22 464
22 526
22 879
23 61
23 91
23 235
24 33
24 41
24 53
24 86
24 125
24 156
24 198
24 206
24 212
24 223
24 251
24 270
24 274
24 295
24 352
24 368
24 372
24 421
24 434
24 465
24 519
24 521
24 547
24 595
24 602
24 603
24 628
24 631
24 657
24 687
24 689
24 736
24 750
24 762
24 873
24 901
24 939
25 73
25 189
25 259
25 351
25 477
25 725
25 803
25 883
25 947
26 43
26 144
26 284
26 743
27 36
27 38
27 207
27 218
27 241
27 338
27 372
27 505
27 552
27 581
27 821
27 891
28 44
28 78
28 103
28 123
28 155
28 200
28 297
28 325
28 335
28 348
28 417
28 435
28 503
28 565
28 718
28 792
28 836
28 861
28 902
28 920
28 934
28 975
29 272
29 282
29 342
29 382
29 463
29 549
29 680
29 785
29 965
30 41
30 43
30 57
30 119
30 194
30 208
30 733
31 35
31 269
31 277
31 443
31 489
31 687
31 874
32 122
32 130
32 165
32 177
32 197
32 198
32 264
32 320
32 354
32 369
32 723
32 948
33 39
33 51
33 117
33 150
33 153
33 169
33 193
33 269
33 315
33 442
33 500
33 506
33 514
33 552
33 611
33 769
33 794
34 37
34 40
34 47
34 49
34 96
34 118
34 163
34 171
34 172
34 227
34 261
34 335
34 428
34 473
34 543
34 588
34 619
34 644
34 647
34 679
34 907
35 61
35 69
35 94
35 108
35 111
35 139
35 197
35 223
35 311
35 362
35 390
35 419
35 491
35 496
35 539
35 593
35 701
35 729
35 744
35 762
35 859
35 892
35 944
36 253
36 479
36 483
36 554
36 870
37 40
37 88
37 129
37 132
37 319
37 334
37 398
37 423
37 476
37 577
37 742
37 937
38 50
38 54
38 62
38 74
38 108
38 114
38 143
38 144
38 145
38 151
38 185
38 219
38 227
38 286
38 287
38 303
38 343
38 409
38 457
38 464
38 520
38 597
38 601
38 619
38 637
38 713
38 721
38 738
38 789
38 793
38 827
38 833
38 951
38 973
39 45
39 76
39 87
39 94
39 95
39 101
39 110
39 111
39 112
39 139
39 140
39 165
39 173
39 195
39 220
39 226
39 243
39 251
39 257
39 263
39 268
39 283
39 304
39 366
39 377
39 394
39 505
39 537
39 543
39 578
39 604
39 643
39 654
39 656
39 977
40 288
40 332
40 579
40 630
40 804
41 383
41 414
41 490
42 54
42 97
42 391
42 820
43 103
43 142
43 158
43 180
43 192
43 268
43 333
43 370
43 393
43 407
43 427
43 579
43 583
43 590
43 685
43 750
43 814
43 973
44 131
44 160
44 182
44 233
44 265
44 300
44 302
44 308
44 368
44 369
44 409
44 425
44 451
44 528
44 600
44 735
44 811
44 983
45 58
45 102
45 128
45 203
45 313
45 353
45 645
46 52
46 64
46 77
46 80
46 154
46 222
46 232
46 328
46 344
46 350
46 408
46 423
46 508
46 524
46 568
47 59
47 60
47 62
47 63
47 67
47 72
47 138
47 174
47 205
47 221
47 230
47 309
47 330
47 331
47 340
47 341
47 356
47 384
47 387
47 470
47 485
47 530
47 614
47 623
47 624
47 856
47 921
48 53
48 76
48 77
48 81
48 92
48 122
48 159
48 189
48 228
48 287
48 331
48 418
48 501
48 530
48 754
48 860
48 999
49 119
49 134
49 260
49 271
49 290
49 309
49 523
49 727
50 52
50 65
50 73
50 76
50 83
50 85
50 171
50 191
50 247
50 321
50 330
50 385
50 403
50 426
50 494
50 573
50 630
50 692
50 712
50 802
50 919
51 88
51 105
51 117
51 118
51 304
51 329
51 570
52 364
52 467
52 832
53 56
53 112
53 125
53 137
53 180
53 223
53 225
53 349
53 373
53 436
53 487
53 627
53 706
53 723
54 55
54 59
54 65
54 70
54 86
54 102
54 113
54 175
54 196
54 224
54 237
54 278
54 291
54 312
54 316
54 345
54 737
54 755
54 882
54 913
54 981
54 998
55 58
55 106
55 107
55 202
56 72
56 130
56 288
56 314
56 370
56 390
56 411
56 581
56 617
56 629
56 631
56 787
56 833
56 852
56 885
56 895
57 115
57 118
57 148
57 158
57 184
57 260
57 321
57 378
57 446
57 559
57 607
57 736
57 783
58 84
58 120
58 206
58 211
58 282
58 285
58 291
58 423
58 660
58 740
59 107
60 70
60 82
60 109
60 149
60 190
60 267
60 280
60 296
60 914
60 959
61 128
61 190
61 191
61 256
61 294
61 299
61 308
61 559
61 629
62 75
62 98
62 120
62 160
62 161
62 265
62 368
62 374
62 422
62 432
62 640
62 653
62 679
62 924
62 983
63 157
63 412
63 427
63 448
63 659
63 734
63 921
64 72
64 275
64 393
64 527
64 622
64 759
65 80
65 138
65 141
65 312
65 379
65 381
65 460
65 501
65 529
65 533
65 650
65 660
65 693
66 99
66 152
66 240
66 274
66 396
66 428
66 462
66 617
66 996
67 94
67 479
67 544
68 633
68 664
68 703
68 706
68 742
68 763
68 774
68 929
69 116
69 202
69 325
69 462
69 476
70 675
71 179
71 239
71 358
71 377
71 529
71 578
71 832
72 79
72 109
72 121
72 130
72 133
72 240
72 319
72 333
72 359
72 449
72 490
72 582
72 659
72 852
72 864
72 940
72 960
73 136
73 230
73 245
73 251
73 270
73 761
74 117
74 176
74 204
74 232
74 266
74 458
74 475
74 486
74 502
74 567
74 629
74 689
74 690
74 805
74 922
75 180
75 182
75 211
75 275
75 295
75 327
75 582
76 98
76 137
76 140
76 155
76 237
76 273
76 277
76 324
76 344
76 430
76 529
76 535
76 549
76 616
76 688
76 768
76 776
76 848
76 862
76 949
76 959
77 144
77 232
77 244
77 276
77 317
77 543
77 612
77 653
77 686
77 712
78 145
78 156
78 207
78 220
78 307
78 383
78 456
78 524
78 929
79 109
79 112
79 262
79 309
79 723
79 748
80 110
80 159
80 199
80 215
80 400
80 578
80 851
80 931
80 968
80 998
81 355
81 426
81 467
81 555
82 196
82 468
82 493
82 760
82 954
83 101
83 136
83 216
83 407
83 444
83 454
83 556
83 590
83 745
84 87
84 114
84 162
84 164
84 177
84 221
84 227
84 250
84 404
84 455
84 477
84 506
84 522
84 655
84 715
84 883
84 923
85 99
85 122
85 132
85 167
85 187
85 373
85 410
85 415
85 525
85 579
85 633
85 683
85 774
86 97
86 498
86 710
87 91
87 127
87 179
87 237
87 384
87 385
87 705
87 810
87 846
87 853
88 166
88 256
88 376
88 382
88 387
88 445
88 495
88 586
88 860
88 965
89 131
89 160
89 192
89 206
89 311
89 413
89 447
89 570
89 644
89 649
89 673
90 93
90 104
90 142
90 146
90 195
90 466
90 546
90 726
91 147
91 314
92 127
92 139
92 149
92 150
92 345
92 557
92 724
92 985
93 102
93 141
93 245
93 246
93 259
93 289
93 348
93 414
93 472
93 655
93 677
93 759
93 964
93 976
94 138
94 248
95 101
95 115
95 172
95 434
95 549
95 731
95 756
96 124
96 317
96 458
97 115
97 155
97 183
97 751
97 852
98 129
98 238
98 449
98 515
98 575
98 899
99 235
99 263
99 620
99 636
99 642
99 902
99 992
100 201
100 306
100 613
101 125
101 129
101 217
101 281
101 469
101 474
101 554
101 582
101 701
101 803
101 917
102 114
102 167
102 275
102 286
102 320
102 926
102 985
103 121
103 210
103 217
103 550
103 785
104 193
104 587
104 778
104 931
105 197
105 231
105 252
105 271
105 298
105 329
105 339
105 365
105 374
105 450
105 606
106 140
106 367
106 484
106 669
106 779
106 967
107 178
107 242
107 279
107 282
107 346
107 361
107 399
107 465
107 558
107 754
107 764
107 781
107 889
107 932
107 948
108 203
108 358
108 400
108 620
108 635
108 769
109 438
109 777
109 987
110 221
110 475
111 209
111 252
111 632
112 147
112 492
112 868
112 870
112 912
113 214
113 510
113 518
113 813
113 943
113 946
114 159
114 203
114 226
114 346
114 392
114 448
114 485
114 525
114 526
114 533
114 592
114 709
114 714
114 749
115 148
115 337
115 405
115 410
115 457
115 479
115 969
116 126
116 242
116 280
116 534
116 589
116 592
116 593
116 651
116 694
117 132
117 324
117 402
117 473
117 474
117 602
117 749
117 793
118 334
118 360
118 615
118 678
119 283
120 178
120 208
120 276
121 722
122 127
122 161
122 193
122 236
122 363
122 379
122 467
122 546
122 625
122 639
122 764
122 824
122 840
122 845
123 243
123 322
123 356
123 369
123 437
123 528
123 758
123 866
123 873
124 182
124 527
124 615
125 253
125 455
126 188
126 199
126 291
126 540
126 575
126 768
126 796
126 831
126 909
126 995
126 997
127 171
127 244
127 250
127 300
127 366
127 371
127 388
127 691
127 823
128 297
128 400
128 501
128 635
128 847
128 990
129 879
131 179
131 533
132 165
132 413
132 431
132 498
132 577
132 645
132 674
133 278
133 315
134 312
134 541
135 186
135 229
135 278
135 528
135 724
135 797
135 818
135 834
135 917
135 963
136 259
136 491
136 603
136 809
136 986
137 167
137 252
137 575
137 695
138 231
138 299
138 453
138 900
138 979
139 323
139 521
140 213
140 222
140 240
140 283
140 351
140 366
140 391
140 542
140 854
140 861
141 187
141 390
141 822
141 981
142 649
143 851
143 918
143 963
144 196
144 353
144 627
145 190
145 676
146 173
146 174
146 238
146 260
146 336
146 404
146 461
146 511
146 567
146 581
146 661
146 976
147 234
147 341
147 464
147 609
147 647
147 895
147 957
148 495
149 176
149 267
149 349
149 499
149 660
149 940
149 991
150 323
150 341
150 414
150 490
150 709
150 884
150 891
151 262
151 294
151 348
151 362
151 551
151 599
151 693
151 881
151 955
152 372
154 216
154 255
154 314
154 365
154 395
154 453
154 504
154 512
154 729
154 816
154 890
155 261
155 292
155 305
155 354
155 509
156 899
157 296
157 318
157 375
157 425
157 551
157 774
157 827
157 848
157 909
157 972
158 249
158 398
158 439
158 442
158 469
158 700
158 709
158 730
158 758
158 780
159 212
159 257
159 306
159 359
159 364
159 460
159 643
159 791
160 453
160 654
161 350
161 370
161 542
161 653
161 765
161 937
163 417
163 438
163 481
163 509
163 616
163 696
163 771
163 780
163 782
163 806
163 835
163 901
164 565
164 846
164 900
164 951
165 166
165 294
165 386
165 437
165 447
165 756
165 989
167 194
167 298
167 356
167 361
167 753
167 798
167 912
167 969
168 284
168 285
168 327
168 421
168 699
168 949
169 288
169 698
169 741
170 317
171 611
171 719
172 694
173 183
173 215
173 234
173 261
173 264
173 298
173 396
173 429
173 447
173 532
173 757
173 891
173 913
174 219
174 545
174 624
174 649
175 576
175 820
176 509
176 617
176 664
177 214
177 818
177 826
177 949
178 184
178 476
178 701
179 301
179 310
179 399
179 409
179 427
179 480
179 547
179 897
180 395
180 797
180 829
181 229
181 230
181 305
181 596
181 734
181 738
181 818
181 857
182 648
183 331
183 655
183 680
183 690
183 794
183 942
183 993
185 195
185 225
185 805
186 585
186 732
186 777
187 217
187 293
187 326
187 871
187 923
187 942
188 189
188 258
188 336
188 339
188 412
188 471
188 484
188 613
188 618
188 972
189 255
189 263
189 433
189 606
189 711
190 202
190 287
191 644
192 201
192 326
192 420
192 511
192 537
192 600
192 604
192 830
192 908
193 548
193 728
193 986
194 468
194 473
194 510
194 532
194 670
194 741
194 976
195 371
196 306
196 343
196 793
196 983
197 316
197 380
197 711
200 739
202 337
202 470
202 812
203 498
203 714
204 212
204 446
204 448
205 239
205 744
205 782
206 290
206 564
206 977
207 248
207 389
207 452
207 693
208 364
208 650
209 373
209 459
209 461
209 495
210 273
210 386
210 405
210 839
210 889
211 313
211 351
211 436
211 646
211 922
212 249
212 569
212 795
212 978
213 397
213 682
213 755
213 782
214 224
214 246
214 340
214 416
214 494
214 692
215 249
216 234
216 290
216 502
217 487
217 807
218 376
218 381
218 640
218 932
219 250
219 375
219 419
219 441
219 539
219 541
219 665
219 918
219 992
220 603
220 845
222 607
222 916
223 265
223 537
224 262
224 307
224 857
225 440
226 303
226 441
226 483
226 580
226 721
226 809
226 966
227 661
228 540
228 599
228 877
229 231
229 302
229 487
231 256
231 357
231 403
231 443
231 625
231 670
231 927
231 944
232 504
232 538
233 236
233 335
233 440
233 574
233 705
234 411
234 626
235 245
235 808
237 397
237 898
238 277
238 488
238 531
238 563
238 677
239 280
239 296
239 300
239 757
240 293
240 598
240 997
241 367
241 842
241 960
243 441
243 680
243 806
243 932
245 255
245 272
245 334
245 350
245 384
245 840
245 946
246 466
246 489
246 526
246 556
246 562
246 675
247 496
248 346
248 558
249 789
250 411
250 472
250 507
250 688
251 796
252 362
252 541
252 639
252 738
253 254
253 295
253 433
254 620
255 517
255 568
257 297
257 421
257 512
257 597
257 742
257 816
257 950
258 327
258 415
258 417
258 482
258 596
258 636
258 823
258 928
259 284
259 931
262 355
262 837
262 899
263 492
263 589
263 667
264 703
264 980
265 360
265 727
266 591
266 815
266 906
266 924
267 522
267 555
267 682
267 845
268 401
269 318
269 344
269 360
269 491
269 506
269 630
269 752
269 787
269 829
269 854
270 708
271 430
272 560
273 416
273 720
273 776
273 814
273 867
274 324
274 328
274 386
274 812
275 893
276 492
276 548
276 910
277 395
278 438
278 513
278 585
278 831
278 941
279 322
279 548
280 318
280 374
280 449
280 550
280 861
281 339
282 662
283 982
284 456
284 799
285 286
285 322
285 347
285 406
285 778
286 876
287 610
287 736
288 668
288 681
288 706
289 550
290 571
291 469
292 494
292 773
292 943
293 357
293 542
295 308
295 380
295 512
295 574
295 598
295 810
296 342
297 383
297 407
297 408
297 520
298 488
298 563
299 301
299 595
299 704
300 731
301 378
301 610
302 328
303 319
303 401
303 455
303 566
303 749
303 830
304 825
304 903
304 993
305 439
305 504
306 422
306 914
307 325
307 358
307 513
308 503
309 431
309 432
309 767
311 361
311 459
311 810
311 843
312 323
312 382
312 404
312 435
312 753
312 771
312 944
313 480
313 643
313 656
314 357
314 388
314 510
314 775
314 827
314 869
314 994
315 600
315 784
315 885
316 489
316 676
316 687
317 584
317 627
319 518
320 792
320 847
321 645
322 371
322 442
322 538
322 665
322 835
323 668
323 890
324 560
325 420
325 598
325 795
326 379
327 363
327 503
327 532
327 564
327 580
327 631
327 659
327 761
327 794
327 927
327 940
327 990
328 367
328 425
328 715
328 828
328 989
329 375
329 412
329 637
329 707
329 934
329 971
331 460
331 828
331 977
332 338
332 354
332 377
332 697
332 703
333 513
333 820
335 459
335 475
335 802
335 993
336 697
336 943
337 424
337 450
337 546
337 553
337 686
337 696
337 784
337 896
338 658
341 471
343 505
343 591
344 394
344 419
344 819
347 819
349 477
349 646
349 734
350 539
350 780
351 496
352 363
352 486
353 968
355 569
355 637
356 403
356 521
356 791
357 429
357 522
360 523
360 790
360 796
360 960
361 402
361 690
361 914
361 988
362 681
362 872
363 461
364 604
364 663
364 666
364 726
365 420
366 410
366 418
366 446
366 478
366 583
366 669
366 963
367 466
367 897
368 433
368 531
368 747
369 450
370 613
370 677
370 894
371 621
371 642
371 868
373 594
373 775
373 887
374 727
375 675
376 472
376 673
379 601
379 834
379 856
380 652
380 828
382 952
383 609
384 401
384 670
384 719
384 747
384 808
385 805
388 791
388 839
388 951
389 525
389 729
389 892
390 561
391 424
391 527
391 534
391 632
391 884
394 577
394 717
394 859
395 865
396 413
396 608
396 622
396 874
396 935
397 633
397 673
398 863
398 988
399 429
399 536
399 566
401 705
401 728
402 488
402 884
403 593
403 672
403 784
404 481
404 517
404 823
404 856
406 992
408 530
410 452
410 657
412 554
413 451
413 589
413 619
413 692
413 770
413 803
415 642
415 908
415 938
416 518
416 596
416 614
416 718
416 744
416 765
416 947
418 713
418 991
419 451
419 628
419 679
419 871
420 435
420 683
421 858
423 783
424 942
426 551
426 576
426 634
426 789
429 562
429 988
430 855
432 454
433 457
433 898
434 683
435 612
435 821
436 564
438 481
439 877
440 682
440 930
441 531
441 751
441 826
442 520
442 685
443 445
444 563
444 759
444 841
445 935
448 561
448 632
448 840
449 652
449 887
450 454
450 654
451 573
451 698
451 731
451 755
452 788
453 516
453 571
453 576
453 816
453 825
453 970
454 484
454 638
454 892
454 990
456 982
457 728
459 536
460 678
460 824
463 773
463 955
463 996
465 592
465 844
467 574
467 615
467 716
467 868
468 586
469 804
470 557
470 752
470 863
472 483
473 751
473 893
474 686
475 500
475 560
476 968
477 641
477 922
478 798
478 925
479 758
479 956
480 482
480 937
481 523
481 676
482 672
483 618
484 945
486 916
487 918
489 704
489 915
490 562
490 906
491 953
492 566
492 720
495 737
496 502
496 658
496 920
497 790
497 855
497 896
498 724
498 875
500 591
500 657
501 536
501 699
502 801
502 869
502 941
504 848
504 911
505 547
505 666
506 514
506 967
507 597
508 667
508 770
508 886
511 667
511 779
515 933
516 552
516 860
516 945
519 584
519 765
522 646
522 995
525 961
526 797
527 602
528 813
529 704
529 746
531 819
531 952
532 605
532 821
534 925
535 553
536 601
536 668
538 587
538 788
539 626
540 599
540 811
540 979
542 545
542 569
543 717
543 786
545 588
545 843
546 910
547 882
550 835
550 985
551 741
551 980
553 904
553 966
555 850
555 853
563 671
564 936
568 684
568 764
570 733
570 866
571 941
572 939
573 606
573 648
573 938
574 869
579 799
582 618
582 800
582 897
583 952
585 594
585 691
585 778
585 887
588 849
588 865
592 605
592 651
594 711
594 950
594 964
600 722
600 883
602 772
603 975
605 730
605 877
605 913
607 628
607 767
609 669
609 984
610 801
611 635
611 761
611 811
611 855
611 982
613 674
613 775
613 880
613 945
614 623
615 752
615 933
619 753
619 858
620 663
621 698
621 802
625 702
625 844
626 739
626 867
626 880
627 777
628 766
628 808
629 760
631 671
631 725
632 876
632 886
633 966
634 691
634 763
635 872
636 833
636 967
638 809
638 836
638 844
638 850
638 962
641 715
642 708
642 763
644 864
644 928
646 662
646 771
646 928
650 769
653 702
653 708
653 799
653 987
658 684
658 866
659 972
660 713
661 912
662 829
662 974
664 836
667 807
667 826
668 748
669 804
671 697
674 757
674 781
676 694
678 773
679 946
686 919
691 838
691 871
699 707
701 839
702 889
704 906
706 895
709 822
712 746
716 878
719 735
719 770
719 936
722 740
724 873
724 874
724 907
728 772
730 923
733 739
733 984
734 935
737 754
737 798
738 837
738 846
738 854
738 905
738 909
739 750
739 921
750 999
754 926
757 800
758 792
759 838
761 876
761 896
770 838
773 902
775 859
776 878
779 879
785 898
787 915
788 894
789 994
793 875
794 974
796 822
796 890
797 958
797 961
810 894
813 911
814 872
818 862
818 933
818 994
826 958
826 975
830 910
832 948
835 905
839 875
839 997
841 911
850 950
856 903
857 953
857 996
863 901
865 957
885 904
892 989
894 971
899 956
901 958
907 957
908 969
913 991
917 971
926 987
