0 1
0 2
0 3
0 4
0 5
0 6
0 8
0 10
0 14
0 16
0 19
0 23
0 28
0 29
0 30
0 38
0 40
0 46
0 50
0 52
0 55
0 56
0 68
0 104
0 111
0 125
0 131
0 223
0 227
0 230
0 263
0 289
0 303
0 306
0 308
0 320
0 331
0 390
0 398
0 399
0 436
0 452
0 453
0 471
0 518
0 545
0 576
0 577
0 600
0 642
0 667
0 690
0 720
0 725
0 752
0 779
0 780
0 784
0 798
0 837
0 849
0 882
0 915
0 918
0 932
0 950
1 2
1 3
1 4
1 6
1 10
1 11
1 13
1 15
1 19
1 20
1 21
1 24
1 27
1 37
1 41
1 48
1 51
1 54
1 55
1 59
1 64
1 65
1 66
1 79
1 86
1 88
1 95
1 101
1 107
1 122
1 126
1 139
1 141
1 149
1 159
1 164
1 166
1 170
1 182
1 187
1 199
1 216
1 238
1 248
1 252
1 268
1 272
1 274
1 284
1 286
1 295
1 327
1 341
1 343
1 375
1 403
1 426
1 435
1 474
1 524
1 564
1 605
1 606
1 646
1 652
1 675
1 696
1 722
1 726
1 737
1 770
1 779
1 801
1 819
1 855
1 868
1 885
1 903
1 919
1 920
1 933
2 3
2 25
2 26
2 34
2 47
2 58
2 74
2 187
2 194
2 243
2 274
2 327
2 331
2 371
2 416
2 466
2 478
2 675
2 688
2 809
2 859
3 4
3 5
3 7
3 8
3 9
3 13
3 18
3 21
3 24
3 44
3 48
3 50
3 71
3 80
3 93
3 100
3 125
3 130
3 135
3 144
3 150
3 156
3 159
3 240
3 253
3 318
3 323
3 402
3 440
3 459
3 604
3 657
3 674
3 707
3 730
3 736
3 738
3 741
3 757
3 909
3 926
3 930
3 942
3 974
4 5
4 6
4 7
4 9
4 12
4 13
4 17
4 22
4 28
4 32
4 33
4 35
4 39
4 44
4 45
4 48
4 51
4 52
4 66
4 81
4 101
4 107
4 108
4 109
4 114
4 122
4 127
4 134
4 141
4 142
4 165
4 173
4 176
4 177
4 178
4 192
4 203
4 205
4 206
4 211
4 213
4 217
4 224
4 236
4 243
4 246
4 253
4 261
4 264
4 286
4 293
4 296
4 300
4 301
4 312
4 342
4 344
4 346
4 362
4 382
4 387
4 388
4 389
4 400
4 401
4 414
4 417
4 418
4 421
4 424
4 444
4 451
4 481
4 489
4 492
4 494
4 504
4 507
4 526
4 529
4 546
4 551
4 557
4 565
4 570
4 572
4 609
4 613
4 626
4 628
4 640
4 656
4 657
4 660
4 682
4 704
4 707
4 711
4 753
4 760
4 761
4 768
4 769
4 787
4 789
4 795
4 833
4 842
4 865
4 876
4 889
4 896
4 965
4 972
4 985
4 995
5 7
5 20
5 22
5 23
5 26
5 29
5 32
5 43
5 64
5 72
5 74
5 95
5 96
5 103
5 146
5 178
5 186
5 198
5 209
5 225
5 284
5 294
5 298
5 321
5 336
5 359
5 398
5 408
5 428
5 430
5 441
5 442
5 470
5 471
5 474
5 591
5 645
5 664
5 681
5 689
5 778
5 819
5 825
5 854
5 993
5 997
6 8
6 12
6 19
6 24
6 27
6 30
6 31
6 41
6 44
6 47
6 58
6 59
6 62
6 69
6 75
6 93
6 94
6 102
6 123
6 131
6 133
6 147
6 158
6 161
6 198
6 200
6 203
6 204
6 208
6 216
6 223
6 241
6 248
6 254
6 261
6 268
6 273
6 284
6 289
6 298
6 299
6 313
6 339
6 351
6 373
6 391
6 403
6 404
6 407
6 419
6 422
6 424
6 468
6 483
6 511
6 539
6 550
6 554
6 616
6 636
6 641
6 648
6 652
6 667
6 719
6 731
6 742
6 751
6 768
6 797
6 812
6 853
6 854
6 857
6 864
6 915
6 949
6 958
6 968
6 970
7 9
7 17
7 83
7 94
7 106
7 124
7 141
7 235
7 277
7 378
7 407
7 563
7 578
7 625
7 648
7 666
7 704
7 706
7 740
7 837
7 888
7 904
7 954
8 10
8 11
8 16
8 22
8 23
8 33
8 34
8 35
8 36
8 46
8 53
8 56
8 73
8 79
8 85
8 96
8 116
8 118
8 138
8 153
8 154
8 168
8 171
8 180
8 256
8 261
8 266
8 271
8 282
8 283
8 293
8 295
8 296
8 344
8 370
8 429
8 481
8 488
8 531
8 536
8 543
8 553
8 579
8 580
8 585
8 589
8 597
8 648
8 670
8 681
8 718
8 769
8 771
8 792
8 844
8 846
8 861
8 867
8 893
8 919
8 921
8 940
8 959
8 983
8 992
9 14
9 26
9 31
9 38
9 57
9 58
9 60
9 63
9 69
9 70
9 75
9 76
9 79
9 88
9 98
9 132
9 133
9 152
9 204
9 215
9 272
9 329
9 332
9 368
9 372
9 390
9 393
9 423
9 438
9 452
9 456
9 466
9 490
9 528
9 553
9 592
9 609
9 635
9 642
9 658
9 662
9 665
9 686
9 692
9 721
9 732
9 766
9 828
9 856
9 879
9 928
9 950
9 988
9 992
10 11
10 12
10 14
10 15
10 17
10 21
10 25
10 29
10 31
10 34
10 39
10 61
10 74
10 80
10 89
10 115
10 134
10 137
10 144
10 147
10 158
10 162
10 189
10 195
10 199
10 201
10 239
10 253
10 294
10 331
10 334
10 364
10 384
10 385
10 392
10 448
10 461
10 512
10 521
10 524
10 541
10 542
10 580
10 650
10 713
10 716
10 745
10 756
10 765
10 788
10 806
10 836
10 837
10 842
10 878
10 974
10 984
11 16
11 41
11 53
11 68
11 81
11 82
11 91
11 119
11 125
11 140
11 152
11 161
11 176
11 189
11 221
11 227
11 228
11 232
11 234
11 240
11 280
11 339
11 340
11 465
11 479
11 503
11 505
11 508
11 635
11 651
11 743
11 748
11 767
11 777
11 947
12 38
12 83
12 87
12 100
12 128
12 159
12 179
12 191
12 195
12 266
12 271
12 375
12 377
12 380
12 402
12 423
12 425
12 472
12 532
12 547
12 563
12 598
12 672
12 682
12 778
12 872
13 25
13 42
13 117
13 123
13 153
13 157
13 185
13 217
13 249
13 265
13 290
13 414
13 439
13 460
13 522
13 555
13 627
13 634
13 653
13 704
13 855
13 884
13 920
13 956
14 15
14 18
14 37
14 56
14 153
14 188
14 198
14 246
14 358
14 419
14 453
14 460
14 561
14 657
14 682
14 720
14 901
14 959
14 972
15 40
15 61
15 106
15 174
15 190
15 607
15 706
15 962
16 18
16 70
16 99
16 134
16 137
16 205
16 222
16 235
16 262
16 291
16 311
16 382
16 508
16 643
16 669
16 685
16 795
16 833
16 835
16 987
17 365
17 367
17 535
17 824
18 27
18 32
18 33
18 39
18 78
18 89
18 142
18 156
18 243
18 366
18 518
18 611
18 714
19 20
19 46
19 50
19 64
19 78
19 233
19 441
19 487
19 608
19 922
19 927
19 979
20 60
20 119
20 184
20 219
20 220
20 326
20 353
20 554
20 564
20 857
20 912
20 958
21 49
21 53
21 65
21 71
21 315
21 343
21 378
21 388
21 544
21 614
21 701
21 710
21 744
21 796
21 960
22 45
22 135
22 338
22 533
23 60
23 73
23 90
23 152
23 250
23 341
23 372
23 383
23 396
23 451
23 457
23 566
23 718
23 790
23 827
23 851
23 875
23 888
23 944
23 957
23 964
23 970
23 978
24 37
24 59
24 78
24 102
24 121
24 130
24 386
24 425
24 800
24 901
25 28
25 423
25 452
25 469
25 848
26 72
26 117
26 143
26 192
26 260
26 385
26 477
26 494
26 503
26 550
26 700
26 791
26 800
26 935
26 969
26 971
27 47
27 107
27 562
27 816
27 920
28 335
28 367
28 782
29 30
29 43
29 65
29 67
29 70
29 72
29 81
29 87
29 115
29 128
29 175
29 193
29 258
29 290
29 377
29 458
29 476
29 509
29 529
29 539
29 575
29 591
29 631
29 646
29 727
29 772
29 793
29 812
29 834
29 844
29 848
29 867
29 886
29 897
29 908
29 911
29 963
30 35
30 36
30 42
30 43
30 54
30 98
30 114
30 145
30 181
30 201
30 209
30 264
30 313
30 317
30 335
30 409
30 495
30 513
30 522
30 583
30 629
30 649
30 668
30 741
30 746
30 793
30 829
30 878
30 898
30 941
31 52
31 86
31 395
31 437
31 724
31 758
31 944
32 69
32 162
32 171
32 207
32 254
32 355
32 362
32 425
32 511
32 598
32 785
33 128
33 140
33 148
33 211
33 273
33 446
33 679
33 729
33 734
33 771
33 838
34 42
34 45
34 77
34 91
34 92
34 103
34 104
34 129
34 150
34 200
34 206
34 212
34 252
34 254
34 279
34 316
34 318
34 341
34 404
34 457
34 460
34 533
34 554
34 579
34 624
34 695
34 698
34 735
34 755
34 775
34 789
34 810
34 815
34 881
34 943
34 966
35 36
35 85
35 86
35 92
35 180
35 229
35 230
35 320
35 356
35 374
35 561
35 590
35 656
35 708
35 786
35 852
36 194
36 501
36 605
36 664
36 709
37 314
37 544
38 101
38 172
38 182
38 276
38 611
38 994
38 998
39 40
39 49
39 62
39 67
39 80
39 82
39 83
39 94
39 112
39 202
39 239
39 309
39 350
39 410
39 445
39 496
39 520
39 542
39 559
39 633
39 658
39 706
39 853
39 892
39 909
39 924
39 938
39 986
40 67
40 82
40 90
40 105
40 208
40 413
40 442
40 616
40 629
40 649
40 684
40 778
40 831
40 864
41 49
41 57
41 90
41 116
41 119
41 129
41 200
41 212
41 240
41 322
41 346
41 388
41 667
41 700
41 709
41 719
41 754
41 774
41 826
41 832
41 906
41 955
41 987
41 995
42 120
42 194
42 556
43 105
43 110
43 120
43 167
43 247
43 333
43 348
43 496
43 783
43 808
43 980
44 329
45 113
45 257
45 384
45 397
45 526
45 541
45 691
45 737
45 910
45 930
45 942
46 84
46 274
47 99
47 116
47 135
47 139
47 226
47 242
47 307
47 322
47 356
47 383
47 458
47 488
47 639
47 668
47 730
47 887
48 51
48 57
48 369
48 796
48 807
48 902
49 146
49 319
49 621
49 660
49 677
49 764
49 820
49 895
49 968
49 969
50 185
50 233
50 262
50 366
50 973
51 100
51 118
51 179
51 236
51 334
51 522
51 565
51 584
51 595
51 689
51 975
52 54
52 55
52 84
52 95
52 165
52 192
52 216
52 237
52 354
52 490
52 602
52 761
52 818
53 61
53 63
53 97
53 99
53 113
53 124
53 172
53 175
53 231
53 282
53 301
53 384
53 502
53 565
53 569
53 573
53 577
53 692
53 758
53 954
53 961
53 977
54 76
54 936
55 182
55 275
55 308
55 849
56 93
56 110
56 214
56 278
56 288
56 566
56 991
57 75
57 76
57 106
57 108
57 121
57 260
57 374
57 411
57 446
57 802
57 840
57 859
58 68
58 136
58 157
58 213
58 281
58 808
59 62
59 77
59 92
59 262
59 343
59 352
59 417
59 571
59 765
59 776
59 782
60 71
60 91
60 111
60 118
60 143
60 187
60 238
60 246
60 462
60 534
60 590
60 681
60 725
60 747
60 811
60 822
60 831
61 63
61 73
61 87
61 97
61 183
61 184
61 283
61 495
61 574
61 847
62 84
62 85
62 151
62 215
62 250
62 330
62 359
62 492
62 520
62 576
62 607
62 678
62 906
62 971
63 88
63 102
63 114
63 122
63 127
63 150
63 232
63 285
63 290
63 354
63 455
63 488
63 866
64 66
64 131
64 133
64 288
64 430
64 436
64 449
64 997
65 169
65 220
65 371
65 412
65 473
65 695
65 960
66 136
66 147
66 154
66 164
66 177
66 195
66 209
66 219
66 237
66 251
66 327
66 380
66 387
66 415
66 442
66 537
66 538
66 578
66 647
66 817
66 895
66 917
67 530
67 703
68 97
68 332
68 424
68 527
68 747
68 940
69 163
69 238
69 277
69 381
69 444
69 645
69 675
70 167
70 204
70 506
70 694
71 124
71 138
71 174
71 223
71 225
71 244
71 387
71 435
71 511
71 693
71 860
71 937
71 941
73 103
73 104
73 188
73 210
73 225
73 311
73 324
73 381
73 475
73 567
73 666
73 676
73 734
73 946
73 962
74 308
74 373
74 448
75 120
75 328
75 349
75 392
75 433
75 582
75 589
75 640
76 77
76 109
76 127
76 264
76 632
76 658
76 809
76 839
76 879
77 137
77 180
77 469
77 585
77 629
77 661
77 887
77 927
78 89
78 110
78 234
78 492
78 643
78 980
79 96
79 178
79 293
79 361
79 630
79 952
80 113
80 129
80 160
80 207
80 219
80 314
80 620
80 783
80 804
81 98
81 111
81 117
81 190
81 615
81 841
81 943
82 142
82 166
82 237
82 294
82 298
82 304
82 661
82 913
82 930
83 126
83 140
83 181
83 354
83 707
84 138
84 172
84 193
84 287
84 447
84 498
84 500
84 510
84 638
84 740
84 776
84 896
84 900
85 121
85 174
85 780
86 157
86 207
86 310
86 359
86 697
87 108
87 196
87 248
87 451
87 521
88 245
88 283
88 300
88 440
88 481
88 549
88 680
89 143
89 165
89 550
90 328
90 679
90 708
91 453
91 899
92 154
92 199
92 300
92 305
92 366
92 485
92 980
93 146
93 183
93 291
93 437
93 610
93 650
93 677
93 733
93 742
93 847
93 885
94 196
94 210
94 250
94 260
94 267
94 365
94 377
94 510
94 516
94 683
94 697
94 705
94 717
95 112
95 115
95 162
95 189
95 251
95 269
95 375
95 484
95 623
95 726
95 730
95 734
95 773
95 851
96 251
96 269
96 363
96 393
96 737
97 139
97 835
98 109
98 188
98 401
98 472
98 647
98 757
98 856
98 964
99 105
99 132
99 155
99 247
99 297
99 348
99 418
99 540
99 688
99 698
99 779
99 832
99 966
100 112
100 350
100 357
100 581
100 790
100 843
100 890
101 144
101 212
101 361
101 434
101 733
101 912
101 929
101 946
102 123
102 222
102 304
102 403
102 474
103 155
103 186
103 287
103 337
103 401
103 482
103 512
103 540
103 785
103 950
104 176
104 202
104 229
104 256
104 281
104 484
104 596
104 753
104 932
105 242
105 325
105 347
106 130
106 145
106 149
106 217
106 229
106 247
106 259
106 315
106 323
106 364
106 370
106 410
106 416
106 777
106 798
106 835
106 903
106 955
107 201
107 433
107 938
108 166
108 454
108 794
109 126
109 145
109 155
109 156
109 299
109 447
109 475
109 813
110 148
110 245
110 276
110 603
112 245
112 280
112 493
112 756
113 169
113 357
113 513
115 175
115 266
115 288
115 877
117 163
117 230
117 255
117 369
117 997
118 160
118 292
118 464
118 721
118 781
118 981
119 151
119 158
119 277
119 326
119 336
119 663
119 983
120 170
120 218
120 634
120 697
120 746
120 858
121 291
121 306
121 480
121 532
122 132
122 440
123 350
123 362
123 370
123 535
123 623
123 866
123 926
124 186
124 316
124 673
124 763
124 841
125 562
125 642
126 136
126 168
126 541
126 805
127 601
128 429
128 521
128 720
128 872
129 373
130 191
130 214
130 218
130 416
130 445
130 750
130 891
131 149
131 179
131 289
131 514
131 738
131 874
131 909
132 160
132 302
132 804
132 928
133 227
133 244
133 255
133 292
133 336
133 351
133 378
133 515
133 548
133 728
133 760
133 863
133 881
133 891
133 949
133 967
133 998
134 273
134 372
135 422
135 463
135 517
135 666
135 858
136 441
136 556
136 563
136 623
137 193
137 220
137 280
137 896
138 171
138 215
138 241
138 257
138 265
138 678
138 712
138 787
139 169
139 206
139 530
139 549
139 699
141 148
141 255
141 432
141 570
141 574
141 638
142 164
142 177
142 269
142 406
142 588
142 592
142 669
142 806
142 888
142 982
143 161
143 173
143 221
143 324
143 340
143 371
143 914
144 685
144 890
145 334
145 513
145 557
145 686
145 724
145 786
145 825
145 850
145 993
146 151
147 358
147 545
147 985
147 994
148 640
149 360
149 420
149 427
149 473
149 571
149 801
149 894
150 190
150 244
150 305
150 399
150 400
150 587
151 168
151 285
151 325
151 415
151 443
151 467
151 562
151 614
152 226
152 307
152 402
153 286
153 295
153 396
153 431
154 185
154 325
154 536
154 830
155 817
155 838
155 890
155 941
155 976
156 258
156 509
156 557
157 338
157 347
157 383
157 547
157 861
158 163
158 272
158 408
158 691
158 880
159 236
159 653
159 819
159 913
160 218
160 303
160 319
160 472
160 487
160 516
160 569
160 792
161 167
161 224
161 337
161 360
161 470
161 544
161 672
162 456
163 184
163 231
163 279
163 297
163 939
164 491
164 627
164 847
166 170
166 173
166 183
166 345
166 450
166 622
168 303
168 330
168 349
168 409
168 412
168 459
168 475
168 489
168 527
168 612
168 668
168 669
168 762
168 799
168 922
169 296
169 601
170 197
170 205
170 211
170 241
170 321
170 345
170 404
170 406
170 527
170 560
170 619
170 630
170 713
170 799
171 258
171 333
171 548
171 719
172 368
172 644
172 849
173 234
173 270
173 411
173 726
174 510
175 263
175 802
175 868
176 281
176 357
176 793
176 804
176 805
177 181
177 197
177 221
177 322
177 345
177 715
178 797
178 865
179 191
179 222
179 342
179 582
179 643
179 923
180 338
181 263
181 611
181 625
181 908
182 203
182 389
182 439
182 684
182 717
183 270
183 389
183 394
183 532
183 860
184 405
184 630
184 829
184 976
185 394
185 414
185 493
185 497
185 712
186 833
187 197
187 202
187 265
187 275
187 287
187 376
187 397
187 499
187 551
187 834
188 196
189 398
189 820
190 210
190 224
190 228
190 278
190 347
190 438
190 470
190 498
190 604
190 701
190 751
190 821
190 861
191 228
191 235
191 487
191 520
191 530
192 208
192 231
192 358
192 618
192 632
192 687
192 711
193 625
194 282
194 634
195 213
195 352
195 386
195 594
195 619
195 732
195 827
195 846
195 853
195 981
196 307
196 476
196 552
196 895
196 925
197 252
197 309
197 467
197 480
197 546
197 560
197 606
197 621
197 710
197 777
197 852
197 934
198 351
198 382
198 553
198 775
198 781
200 567
201 242
201 602
201 855
201 883
204 312
204 850
206 256
206 422
206 515
206 540
206 543
206 578
206 700
206 722
207 233
207 427
207 477
208 352
211 214
211 431
212 426
213 495
213 523
213 536
213 537
213 651
213 866
215 267
215 317
215 367
215 468
215 564
215 620
215 652
215 673
215 698
215 843
215 936
216 239
216 447
216 534
216 591
217 731
219 226
219 249
219 767
219 873
220 249
220 517
220 977
222 434
222 450
222 501
223 571
223 933
223 996
224 301
224 317
224 689
224 736
224 990
225 600
225 990
226 663
226 780
226 929
227 232
227 432
227 752
228 279
231 318
231 525
231 577
231 705
231 814
232 753
232 865
233 589
233 610
233 670
233 975
234 328
235 276
235 392
236 270
236 395
236 464
236 485
236 576
236 760
236 913
237 631
237 860
238 344
238 356
238 413
238 421
238 437
238 497
238 619
238 710
239 586
240 369
240 400
240 533
241 268
241 285
241 471
241 499
241 651
241 815
242 257
242 259
242 299
242 329
242 379
242 461
243 624
243 745
244 807
245 438
245 483
245 603
245 807
245 897
245 998
246 271
246 483
246 889
247 806
247 886
248 399
248 791
248 891
249 310
249 419
250 727
250 816
250 882
251 330
251 449
251 614
252 590
252 942
252 990
253 259
253 353
253 426
253 560
253 567
253 659
253 702
253 848
254 559
254 612
254 664
254 739
256 335
257 302
257 588
257 772
258 353
258 368
258 500
259 267
261 275
262 278
262 313
262 385
262 410
262 479
262 504
262 507
262 596
262 647
262 683
262 748
262 761
263 417
263 431
263 509
263 548
264 395
264 407
264 519
264 568
264 639
264 957
265 428
265 476
265 632
266 514
266 615
267 443
267 531
267 843
268 411
268 961
269 365
269 379
269 751
270 323
270 396
270 507
270 790
270 901
270 962
271 412
271 436
271 486
271 644
271 659
271 864
271 923
271 924
272 302
273 391
273 458
273 467
273 500
273 593
273 731
273 825
273 933
274 306
274 309
274 311
274 314
274 525
274 573
275 504
276 315
276 339
276 355
276 750
276 985
276 995
277 305
277 604
277 670
277 880
278 324
278 636
278 691
278 840
279 742
280 873
280 936
281 823
282 836
283 380
283 432
283 491
283 723
283 904
283 982
284 292
284 340
284 376
284 603
284 636
284 935
286 525
286 628
287 427
289 617
289 931
290 599
290 818
291 551
291 683
292 312
292 621
293 297
293 304
293 332
294 508
294 542
294 828
294 971
295 310
295 468
295 601
295 662
295 803
296 316
296 348
296 506
296 581
297 409
297 852
298 482
298 593
300 693
302 391
302 539
302 661
302 951
303 374
304 528
304 655
304 762
305 342
306 346
306 386
306 505
306 572
306 586
306 608
308 364
308 376
308 469
308 523
308 597
308 878
308 956
309 349
309 355
309 922
310 406
310 821
310 925
310 961
311 361
311 477
311 501
311 676
312 599
312 937
313 514
314 326
314 754
316 320
316 455
316 519
316 613
316 795
316 841
317 319
318 321
318 363
319 716
320 379
320 792
322 545
323 337
325 448
325 618
326 503
326 618
326 774
327 480
327 499
327 702
327 725
327 732
328 393
329 450
330 394
330 635
330 789
331 459
331 680
332 333
332 552
332 579
332 637
332 702
332 748
334 558
335 363
336 360
336 593
336 616
336 877
337 690
337 755
337 797
337 880
338 405
338 498
338 676
338 858
339 801
340 433
340 465
340 473
340 529
340 987
341 465
342 874
343 429
343 641
343 672
344 420
348 443
348 494
348 805
349 421
350 408
350 983
351 390
351 581
351 644
351 899
351 979
352 430
352 478
352 823
353 405
353 991
354 519
354 749
355 397
356 381
356 755
357 758
360 596
361 687
362 461
362 538
362 665
362 711
363 641
364 598
364 654
366 684
368 612
368 701
368 814
368 908
369 457
369 649
370 584
370 828
371 413
371 712
373 999
374 420
374 989
375 531
375 580
375 626
376 558
376 608
376 654
376 696
376 756
376 862
376 869
377 633
378 418
379 523
379 722
380 606
381 415
381 482
381 569
381 870
381 914
383 493
383 555
383 740
383 999
384 486
384 814
384 905
385 947
389 626
390 708
391 808
394 584
395 455
395 766
396 512
398 870
398 938
399 449
399 478
399 735
400 505
400 558
400 918
401 803
401 907
402 949
403 723
403 817
404 491
405 434
405 518
405 570
405 587
405 594
405 656
405 694
405 893
406 486
406 582
406 597
407 592
407 728
407 811
408 490
408 659
408 695
408 775
409 462
409 917
411 489
411 876
412 534
412 602
412 816
412 979
413 454
413 678
414 524
414 537
414 653
414 744
415 435
415 871
417 444
417 928
418 759
419 428
419 750
419 762
420 446
420 869
420 886
420 902
421 622
422 572
424 803
426 454
427 885
428 466
429 484
430 830
430 883
431 785
431 973
432 549
432 834
432 988
434 445
435 479
435 976
437 546
437 646
437 771
437 810
437 840
438 439
438 556
439 502
440 462
442 538
443 517
445 456
445 916
446 464
446 759
446 911
448 894
448 945
449 685
450 555
452 463
452 776
453 770
454 744
455 693
455 724
455 999
456 502
456 813
457 586
457 671
457 709
458 952
461 690
462 463
463 703
464 485
464 496
464 637
465 594
465 595
465 854
466 552
466 568
466 671
468 607
468 613
468 782
468 800
468 956
470 506
470 543
470 879
470 953
470 993
470 994
471 526
471 679
472 869
473 874
474 931
475 794
476 516
476 673
478 547
480 617
480 844
481 535
481 810
481 926
482 497
483 617
483 671
484 528
484 627
484 729
485 876
485 977
485 989
488 716
488 774
488 822
488 905
489 944
490 951
491 898
492 559
494 515
494 729
494 823
494 824
495 573
495 628
495 940
498 946
499 662
500 566
500 574
500 609
500 624
502 773
502 845
503 595
506 599
508 969
509 746
510 747
511 583
511 585
511 954
511 965
511 984
512 970
513 749
514 674
516 925
517 739
517 759
518 915
519 561
521 588
524 638
524 996
526 583
526 784
526 960
528 912
533 587
534 867
539 715
540 821
542 892
545 818
546 575
546 694
547 568
547 717
547 770
548 768
549 610
550 882
552 862
553 600
554 575
554 916
555 637
556 788
556 902
557 786
559 615
559 665
559 735
561 923
561 955
562 831
562 875
563 765
563 859
565 677
565 868
566 605
566 687
566 788
567 645
570 738
570 986
571 845
571 910
574 948
575 798
577 715
580 773
581 741
582 723
583 893
584 655
584 686
584 728
585 622
585 633
585 674
585 900
586 680
586 968
589 752
589 887
589 953
590 764
593 620
593 639
593 906
593 947
594 696
594 952
595 948
600 631
603 850
604 650
604 963
607 812
609 973
612 718
613 863
614 839
615 791
615 974
617 809
617 978
618 714
620 743
620 757
621 655
621 787
623 663
624 714
625 660
625 705
626 877
628 736
628 842
632 699
637 822
640 692
640 766
640 916
640 953
645 654
645 907
648 951
649 688
649 733
649 813
649 870
650 743
650 749
650 992
651 703
652 965
653 783
653 830
657 802
659 769
663 794
663 851
664 796
667 699
674 991
679 862
680 984
681 713
682 745
682 975
683 824
684 739
686 982
691 863
692 829
696 815
699 937
700 873
700 911
703 721
703 934
703 939
706 727
706 772
706 856
709 763
709 826
713 754
713 845
713 945
715 764
717 917
718 763
718 903
721 948
725 781
725 981
730 784
734 989
738 914
740 875
742 799
751 811
752 871
759 839
761 767
761 927
761 945
764 836
766 826
766 919
769 838
774 827
774 884
790 972
804 921
808 857
811 820
811 931
815 889
816 871
817 832
817 872
817 900
829 924
833 910
836 963
838 846
842 899
842 932
847 939
849 918
849 988
851 907
853 881
856 898
858 883
859 904
859 978
861 935
869 934
872 892
877 986
880 897
880 959
880 967
881 884
884 894
892 921
892 964
896 943
896 996
898 905
913 929
924 966
928 958
938 957
950 967
