0 1
0 2
0 3
0 5
0 19
0 22
0 24
0 39
0 48
0 77
0 83
0 118
0 133
0 136
0 158
0 162
0 171
0 174
0 184
0 190
0 195
0 238
0 276
0 285
0 315
0 331
0 389
0 432
0 443
0 465
0 478
0 521
0 674
0 721
0 768
0 790
0 791
1 2
1 3
1 4
1 6
1 7
1 8
1 11
1 14
1 17
1 27
1 31
1 45
1 51
1 81
1 85
1 91
1 99
1 104
1 105
1 109
1 117
1 128
1 172
1 182
1 204
1 220
1 223
1 224
1 243
1 255
1 256
1 263
1 281
1 284
1 285
1 302
1 314
1 316
1 329
1 357
1 375
1 401
1 420
1 463
1 519
1 531
1 563
1 582
1 594
1 603
1 621
1 647
1 662
1 783
1 784
1 889
1 916
1 921
1 989
2 3
2 4
2 6
2 8
2 9
2 10
2 11
2 12
2 15
2 21
2 23
2 25
2 30
2 31
2 37
2 41
2 43
2 50
2 56
2 58
2 61
2 70
2 71
2 73
2 78
2 79
2 82
2 90
2 98
2 104
2 107
2 109
2 115
2 116
2 118
2 139
2 140
2 148
2 161
2 170
2 175
2 185
2 188
2 195
2 209
2 237
2 247
2 248
2 278
2 301
2 318
2 328
2 343
2 345
2 350
2 355
2 388
2 389
2 391
2 395
2 409
2 420
2 425
2 426
2 442
2 458
2 464
2 492
2 503
2 508
2 539
2 562
2 595
2 623
2 651
2 660
2 687
2 702
2 717
2 722
2 738
2 747
2 752
2 785
2 803
2 805
2 813
2 827
2 840
2 849
2 873
2 883
2 900
2 911
2 912
2 959
3 4
3 5
3 7
3 13
3 16
3 27
3 28
3 31
3 36
3 38
3 49
3 54
3 61
3 62
3 63
3 70
3 86
3 94
3 105
3 116
3 141
3 146
3 155
3 192
3 199
3 207
3 214
3 232
3 240
3 253
3 266
3 283
3 300
3 321
3 329
3 330
3 355
3 358
3 367
3 370
3 384
3 414
3 501
3 509
3 515
3 522
3 575
3 605
3 608
3 616
3 618
3 661
3 667
3 693
3 714
3 730
3 733
3 782
3 795
3 796
3 845
3 938
3 939
3 959
3 960
3 961
3 971
3 978
3 993
4 5
4 6
4 8
4 9
4 13
4 15
4 18
4 20
4 25
4 29
4 30
4 33
4 35
4 36
4 37
4 40
4 43
4 44
4 66
4 68
4 69
4 76
4 83
4 84
4 90
4 113
4 125
4 132
4 145
4 159
4 176
4 177
4 202
4 205
4 212
4 213
4 222
4 233
4 248
4 255
4 267
4 278
4 318
4 328
4 330
4 347
4 407
4 421
4 453
4 464
4 475
4 497
4 533
4 562
4 582
4 617
4 618
4 625
4 635
4 644
4 659
4 664
4 672
4 688
4 733
4 743
4 757
4 785
4 853
4 858
4 859
4 914
4 936
4 941
4 947
4 948
4 957
4 991
5 12
5 14
5 23
5 41
5 74
5 166
5 193
5 194
5 229
5 258
5 319
5 320
5 415
5 418
5 591
5 796
5 840
5 909
5 958
6 7
6 13
6 14
6 21
6 34
6 48
6 84
6 93
6 108
6 112
6 122
6 184
6 196
6 208
6 242
6 252
6 259
6 269
6 271
6 288
6 306
6 308
6 379
6 382
6 390
6 598
6 627
6 630
6 644
6 673
6 733
6 766
6 778
6 835
6 842
6 843
6 872
6 900
6 913
6 977
7 10
7 15
7 17
7 21
7 35
7 38
7 40
7 42
7 58
7 71
7 80
7 87
7 92
7 117
7 163
7 178
7 184
7 226
7 232
7 239
7 295
7 325
7 331
7 346
7 374
7 396
7 397
7 412
7 416
7 444
7 445
7 449
7 467
7 487
7 488
7 547
7 552
7 556
7 579
7 580
7 586
7 620
7 638
7 661
7 679
7 748
7 792
7 795
7 799
7 988
8 9
8 10
8 24
8 25
8 36
8 51
8 52
8 53
8 59
8 62
8 67
8 71
8 72
8 91
8 92
8 108
8 115
8 126
8 137
8 152
8 158
8 168
8 180
8 190
8 191
8 192
8 217
8 265
8 280
8 335
8 347
8 354
8 370
8 395
8 417
8 441
8 460
8 461
8 490
8 538
8 614
8 627
8 652
8 677
8 688
8 719
8 724
8 776
8 801
8 822
8 828
8 852
8 876
8 880
8 881
8 895
8 921
8 946
8 956
8 973
8 982
8 989
8 999
9 16
9 18
9 20
9 37
9 39
9 40
9 68
9 96
9 107
9 119
9 134
9 146
9 182
9 202
9 254
9 257
9 258
9 292
9 299
9 352
9 366
9 394
9 406
9 433
9 442
9 456
9 554
9 563
9 644
9 649
9 724
9 777
9 846
9 868
9 963
9 990
9 992
10 11
10 26
10 45
10 46
10 56
10 63
10 87
10 98
10 132
10 140
10 154
10 179
10 225
10 256
10 441
10 601
10 667
10 772
10 849
11 12
11 18
11 28
11 29
11 45
11 46
11 55
11 65
11 67
11 88
11 104
11 147
11 148
11 165
11 187
11 214
11 230
11 238
11 287
11 293
11 320
11 359
11 399
11 412
11 431
11 484
11 488
11 548
11 555
11 563
11 575
11 597
11 655
11 680
11 754
11 823
12 16
12 33
12 54
12 59
12 76
12 77
12 93
12 110
12 122
12 170
12 175
12 186
12 234
12 290
12 472
12 513
12 574
12 586
12 721
12 753
12 772
12 827
12 960
12 962
13 23
13 34
13 47
13 95
13 118
13 172
13 245
13 296
13 400
13 415
13 450
13 456
13 566
13 611
13 670
13 671
13 774
13 809
13 810
13 986
14 19
14 34
14 42
14 44
14 82
14 85
14 110
14 158
14 250
14 275
14 326
14 336
14 385
14 398
14 399
14 410
14 412
14 489
14 677
14 680
14 898
14 985
15 17
15 22
15 30
15 32
15 57
15 74
15 75
15 157
15 317
15 347
15 375
15 378
15 379
15 392
15 393
15 490
15 494
15 524
15 556
15 611
15 739
15 751
15 762
15 768
15 820
15 936
16 82
16 84
16 114
16 121
16 133
16 140
16 208
16 228
16 261
16 465
16 606
16 719
16 777
16 790
17 26
17 28
17 60
17 65
17 78
17 109
17 137
17 159
17 165
17 166
17 193
17 200
17 270
17 286
17 387
17 480
17 624
17 711
17 921
17 927
18 19
18 20
18 22
18 63
18 75
18 110
18 114
18 130
18 143
18 179
18 225
18 231
18 264
18 333
18 345
18 351
18 355
18 361
18 470
18 482
18 485
18 488
18 517
18 541
18 545
18 549
18 550
18 569
18 619
18 632
18 637
18 647
18 745
18 759
18 830
18 831
18 892
18 976
18 987
19 49
19 99
19 106
19 112
19 115
19 139
19 156
19 212
19 241
19 261
19 273
19 280
19 332
19 359
19 407
19 451
19 455
19 483
19 558
19 583
19 584
19 668
19 676
19 800
19 912
20 127
20 428
20 472
20 483
21 24
21 26
21 27
21 32
21 64
21 107
21 123
21 132
21 134
21 136
21 141
21 147
21 162
21 235
21 257
21 259
21 293
21 317
21 353
21 368
21 390
21 453
21 477
21 487
21 525
21 541
21 547
21 552
21 709
21 773
21 845
21 865
21 879
21 935
21 991
21 995
22 33
22 50
22 69
22 88
22 89
22 94
22 155
22 245
22 250
22 288
22 303
22 367
22 500
22 703
22 829
22 942
23 101
23 225
23 293
23 439
23 493
23 630
23 757
24 41
24 60
24 78
24 119
24 255
24 486
24 649
24 690
24 751
24 782
24 836
24 871
24 977
25 66
25 86
25 126
25 241
25 345
25 424
25 604
25 621
25 806
25 846
25 984
25 992
26 95
26 203
26 319
26 354
26 365
26 464
26 546
26 550
26 559
26 614
26 631
26 678
26 731
26 801
26 837
27 35
27 88
27 92
27 149
27 190
27 380
27 505
27 571
27 793
28 29
28 32
28 47
28 52
28 61
28 116
28 144
28 153
28 178
28 259
28 271
28 296
28 298
28 309
28 342
28 378
28 396
28 409
28 424
28 431
28 470
28 495
28 496
28 520
28 557
28 585
28 682
28 695
28 772
28 910
28 996
29 53
29 123
29 281
29 311
29 422
29 428
29 810
29 829
29 943
30 39
30 44
30 50
30 52
30 54
30 64
30 67
30 73
30 128
30 142
30 150
30 169
30 296
30 375
30 387
30 408
30 417
30 450
30 486
30 491
30 789
30 826
30 830
31 38
31 53
31 148
31 188
31 350
31 474
31 553
31 955
32 48
32 57
32 60
32 68
32 77
32 94
32 100
32 126
32 177
32 186
32 197
32 199
32 245
32 254
32 269
32 302
32 387
32 406
32 515
32 684
32 701
32 747
32 822
32 975
32 994
33 55
33 253
33 265
33 267
33 304
33 369
33 391
33 445
33 446
33 472
33 491
33 585
33 593
33 612
33 669
33 706
33 861
33 867
33 907
34 188
34 438
35 46
35 47
35 55
35 73
35 81
35 119
35 157
35 167
35 201
35 216
35 233
35 247
35 249
35 284
35 428
35 526
35 613
35 617
35 619
35 638
36 43
36 106
36 113
36 125
36 127
36 151
36 155
36 176
36 256
36 275
36 301
36 313
36 343
36 419
36 877
36 920
37 58
37 75
37 95
37 189
37 251
37 365
37 408
37 467
37 598
37 607
37 781
37 797
37 884
37 908
37 978
38 49
38 80
38 81
38 214
38 220
38 229
38 312
38 424
38 573
38 612
38 635
38 740
38 812
38 862
38 875
38 887
38 963
38 974
39 268
39 297
39 520
39 657
39 743
40 97
40 209
40 418
40 447
40 468
40 515
40 643
40 969
40 987
41 42
41 210
41 216
41 273
41 362
41 436
41 437
41 498
41 938
41 993
42 316
42 491
42 553
42 589
42 746
42 864
42 899
43 51
43 79
43 205
43 211
43 243
43 278
43 289
43 438
43 463
43 465
43 589
43 597
43 687
43 780
43 804
43 818
43 871
43 883
43 895
43 902
43 934
43 956
44 65
44 154
44 286
44 312
44 798
44 858
45 91
45 93
45 99
45 124
45 131
45 171
45 183
45 346
45 411
45 444
45 658
45 683
45 854
45 964
46 62
46 272
46 332
46 433
46 496
46 700
47 74
47 80
47 101
47 130
47 177
47 216
47 544
47 633
47 704
47 924
48 56
48 59
48 69
48 70
48 89
48 96
48 113
48 127
48 138
48 173
48 176
48 187
48 263
48 306
48 353
48 373
48 469
48 511
48 525
48 716
48 874
48 888
48 998
49 510
49 606
50 66
50 72
50 103
50 143
50 152
50 156
50 246
50 250
50 308
50 410
50 414
50 455
50 648
50 695
50 819
50 863
50 864
50 870
50 942
51 103
51 105
51 120
51 149
51 251
51 262
51 332
51 373
51 507
51 665
51 883
51 899
52 800
53 102
53 221
53 377
53 609
53 660
53 903
54 57
54 120
54 182
54 280
54 290
54 446
54 890
55 135
55 174
55 219
55 237
55 283
55 737
56 117
56 304
56 314
56 322
56 333
56 334
56 348
56 364
56 505
56 552
56 732
56 874
56 906
57 72
57 76
57 101
57 102
57 103
57 120
57 135
57 160
57 167
57 191
57 198
57 218
57 265
57 309
57 331
57 334
57 360
57 363
57 399
57 403
57 457
57 469
57 504
57 653
57 679
57 705
57 742
57 758
57 765
57 774
57 915
57 929
57 983
58 461
58 511
58 741
58 854
59 64
59 709
59 851
60 141
60 185
60 194
60 260
60 297
60 325
60 698
60 701
60 831
61 85
61 90
61 100
61 111
61 161
61 243
61 321
61 478
61 489
61 560
61 596
61 732
61 889
61 894
61 926
62 277
62 353
62 357
62 376
62 534
62 914
62 941
62 948
63 108
63 235
63 270
63 384
63 448
63 471
63 479
63 771
63 821
63 876
64 86
64 96
64 129
64 160
64 189
64 215
64 305
64 306
64 340
64 481
64 495
64 557
64 633
65 111
65 129
65 281
65 373
65 510
65 570
65 697
65 933
66 240
66 426
66 477
66 686
66 838
66 922
66 925
67 79
67 173
67 270
67 277
67 388
67 479
67 548
67 603
67 609
67 705
67 988
68 207
68 451
68 535
69 161
69 401
69 566
69 597
69 696
69 702
69 893
70 83
70 89
70 168
70 343
70 383
70 559
70 778
70 987
71 157
71 211
71 244
72 131
72 153
72 384
72 577
72 669
72 896
72 962
73 124
73 131
73 205
73 450
73 545
73 668
73 691
73 813
74 112
74 133
74 193
74 338
74 714
74 770
74 794
74 798
74 897
74 953
75 100
75 130
75 163
75 183
75 204
75 231
75 337
75 349
75 896
76 183
76 230
76 304
76 356
76 460
76 651
76 656
76 832
77 153
77 228
77 310
77 390
77 878
78 276
78 534
79 134
79 154
79 249
79 440
79 476
79 598
79 711
79 734
79 919
79 936
79 973
80 431
80 860
81 239
81 298
81 326
81 382
81 535
81 565
81 668
81 773
82 187
82 572
82 768
83 196
83 246
83 313
83 336
83 447
83 499
83 721
84 221
84 287
84 482
84 579
85 102
85 128
85 171
85 241
85 260
85 294
85 452
85 475
85 487
85 749
85 786
86 87
86 222
86 351
86 366
86 389
86 514
86 542
86 699
86 763
86 771
86 838
87 97
87 98
87 139
87 142
87 145
87 151
87 170
87 209
87 336
87 404
87 481
87 551
87 587
87 614
87 615
87 650
87 672
87 750
87 758
87 828
87 919
88 125
88 138
88 149
88 219
88 226
88 239
88 279
88 295
88 319
88 368
88 468
88 568
88 663
88 742
88 767
88 807
89 97
89 164
89 435
89 457
89 522
89 604
89 632
89 695
89 705
89 755
89 848
90 166
90 199
90 314
90 320
90 514
90 634
90 762
91 206
91 223
91 944
92 275
92 299
92 350
92 510
93 137
93 195
93 228
93 439
95 129
95 274
95 324
95 435
95 519
95 549
96 106
96 388
96 409
96 584
97 727
98 804
98 918
99 147
99 358
99 376
99 395
99 405
99 639
99 682
99 866
99 935
100 427
100 434
100 530
100 718
100 771
100 888
101 175
101 706
102 111
102 146
102 168
102 227
102 242
102 258
102 282
102 315
102 402
102 484
102 531
102 542
102 613
102 629
102 636
102 663
102 738
102 763
102 764
102 787
102 879
103 202
103 217
103 272
103 354
103 360
103 366
103 469
103 581
103 615
103 626
103 659
103 762
103 961
104 122
104 222
104 477
104 580
105 945
106 181
106 242
106 371
106 817
108 135
108 145
108 167
108 294
108 311
108 321
108 359
108 683
108 832
108 844
108 920
109 123
109 144
109 169
109 427
109 475
109 548
109 632
109 643
109 652
109 678
109 965
110 121
110 152
110 159
110 394
110 397
110 704
110 806
111 236
111 509
111 576
112 142
112 303
112 309
112 583
112 746
113 114
113 186
113 224
113 371
113 530
113 629
113 653
113 674
113 932
115 480
115 654
116 156
116 307
116 380
116 440
116 445
116 508
116 565
116 613
116 688
116 712
116 891
116 949
116 954
118 518
118 778
118 962
119 124
119 267
119 526
119 711
119 864
119 867
120 121
120 150
120 196
120 206
120 227
120 263
120 279
120 290
120 323
120 564
120 664
120 829
121 138
121 151
121 180
121 215
121 339
121 391
121 642
121 796
121 910
122 136
122 760
122 902
123 181
123 235
123 244
123 825
123 851
124 351
124 628
125 180
125 744
125 897
126 207
126 342
126 411
126 415
126 498
126 539
128 189
128 217
128 327
128 573
128 928
129 236
129 292
129 446
129 461
129 590
130 244
130 335
130 727
130 744
130 954
131 164
131 378
131 818
132 144
133 323
133 362
134 434
134 529
134 781
136 178
136 198
136 200
136 276
136 692
137 262
137 313
137 371
137 405
137 765
138 150
138 162
138 274
138 658
138 764
139 521
139 601
140 143
140 397
141 230
141 494
141 895
142 939
143 160
143 262
143 945
144 419
144 599
144 983
145 877
146 436
146 516
146 729
146 788
146 846
147 231
147 264
147 553
147 995
148 246
148 386
148 440
148 462
148 927
149 165
149 173
149 326
149 334
149 426
149 645
149 728
149 950
150 163
150 218
150 226
150 291
150 292
150 459
150 615
151 181
151 233
151 317
151 414
151 466
151 708
151 799
151 803
151 876
151 898
151 944
152 356
152 489
152 523
152 835
152 868
153 279
153 370
153 565
154 307
154 383
155 172
155 194
155 419
155 507
155 529
155 546
155 599
155 713
155 869
156 213
156 448
156 458
156 591
156 811
156 922
157 710
158 164
158 272
158 288
158 400
158 502
158 524
158 554
158 580
158 667
158 684
158 947
159 192
159 831
161 252
161 261
161 588
161 734
162 298
163 905
164 179
164 197
164 203
164 285
164 300
164 500
164 532
164 622
164 662
164 675
164 923
164 925
164 935
165 594
165 693
165 752
165 888
165 908
166 227
166 400
166 413
166 841
166 984
167 219
167 602
168 169
168 174
168 251
168 402
168 437
168 589
169 191
170 432
170 540
171 505
172 363
173 201
173 203
173 287
173 301
173 327
173 335
173 500
173 559
173 707
174 539
175 849
175 898
176 562
176 905
177 215
177 234
177 286
177 344
177 356
177 383
177 429
177 708
177 815
177 847
178 425
178 860
179 185
179 201
179 363
180 218
181 211
181 229
181 274
181 282
181 289
181 533
181 917
182 341
182 404
183 367
183 442
183 884
183 990
184 206
184 212
184 247
184 266
184 536
184 651
185 208
185 600
186 547
186 686
187 197
187 198
187 283
187 341
187 348
187 385
187 473
187 577
187 582
187 673
187 701
187 908
188 344
188 374
188 404
188 485
188 486
188 497
189 364
189 655
190 571
190 578
190 628
190 745
191 266
191 425
191 673
192 305
192 342
192 689
193 210
193 240
193 349
193 775
194 223
194 252
194 406
194 516
194 779
195 200
195 224
195 253
195 506
195 512
195 623
196 204
196 295
196 302
196 328
196 361
196 393
196 402
196 403
196 649
196 691
196 854
196 865
196 956
197 210
197 257
197 427
197 430
197 727
198 657
198 834
198 877
198 972
200 909
201 232
201 254
201 476
201 519
201 723
201 949
202 966
203 429
203 567
204 249
204 536
204 794
204 870
204 982
205 234
205 273
205 825
205 990
206 299
206 323
206 447
206 576
206 665
207 919
208 221
209 430
209 467
209 561
209 593
209 776
209 836
210 220
210 289
210 471
210 509
211 213
211 718
211 731
211 812
211 950
212 608
212 917
213 333
213 457
213 743
213 814
214 605
215 268
215 322
215 377
215 530
215 666
215 715
215 963
216 297
216 646
217 316
217 880
217 887
217 996
218 248
218 349
218 764
219 237
219 605
220 744
221 339
221 413
221 794
221 871
222 372
222 459
222 514
222 572
223 674
224 236
224 324
224 456
224 493
224 512
224 699
224 833
224 859
224 953
225 264
225 269
225 459
225 543
225 836
225 887
226 352
226 369
226 410
226 452
226 476
226 531
226 560
226 616
226 709
226 892
227 642
227 999
228 420
228 452
228 504
228 703
228 769
228 930
229 398
229 612
229 815
229 856
230 271
230 381
230 421
230 561
230 607
231 454
231 478
231 573
232 315
232 714
232 740
232 967
233 527
233 650
234 362
234 365
234 834
234 943
235 238
235 268
235 303
235 337
235 344
235 422
235 455
235 463
235 468
235 646
235 707
235 713
235 730
235 735
235 841
235 843
236 499
236 536
236 946
237 792
237 813
238 543
238 654
238 875
238 980
239 310
239 407
239 789
240 308
240 422
240 805
240 828
240 853
241 590
242 377
242 776
243 429
243 756
243 862
245 322
245 448
245 513
246 318
246 622
247 454
247 511
247 542
248 339
248 816
249 634
250 284
250 340
250 588
250 755
250 766
250 978
251 490
251 696
252 294
252 338
252 592
252 697
252 766
253 411
253 474
253 503
253 596
253 650
253 656
253 728
253 784
253 901
253 938
254 527
254 712
254 790
254 930
255 260
255 385
255 392
255 609
255 655
255 660
255 707
255 723
255 816
255 820
255 838
255 930
256 503
256 619
256 681
257 506
257 785
257 885
257 907
258 291
258 380
258 792
258 812
258 903
258 981
261 277
261 291
261 311
262 824
263 568
264 626
264 683
264 903
265 330
265 480
265 675
266 759
267 462
267 485
268 341
268 379
268 386
268 620
269 483
269 544
269 555
269 591
269 826
269 845
269 850
269 868
270 312
270 807
271 310
272 361
272 382
272 408
272 640
272 736
272 997
273 416
273 745
273 974
275 282
275 405
275 526
275 581
275 624
275 775
276 550
276 725
278 720
278 741
278 997
279 418
279 438
279 641
279 979
280 528
280 737
282 374
282 719
282 763
282 983
283 346
283 423
283 641
283 676
284 610
284 672
285 735
286 439
287 307
287 706
287 961
288 327
288 369
288 433
288 641
289 716
290 636
290 860
291 325
291 376
291 496
291 835
292 432
292 760
292 882
293 300
293 305
293 980
294 329
294 435
294 579
296 592
297 430
297 952
298 443
298 625
298 682
298 713
298 980
300 324
300 570
301 546
301 600
301 753
301 952
302 797
302 802
302 809
303 532
304 444
304 658
304 720
304 872
304 955
305 499
305 821
307 904
307 915
307 994
308 493
308 872
309 773
311 348
311 423
311 574
311 611
311 779
311 823
312 522
312 805
312 906
314 593
314 730
314 833
315 338
315 340
315 481
315 560
315 885
315 932
316 434
317 675
317 799
317 861
317 882
318 392
318 596
319 545
319 654
320 558
321 506
321 783
321 940
322 497
322 886
324 741
326 504
326 528
326 544
326 645
326 918
328 358
328 454
328 754
328 907
329 337
329 352
329 602
329 951
329 972
330 758
330 863
331 540
331 663
332 517
332 969
332 993
333 533
334 577
334 681
335 360
335 372
335 508
335 518
335 661
335 726
338 974
339 540
339 575
339 696
339 886
340 368
340 381
340 449
342 372
342 436
342 862
343 541
343 869
345 364
346 357
346 393
346 453
346 558
346 726
346 943
347 437
347 697
347 748
348 482
349 567
349 571
349 603
349 643
349 802
349 905
349 926
349 931
350 572
350 839
350 951
351 700
351 848
352 555
352 664
352 699
352 884
352 890
352 942
353 466
353 592
353 610
354 692
356 501
356 934
356 964
356 985
357 659
360 756
362 494
366 527
367 443
368 421
368 599
368 648
370 449
370 731
370 837
371 386
371 618
372 501
373 471
373 788
374 401
374 901
374 986
375 394
375 460
375 789
376 381
377 867
378 492
379 588
379 725
380 694
380 827
381 774
381 852
381 857
381 931
381 934
383 532
383 639
383 878
385 396
385 551
385 842
386 991
387 416
388 513
388 537
388 629
388 679
388 966
389 601
389 761
389 777
389 786
390 413
392 857
393 636
393 665
394 947
395 398
395 587
395 602
395 634
395 916
395 918
397 417
397 473
397 631
397 638
397 747
397 804
397 933
400 403
400 534
400 561
400 698
401 498
402 423
402 529
402 671
403 998
405 473
405 524
408 608
408 787
408 816
408 976
411 474
411 670
412 462
413 621
413 718
414 502
416 737
417 512
418 441
419 521
419 535
419 702
419 968
421 551
421 620
421 694
423 543
423 788
424 495
424 927
425 757
425 808
426 520
426 666
427 637
427 712
427 931
429 492
429 932
430 616
432 479
433 528
433 735
433 809
435 523
435 912
436 691
436 958
438 451
438 484
438 525
438 732
440 998
442 600
443 749
443 946
445 939
446 656
446 708
446 775
446 810
446 923
447 951
448 798
449 637
449 857
450 458
450 502
450 806
450 811
452 710
452 755
452 959
453 662
454 554
454 557
455 466
455 685
456 556
456 669
457 970
458 760
460 967
463 470
463 680
463 722
463 969
463 996
464 671
464 791
464 933
465 834
465 981
466 761
467 537
467 566
467 576
467 734
468 639
469 826
469 874
470 595
470 625
470 630
470 647
470 652
470 685
470 716
470 851
470 965
472 759
472 808
472 830
472 929
473 564
474 753
477 549
478 704
480 635
480 855
481 865
482 567
482 570
482 581
482 844
483 780
484 507
484 937
488 585
488 723
488 995
489 852
489 989
490 631
490 801
492 584
492 819
493 624
493 797
494 564
495 586
495 926
496 666
496 924
497 787
498 517
498 523
498 537
498 817
499 594
499 997
501 873
505 583
506 881
508 623
508 724
508 726
508 736
509 825
511 715
511 820
511 894
512 518
512 689
512 802
514 516
516 607
517 917
519 569
519 653
519 780
520 574
524 648
529 569
529 622
529 832
529 833
530 538
531 968
532 866
534 899
536 538
536 999
537 587
539 640
540 678
540 878
541 568
541 626
541 725
541 736
542 610
543 628
543 844
544 595
546 866
548 873
549 604
549 627
549 839
550 670
550 950
550 986
551 681
551 738
552 729
552 965
554 690
555 578
556 761
557 590
558 782
558 897
558 909
561 901
565 690
565 870
567 640
568 850
570 770
571 657
571 677
572 739
574 684
574 968
576 717
577 578
577 803
577 971
579 767
579 769
579 847
580 853
581 850
583 781
583 881
583 882
585 633
585 642
586 710
586 817
587 645
587 750
589 811
597 606
600 694
604 739
605 906
608 689
609 848
609 979
611 728
612 617
617 880
620 686
621 940
623 742
624 754
625 646
627 913
629 715
629 855
632 890
633 692
633 752
633 818
633 824
634 722
635 703
635 746
637 856
638 988
639 807
642 795
642 893
647 676
647 824
648 808
649 885
652 693
652 770
657 915
658 858
658 952
661 687
663 886
667 767
668 800
668 814
669 793
672 976
673 783
673 972
674 916
674 955
675 819
676 720
677 900
680 941
682 748
683 685
683 750
684 749
686 869
687 700
687 814
688 940
689 717
689 765
692 949
695 756
696 698
696 751
696 892
700 729
703 970
706 856
707 779
709 948
709 966
712 821
714 893
714 904
717 928
718 840
721 977
721 985
723 859
727 793
727 970
727 975
727 981
728 769
729 841
730 957
732 740
732 791
734 973
739 823
746 911
746 958
748 964
752 822
756 889
757 815
760 784
760 944
760 979
765 975
770 994
775 861
776 839
777 922
779 786
779 982
784 863
787 896
787 923
791 843
792 902
794 924
799 875
801 904
804 925
805 891
811 971
815 837
817 842
826 855
836 847
836 911
844 894
846 937
850 913
850 960
863 954
866 891
867 992
872 957
877 879
878 920
881 910
881 967
883 928
887 914
900 929
912 945
914 953
917 937
970 984
