0 1
0 2
0 3
0 7
0 8
0 9
0 11
0 13
0 14
0 15
0 17
0 18
0 22
0 23
0 24
0 25
0 26
0 28
0 30
0 33
0 35
0 39
0 42
0 51
0 53
0 57
0 60
0 62
0 63
0 65
0 66
0 72
0 83
0 84
0 87
0 91
0 92
0 96
0 97
0 110
0 117
0 125
0 136
0 144
0 145
0 150
0 152
0 156
0 158
0 161
0 162
0 169
0 171
0 172
0 174
0 176
0 177
0 182
0 185
0 187
0 191
0 200
0 209
0 218
0 221
0 228
0 233
0 256
0 260
0 265
0 287
0 289
0 317
0 328
0 358
0 375
0 378
0 403
0 408
0 410
0 414
0 420
0 430
0 437
0 459
0 460
0 467
0 484
0 517
0 532
0 545
0 548
0 577
0 591
0 610
0 617
0 618
0 626
0 649
0 680
0 718
0 726
0 732
0 737
0 747
0 751
0 752
0 765
0 768
0 804
0 818
0 824
0 852
0 861
0 868
0 889
0 919
0 931
0 957
0 973
0 984
0 988
1 2
1 3
1 4
1 6
1 7
1 12
1 22
1 23
1 34
1 66
1 72
1 99
1 103
1 108
1 135
1 161
1 167
1 186
1 190
1 192
1 238
1 275
1 301
1 320
1 335
1 389
1 400
1 404
1 426
1 451
1 472
1 503
1 536
1 600
1 619
1 638
1 666
1 671
1 792
1 851
1 872
1 893
1 988
2 3
2 4
2 5
2 6
2 8
2 10
2 12
2 15
2 29
2 32
2 33
2 35
2 37
2 38
2 47
2 50
2 52
2 75
2 76
2 80
2 94
2 118
2 125
2 127
2 131
2 133
2 134
2 135
2 139
2 141
2 166
2 167
2 184
2 189
2 192
2 193
2 213
2 223
2 225
2 233
2 239
2 243
2 249
2 267
2 289
2 307
2 311
2 315
2 345
2 354
2 356
2 371
2 400
2 412
2 440
2 455
2 496
2 513
2 519
2 522
2 526
2 580
2 588
2 597
2 688
2 731
2 750
2 766
2 776
2 786
2 807
2 827
2 854
2 884
2 905
2 929
2 966
2 973
2 977
2 986
3 4
3 5
3 7
3 8
3 13
3 14
3 28
3 32
3 34
3 41
3 44
3 55
3 58
3 63
3 73
3 100
3 113
3 141
3 159
3 160
3 162
3 164
3 177
3 199
3 217
3 229
3 230
3 254
3 257
3 265
3 291
3 309
3 314
3 333
3 335
3 337
3 347
3 356
3 361
3 372
3 386
3 407
3 415
3 418
3 420
3 432
3 439
3 445
3 485
3 498
3 505
3 506
3 525
3 550
3 592
3 597
3 623
3 662
3 687
3 697
3 721
3 728
3 732
3 782
3 786
3 800
3 849
3 853
3 856
3 873
3 890
3 902
3 922
4 5
4 6
4 10
4 11
4 16
4 17
4 21
4 25
4 33
4 55
4 58
4 77
4 91
4 96
4 99
4 111
4 112
4 122
4 126
4 130
4 140
4 149
4 153
4 155
4 167
4 175
4 190
4 200
4 202
4 207
4 239
4 240
4 278
4 299
4 301
4 315
4 322
4 323
4 346
4 352
4 353
4 475
4 492
4 497
4 527
4 541
4 543
4 556
4 583
4 586
4 594
4 621
4 674
4 684
4 722
4 726
4 738
4 794
4 812
4 819
4 831
4 870
4 881
4 887
4 891
4 901
4 938
4 974
4 981
5 9
5 12
5 20
5 21
5 26
5 37
5 73
5 122
5 127
5 168
5 171
5 180
5 186
5 235
5 433
5 437
5 447
5 488
5 528
5 548
5 781
6 14
6 16
6 22
6 27
6 30
6 31
6 36
6 38
6 46
6 67
6 93
6 101
6 104
6 105
6 128
6 156
6 177
6 194
6 212
6 214
6 225
6 296
6 313
6 349
6 369
6 378
6 394
6 431
6 454
6 481
6 531
6 555
6 579
6 582
6 603
6 693
6 745
6 748
6 760
6 813
6 920
6 947
6 985
7 9
7 16
7 19
7 20
7 32
7 39
7 41
7 44
7 49
7 50
7 56
7 66
7 74
7 79
7 81
7 89
7 97
7 114
7 132
7 136
7 139
7 148
7 182
7 197
7 219
7 246
7 260
7 273
7 279
7 296
7 319
7 331
7 337
7 360
7 367
7 413
7 456
7 474
7 484
7 489
7 511
7 531
7 541
7 608
7 619
7 631
7 640
7 659
7 691
7 723
7 733
7 754
7 783
7 839
7 858
7 859
7 915
8 10
8 78
8 90
8 107
8 114
8 135
8 136
8 143
8 151
8 166
8 242
8 338
8 357
8 376
8 445
8 451
8 504
8 508
8 639
8 641
8 673
8 708
8 849
8 930
8 938
8 979
9 18
9 38
9 57
9 62
9 64
9 74
9 86
9 95
9 97
9 102
9 105
9 107
9 114
9 126
9 150
9 157
9 172
9 184
9 205
9 225
9 281
9 291
9 306
9 360
9 397
9 402
9 403
9 428
9 441
9 471
9 516
9 517
9 532
9 579
9 587
9 592
9 645
9 702
9 710
9 758
9 784
9 810
9 832
9 868
9 898
9 916
9 967
10 11
10 17
10 24
10 35
10 69
10 300
10 490
11 18
11 19
11 21
11 25
11 26
11 34
11 45
11 52
11 59
11 65
11 75
11 83
11 85
11 98
11 104
11 109
11 119
11 121
11 130
11 158
11 164
11 173
11 174
11 215
11 216
11 222
11 227
11 281
11 302
11 310
11 313
11 324
11 343
11 377
11 384
11 415
11 445
11 480
11 520
11 568
11 571
11 625
11 677
11 689
11 692
11 711
11 740
11 756
11 795
11 816
11 835
11 862
11 904
11 948
11 981
12 13
12 15
12 20
12 27
12 29
12 30
12 31
12 39
12 40
12 43
12 46
12 47
12 49
12 54
12 55
12 56
12 65
12 68
12 75
12 77
12 78
12 80
12 81
12 87
12 90
12 98
12 102
12 108
12 109
12 142
12 146
12 152
12 155
12 173
12 182
12 201
12 218
12 224
12 228
12 244
12 278
12 292
12 303
12 305
12 307
12 325
12 327
12 330
12 339
12 345
12 366
12 381
12 396
12 401
12 435
12 515
12 535
12 538
12 601
12 602
12 622
12 635
12 639
12 655
12 658
12 693
12 698
12 701
12 744
12 766
12 769
12 808
12 810
12 988
13 84
13 100
13 104
13 140
13 170
13 171
13 195
13 237
13 241
13 325
13 390
13 393
13 452
13 466
13 573
13 590
13 770
13 993
14 31
14 37
14 64
14 127
14 263
14 274
14 348
14 353
14 469
15 23
15 24
15 45
15 90
15 99
15 224
15 441
15 538
15 857
15 959
16 88
16 295
16 523
16 711
17 27
17 50
17 56
17 72
17 215
17 258
17 362
17 628
17 803
17 868
18 19
18 42
18 48
18 147
18 221
18 268
18 311
18 324
18 487
18 544
18 550
18 648
18 802
18 826
19 48
19 120
19 154
19 181
19 544
19 564
20 70
20 98
20 149
20 154
20 197
20 284
20 370
20 483
20 545
20 609
20 610
20 644
20 678
20 702
20 725
20 749
20 759
20 761
20 776
20 777
20 795
20 820
20 955
20 989
21 36
21 41
21 71
21 224
21 239
21 255
21 256
21 277
21 331
21 332
21 339
21 361
22 69
22 111
22 185
22 230
22 259
22 620
22 638
22 650
22 974
23 53
23 116
23 120
23 159
23 217
23 243
23 246
23 777
24 29
24 42
24 51
24 68
24 74
24 92
24 123
24 124
24 131
24 151
24 153
24 193
24 241
24 262
24 329
24 403
24 477
24 488
24 653
24 900
24 933
24 942
24 952
24 964
25 46
25 54
25 69
25 82
25 93
25 121
25 129
25 159
25 169
25 187
25 200
25 207
25 222
25 293
25 299
25 320
25 364
25 439
25 534
25 552
25 568
25 593
25 636
25 640
25 668
25 694
25 704
25 785
25 815
25 899
26 28
26 36
26 165
26 217
26 309
26 355
26 520
26 610
26 703
27 118
27 125
27 275
27 357
27 367
27 422
27 557
27 797
27 839
28 40
28 86
28 108
28 173
28 190
28 427
28 580
29 89
29 533
30 84
30 152
30 209
30 292
30 401
30 414
30 537
30 545
30 594
30 653
30 765
30 941
31 169
31 383
31 462
31 799
31 927
31 954
32 43
32 57
32 60
32 71
32 73
32 91
32 94
32 116
32 122
32 143
32 147
32 186
32 218
32 222
32 246
32 262
32 273
32 366
32 370
32 421
32 430
32 450
32 468
32 483
32 489
32 506
32 529
32 643
32 773
32 832
32 860
32 950
33 44
33 63
33 106
33 339
33 585
33 616
33 790
34 112
34 180
34 292
34 395
34 606
34 634
34 696
34 810
34 888
34 893
34 949
35 76
35 116
35 196
35 377
35 395
35 453
35 490
35 554
35 574
35 595
35 690
35 726
35 758
35 801
35 825
35 950
36 52
36 59
36 76
36 113
36 184
36 264
36 304
36 360
36 370
36 413
36 492
36 978
37 40
37 43
37 94
37 176
37 216
37 342
37 381
37 479
37 807
38 45
38 49
38 61
38 102
38 198
38 215
38 247
38 264
38 336
38 374
38 420
38 434
38 599
38 614
38 618
38 734
38 753
38 785
38 820
38 901
38 947
39 47
39 53
39 133
39 191
39 390
39 652
39 905
40 106
40 109
40 140
40 170
40 175
40 180
40 299
40 318
40 560
40 573
40 662
40 781
40 850
40 851
40 862
41 78
41 105
41 119
41 204
41 330
41 369
41 609
41 830
42 48
42 62
42 70
42 188
42 468
42 495
42 915
43 51
43 61
43 88
43 178
43 205
43 223
43 379
43 386
43 442
43 448
43 503
43 663
43 835
43 858
43 989
44 129
44 236
44 294
44 375
44 611
44 656
44 840
44 924
44 964
45 255
45 512
46 165
46 211
46 773
47 81
47 82
47 229
47 340
47 583
47 821
47 871
48 61
48 130
48 179
48 245
48 634
48 771
48 778
49 67
49 70
49 110
49 123
49 131
49 132
49 183
49 208
49 223
49 245
49 252
49 261
49 327
49 388
49 418
49 436
49 510
49 558
49 569
49 591
49 642
49 647
49 668
49 706
49 802
49 846
49 875
49 878
49 903
49 912
49 917
49 961
49 991
49 997
50 58
50 146
50 187
50 276
50 312
50 371
50 424
50 470
50 552
50 571
50 812
51 54
51 67
51 144
51 338
51 417
51 455
51 507
51 680
51 813
52 133
52 386
52 397
52 422
52 553
52 629
52 723
52 863
53 202
53 818
54 82
54 597
54 621
54 653
54 948
55 79
55 121
55 176
55 199
55 779
56 60
56 247
56 618
56 630
56 797
56 845
57 79
57 145
57 334
57 347
57 490
57 540
57 554
57 559
57 589
57 602
57 631
57 661
57 678
57 730
57 742
57 932
58 59
59 64
59 128
59 181
59 209
59 270
59 276
59 277
59 304
59 367
59 402
59 495
59 582
59 603
59 695
59 822
59 972
60 117
60 231
60 253
60 254
60 303
60 328
60 349
60 355
60 408
60 410
60 435
60 457
60 650
61 101
61 179
61 234
61 293
61 567
61 577
61 709
61 782
61 811
61 953
62 92
62 157
62 160
62 178
62 236
62 245
62 258
62 302
62 326
62 368
62 385
62 672
62 685
62 769
62 774
62 975
63 138
63 198
63 229
63 332
63 655
63 684
63 727
63 841
64 266
64 316
64 507
64 837
64 899
65 68
65 103
65 155
65 220
65 302
65 590
65 601
65 755
65 823
66 71
66 227
66 235
66 241
66 324
66 325
66 806
67 89
67 412
67 509
68 250
68 396
68 411
68 675
68 694
68 801
69 128
69 248
69 472
69 478
69 479
69 791
70 148
70 256
70 342
70 385
70 475
70 515
70 817
70 934
70 991
71 80
71 124
71 291
71 334
71 752
72 77
72 88
72 195
72 266
72 310
72 467
72 522
72 779
72 826
72 977
73 87
73 95
73 106
73 314
73 344
73 421
73 449
73 620
74 232
74 274
74 277
74 373
74 449
74 795
74 959
75 178
75 191
75 199
75 233
75 234
75 306
75 340
75 391
75 429
75 452
75 607
75 706
75 720
75 739
75 766
75 889
75 951
75 977
76 83
76 96
76 162
76 194
76 198
76 203
76 259
76 261
76 272
76 301
76 487
76 499
76 530
76 544
76 654
76 667
76 670
76 744
76 803
76 850
76 910
76 960
77 270
77 464
77 476
77 514
77 582
77 987
77 994
78 85
78 465
78 601
79 168
79 378
79 436
79 493
79 496
79 526
79 637
79 697
79 855
79 891
79 902
79 906
79 938
79 945
79 981
79 998
80 971
81 93
81 137
81 138
81 141
81 145
81 149
81 150
81 163
81 231
81 268
81 306
81 322
81 340
81 350
81 399
81 500
81 611
81 686
81 687
81 736
81 842
81 881
81 886
81 891
82 95
82 138
82 148
82 156
82 238
82 345
82 383
82 522
82 783
83 86
83 101
83 361
83 749
84 85
84 157
84 194
84 195
84 206
84 262
84 312
84 387
84 421
84 432
84 447
84 744
84 919
84 990
85 111
85 123
85 201
85 208
85 399
86 113
86 132
86 203
86 462
86 605
86 624
86 626
86 739
86 753
86 767
86 817
86 898
86 969
86 984
87 163
87 404
87 524
87 533
87 534
87 602
87 749
87 775
87 870
87 979
88 314
88 629
89 175
89 572
89 605
89 762
89 914
90 107
90 126
90 139
90 144
90 153
90 158
90 280
90 399
90 514
90 530
90 531
90 939
90 950
91 110
91 210
91 362
91 928
92 129
92 211
92 288
92 644
92 854
93 100
93 196
93 211
93 433
93 476
93 685
93 817
94 244
94 287
94 289
94 313
94 346
94 432
94 461
94 491
94 546
94 742
94 761
94 879
95 240
95 312
95 456
95 715
96 119
96 770
96 828
96 909
97 147
97 253
97 267
97 279
97 678
97 859
98 283
98 304
98 501
98 656
98 714
99 112
99 146
99 164
99 220
99 230
99 231
99 260
99 270
99 271
99 398
99 502
99 521
99 563
99 624
99 651
99 700
99 774
100 247
100 724
100 912
100 932
101 103
101 208
101 474
101 614
101 690
101 941
102 371
102 576
102 723
103 221
103 540
103 741
104 459
104 607
104 615
105 115
105 143
105 179
105 210
105 425
105 438
105 454
105 570
105 874
105 923
106 115
106 117
106 213
106 219
106 344
106 357
106 364
106 392
106 554
106 598
106 763
107 236
108 214
108 380
108 443
108 788
109 115
109 183
109 498
109 555
109 848
109 874
109 882
110 118
110 120
110 124
110 142
110 151
110 202
110 204
110 295
110 316
110 364
110 379
110 519
110 529
110 662
110 670
110 917
110 960
111 197
111 253
111 316
111 408
111 416
111 458
111 500
111 652
111 976
112 866
112 899
112 907
113 205
114 161
114 207
114 438
114 495
114 645
114 948
115 170
115 189
115 263
115 279
115 330
115 333
115 383
115 402
115 448
115 525
115 526
115 575
115 599
115 709
115 838
115 956
116 201
116 465
116 466
116 717
117 832
118 134
118 137
118 160
118 242
118 257
118 341
118 358
118 637
119 134
119 487
120 275
121 257
121 319
121 888
121 967
122 368
122 815
123 933
124 578
124 837
125 174
125 188
125 196
125 212
125 286
125 288
125 294
125 393
125 480
125 539
125 560
125 565
125 627
125 633
125 716
125 845
125 846
125 911
126 137
126 521
126 535
126 581
127 142
127 172
127 276
127 389
127 423
127 537
127 705
127 792
127 922
127 989
128 226
128 251
128 449
128 824
129 300
129 384
129 574
129 745
129 842
130 366
130 385
130 707
130 751
130 774
131 154
131 163
131 206
131 317
131 328
131 342
131 359
131 373
131 473
131 508
131 521
131 529
131 887
131 894
132 181
132 604
132 656
133 168
133 411
133 635
133 713
134 273
134 628
134 635
134 772
135 327
135 470
135 515
135 630
135 708
135 892
136 185
136 235
136 308
136 310
136 398
136 419
136 580
136 642
136 867
136 909
137 419
137 536
137 907
138 968
139 303
139 457
139 548
139 549
139 880
140 220
140 266
140 430
140 477
140 775
140 790
140 798
141 318
141 387
141 631
141 638
141 692
142 248
142 288
142 437
142 520
142 547
142 627
142 673
142 725
142 802
143 535
143 664
143 984
144 183
144 282
144 392
144 429
144 431
144 681
144 702
144 703
144 978
145 285
145 321
145 666
145 768
147 212
147 265
147 300
147 429
147 456
147 493
147 572
148 193
148 237
148 263
148 708
148 995
149 203
149 232
149 280
149 536
149 611
149 718
149 753
149 807
149 888
149 931
149 970
150 341
150 352
150 551
150 992
150 995
151 481
152 188
152 271
152 349
152 424
152 428
152 619
152 719
152 809
152 864
152 963
152 985
153 865
154 308
154 426
156 369
156 772
156 894
158 165
158 509
158 842
158 942
160 497
160 665
161 294
161 834
162 596
162 737
162 999
163 298
163 425
163 517
163 660
164 166
164 390
164 494
164 730
164 743
164 910
164 939
164 949
165 528
165 681
165 799
166 251
166 379
167 216
167 261
167 317
167 354
167 654
167 755
167 878
168 226
168 332
168 404
168 462
168 469
168 471
168 498
168 714
168 739
168 763
168 987
169 699
170 192
171 311
171 463
171 936
171 970
171 980
172 543
173 359
173 615
174 252
174 565
174 756
175 249
175 285
175 814
176 219
176 258
176 322
176 373
176 394
176 422
176 457
176 482
176 608
176 612
176 625
176 821
176 937
177 206
177 867
177 906
178 334
178 478
178 668
178 713
178 982
179 249
180 189
180 494
180 581
180 585
180 982
183 267
183 269
183 381
183 946
184 214
184 374
184 608
184 669
184 778
184 839
185 254
185 298
185 623
185 657
185 847
187 630
188 459
188 757
188 764
188 897
189 204
189 242
189 365
189 533
191 974
192 252
194 388
194 557
194 637
194 733
194 883
194 966
195 274
195 344
195 394
196 863
197 321
197 486
198 297
198 413
198 920
199 604
199 676
200 240
200 248
200 271
200 280
200 355
200 393
200 414
200 425
200 523
200 672
200 730
202 943
203 731
204 509
205 376
205 505
205 738
205 854
205 963
205 967
207 210
207 796
208 237
208 244
208 251
208 255
208 333
208 343
208 435
208 455
208 579
208 606
208 625
208 716
208 718
208 784
208 877
208 895
208 991
209 213
209 259
210 250
210 290
210 411
210 493
210 503
210 542
210 561
210 562
210 903
213 282
213 719
214 286
214 305
214 382
214 585
214 632
214 661
214 955
215 226
215 264
215 269
215 416
215 470
215 524
215 560
215 590
215 741
215 819
215 821
215 929
216 284
216 368
216 639
217 362
217 406
217 738
217 781
218 419
218 576
218 612
219 380
219 508
219 558
219 676
219 713
219 945
220 234
220 338
220 351
221 228
221 780
221 996
222 350
222 354
222 539
222 549
222 613
222 664
222 687
222 727
222 728
222 743
222 794
222 924
222 930
222 992
223 227
223 278
223 305
223 318
223 407
223 446
223 458
223 664
223 696
224 232
224 650
224 957
225 918
226 363
226 409
226 424
226 562
227 549
228 388
228 558
228 691
228 897
229 238
229 286
229 295
229 348
229 552
229 735
229 791
230 309
231 297
231 480
231 764
231 767
231 769
231 980
232 358
232 375
232 532
232 721
232 999
233 479
233 486
234 336
234 644
235 323
235 661
235 690
235 806
235 816
236 272
236 297
236 416
236 461
236 785
237 315
237 806
237 944
237 971
238 567
238 805
239 940
240 665
241 570
242 243
242 336
242 616
242 803
242 848
243 284
243 488
243 511
243 833
244 542
244 561
244 588
244 747
245 448
246 250
246 268
246 500
246 729
246 794
247 307
247 510
247 534
247 636
247 679
247 682
247 875
247 960
247 966
248 350
249 281
249 293
249 337
249 397
249 701
249 724
249 876
249 943
249 962
250 298
250 823
252 600
252 746
252 886
252 976
253 464
253 651
253 681
254 365
254 406
254 423
254 444
254 589
254 594
254 673
254 908
254 913
254 965
255 363
255 405
255 417
255 473
255 595
255 657
256 320
256 405
256 474
257 540
257 557
257 958
259 287
259 380
259 561
259 566
260 428
260 665
260 827
260 926
261 482
261 691
261 849
262 269
262 406
262 538
263 405
263 502
263 524
263 629
264 620
265 343
265 440
265 461
265 492
265 919
266 746
267 296
267 986
268 646
268 716
269 283
270 272
270 282
270 321
270 563
270 643
271 736
271 787
271 916
271 937
272 329
272 348
273 356
273 460
273 485
273 814
274 451
274 754
275 351
275 439
275 715
275 801
275 946
277 283
277 290
277 505
278 667
279 382
279 518
279 830
279 880
280 326
280 442
280 951
281 997
282 396
282 576
282 915
282 994
283 556
283 567
284 285
284 290
284 353
284 632
284 693
284 699
284 813
285 426
287 818
287 975
289 308
290 764
290 778
291 417
291 499
291 622
292 331
292 363
292 446
292 553
292 671
293 389
293 400
293 464
293 648
294 672
294 789
295 654
296 800
296 983
297 341
297 450
297 704
297 765
298 323
298 359
298 365
300 423
300 431
302 433
302 485
302 759
303 547
305 335
305 683
305 724
305 782
306 346
306 519
306 657
306 929
308 391
308 502
308 679
308 696
308 698
309 471
309 626
309 768
309 775
309 930
310 482
310 935
312 434
312 660
313 473
313 904
314 319
316 510
316 632
316 893
319 352
319 575
319 734
321 329
322 372
322 374
322 377
322 468
322 612
322 643
322 835
322 853
322 909
323 326
323 688
325 600
328 591
328 800
329 717
329 916
332 539
332 633
333 512
333 584
335 398
335 565
335 793
335 972
338 351
338 427
338 636
338 965
339 392
339 812
340 578
340 760
340 953
341 542
341 677
341 707
342 895
346 347
346 387
346 446
346 581
346 674
346 736
346 882
346 883
347 401
347 440
347 563
348 564
348 743
348 787
350 627
350 816
351 415
351 501
351 913
351 998
352 454
352 514
352 715
353 578
353 587
354 434
354 441
354 516
355 674
356 460
356 596
357 507
357 568
357 584
357 725
357 790
357 875
358 695
359 372
359 407
359 412
359 658
359 848
360 467
361 376
361 646
362 804
362 918
363 828
363 869
363 961
364 566
364 936
366 613
366 648
367 879
367 889
369 418
369 659
370 382
370 592
370 956
371 504
372 444
372 550
372 897
373 463
373 788
373 921
373 944
374 671
374 728
374 825
376 438
377 395
377 553
378 983
379 566
379 912
380 409
381 890
383 384
383 465
383 641
383 758
383 890
384 494
384 499
384 562
384 634
385 409
385 543
385 762
385 934
385 954
386 391
386 443
386 918
388 450
389 826
391 926
392 714
393 712
393 996
394 669
394 787
395 547
395 666
395 881
396 443
396 453
396 497
397 745
398 472
398 586
398 993
399 530
400 572
401 463
401 710
402 791
402 861
402 957
404 556
404 575
405 452
405 453
405 477
405 727
405 729
405 737
406 478
406 703
406 827
406 908
407 511
407 860
408 466
409 410
409 609
409 863
411 442
411 923
412 458
414 436
414 476
414 851
415 584
415 595
416 748
416 837
416 861
416 877
416 944
417 655
417 692
417 734
417 746
417 799
417 808
417 814
417 892
417 901
420 427
420 573
421 559
421 741
421 815
421 996
424 444
424 647
424 722
424 750
424 796
427 504
427 652
430 649
432 491
432 577
432 606
432 719
432 789
437 496
439 513
439 523
439 527
439 564
439 731
439 843
440 598
440 895
441 447
443 717
444 475
444 667
444 670
445 621
446 481
446 593
447 501
448 489
448 512
448 513
448 809
449 689
450 483
450 804
451 491
451 658
451 683
451 838
452 593
458 484
458 528
458 709
458 798
461 516
461 555
461 710
463 469
463 706
463 830
463 884
464 822
465 604
465 926
465 954
467 614
467 707
467 720
467 824
468 486
468 587
468 589
468 920
469 852
469 943
470 569
471 506
471 874
472 898
472 990
473 733
473 986
475 836
475 945
476 603
476 892
480 850
481 546
481 831
483 546
483 663
484 748
484 761
485 679
486 640
486 677
487 525
487 767
488 598
488 962
489 518
489 605
491 518
492 757
494 968
495 574
496 869
497 683
497 914
500 571
500 722
501 846
502 757
502 836
503 651
504 754
504 872
508 747
508 953
509 613
509 617
509 623
509 927
510 537
510 541
510 551
510 588
510 908
511 829
512 759
512 840
512 857
514 867
516 527
516 624
517 961
520 607
520 616
520 700
520 780
521 583
521 663
521 921
521 940
522 735
522 905
524 756
524 856
524 965
525 570
525 682
526 993
527 559
529 969
530 622
530 942
531 633
531 750
531 844
532 569
532 923
532 937
534 844
535 959
538 647
539 843
541 599
541 649
541 990
542 675
542 735
543 551
544 885
544 998
545 856
550 694
550 740
550 841
550 855
551 700
551 869
551 951
552 676
555 669
557 866
559 755
559 847
560 686
560 688
560 797
560 836
561 596
561 642
562 659
563 876
565 792
566 859
566 862
568 685
568 771
568 866
568 921
568 958
570 914
570 939
573 646
575 586
575 701
576 773
576 964
577 628
578 877
579 675
579 705
579 732
579 808
579 924
580 853
581 940
582 822
582 841
583 721
588 699
592 617
594 720
594 935
599 864
601 680
605 896
607 615
610 751
611 865
612 833
614 776
615 872
617 704
617 906
620 682
620 903
621 641
624 711
625 834
629 925
631 793
632 712
634 834
635 907
637 913
637 927
640 689
641 896
641 952
643 786
643 982
644 645
646 686
646 712
649 660
653 705
653 870
655 857
655 922
656 805
660 760
662 684
664 805
666 789
666 858
668 697
668 740
668 828
668 829
668 831
668 852
668 879
668 978
674 762
675 843
675 878
675 931
680 823
680 838
681 772
683 976
684 995
685 698
686 695
692 975
696 729
697 932
702 777
703 896
704 752
706 793
715 911
716 771
716 783
718 788
718 935
718 936
719 847
719 873
720 925
721 963
723 742
723 825
729 780
729 809
729 819
731 997
732 855
732 968
734 956
735 763
736 798
742 904
750 779
750 900
751 910
753 770
754 973
756 796
756 873
758 811
758 882
758 971
759 933
762 865
762 884
763 885
767 784
773 979
775 844
776 840
776 864
779 845
783 833
786 876
786 885
786 972
787 928
793 811
793 820
793 970
797 987
798 829
799 941
800 994
801 980
802 860
802 928
804 887
811 886
813 911
814 894
819 880
831 946
832 958
833 871
834 969
834 983
840 883
844 871
852 952
859 900
859 934
865 902
865 999
884 917
886 992
892 947
903 925
904 955
924 949
957 962
960 985
