0 1
0 2
0 3
0 6
0 8
0 10
0 16
0 17
0 29
0 37
0 45
0 54
0 60
0 72
0 83
0 90
0 94
0 106
0 120
0 142
0 160
0 167
0 198
0 203
0 213
0 225
0 236
0 238
0 247
0 275
0 287
0 291
0 303
0 304
0 309
0 323
0 333
0 337
0 412
0 427
0 509
0 513
0 516
0 539
0 555
0 560
0 605
0 633
0 637
0 676
0 704
0 706
0 772
0 846
0 860
0 886
0 891
0 985
1 2
1 3
1 4
1 5
1 7
1 10
1 11
1 17
1 21
1 23
1 29
1 34
1 66
1 95
1 111
1 143
1 145
1 175
1 252
1 258
1 266
1 307
1 331
1 355
1 385
1 441
1 465
1 526
1 544
1 564
1 580
1 631
1 641
1 657
1 687
1 698
1 703
1 710
1 814
1 827
1 873
1 889
1 893
1 915
1 970
2 3
2 4
2 5
2 6
2 7
2 15
2 22
2 26
2 34
2 35
2 40
2 57
2 60
2 63
2 65
2 69
2 72
2 77
2 82
2 86
2 88
2 94
2 125
2 128
2 129
2 133
2 137
2 172
2 208
2 210
2 221
2 253
2 297
2 302
2 390
2 396
2 399
2 410
2 440
2 443
2 483
2 488
2 514
2 524
2 541
2 555
2 568
2 640
2 750
2 765
2 801
2 803
2 859
2 878
2 883
2 886
2 897
2 901
2 912
2 927
2 981
2 999
3 4
3 6
3 11
3 12
3 15
3 16
3 18
3 22
3 27
3 28
3 32
3 35
3 46
3 47
3 52
3 56
3 57
3 61
3 75
3 102
3 107
3 114
3 116
3 126
3 132
3 135
3 161
3 164
3 171
3 174
3 204
3 229
3 246
3 248
3 252
3 254
3 272
3 291
3 301
3 313
3 319
3 328
3 340
3 344
3 348
3 359
3 393
3 406
3 414
3 424
3 428
3 477
3 478
3 484
3 509
3 525
3 553
3 611
3 651
3 699
3 708
3 790
3 823
3 864
3 890
3 928
3 936
3 953
3 967
3 978
4 5
4 9
4 14
4 19
4 23
4 24
4 25
4 28
4 31
4 33
4 46
4 73
4 96
4 99
4 125
4 135
4 142
4 162
4 174
4 177
4 180
4 190
4 196
4 206
4 207
4 224
4 226
4 229
4 277
4 292
4 314
4 355
4 372
4 386
4 401
4 410
4 482
4 493
4 527
4 538
4 653
4 678
4 720
4 723
4 739
4 744
4 760
4 775
4 843
4 852
4 891
4 908
4 909
4 922
4 955
5 8
5 14
5 20
5 29
5 50
5 53
5 70
5 78
5 115
5 129
5 137
5 191
5 195
5 197
5 207
5 240
5 242
5 271
5 292
5 293
5 295
5 313
5 334
5 375
5 470
5 502
5 531
5 554
5 565
5 571
5 642
5 676
5 679
5 681
5 740
5 749
5 765
5 768
5 806
5 872
5 961
6 7
6 10
6 12
6 13
6 26
6 32
6 37
6 39
6 40
6 42
6 52
6 54
6 62
6 64
6 65
6 66
6 68
6 69
6 70
6 82
6 117
6 136
6 152
6 155
6 171
6 178
6 181
6 194
6 208
6 211
6 227
6 228
6 233
6 244
6 245
6 246
6 289
6 294
6 298
6 315
6 337
6 352
6 363
6 374
6 376
6 377
6 379
6 383
6 406
6 433
6 463
6 556
6 566
6 594
6 603
6 621
6 707
6 714
6 715
6 735
6 792
6 795
6 800
6 848
6 866
6 914
6 945
6 959
6 978
7 8
7 9
7 11
7 13
7 18
7 20
7 21
7 30
7 48
7 55
7 68
7 72
7 107
7 110
7 112
7 126
7 189
7 216
7 218
7 220
7 239
7 269
7 286
7 289
7 305
7 322
7 372
7 418
7 427
7 437
7 476
7 482
7 505
7 518
7 532
7 633
7 658
7 719
7 763
7 798
7 809
7 864
7 918
7 924
7 928
7 938
7 947
8 9
8 12
8 18
8 20
8 25
8 28
8 38
8 44
8 47
8 49
8 79
8 92
8 124
8 141
8 157
8 251
8 269
8 285
8 290
8 293
8 338
8 395
8 403
8 435
8 439
8 494
8 497
8 556
8 557
8 697
8 783
8 997
9 113
9 145
9 466
9 742
10 13
10 19
10 33
10 40
10 58
10 117
10 180
10 215
10 226
10 298
10 303
10 319
10 343
10 381
10 396
10 398
10 426
10 470
10 474
10 540
10 586
10 667
10 694
10 727
10 857
10 934
11 16
11 24
11 43
11 89
11 98
11 102
11 215
11 282
11 363
11 417
11 441
11 499
11 675
11 676
11 801
11 933
11 998
12 19
12 26
12 31
12 51
12 56
12 67
12 112
12 120
12 127
12 132
12 153
12 160
12 179
12 188
12 196
12 214
12 234
12 248
12 254
12 264
12 283
12 328
12 374
12 391
12 403
12 407
12 409
12 417
12 419
12 420
12 449
12 478
12 483
12 489
12 528
12 588
12 597
12 607
12 643
12 747
12 749
12 781
12 806
12 847
12 860
12 874
12 913
12 985
13 14
13 15
13 33
13 43
13 105
13 119
13 356
13 394
13 408
13 428
13 456
13 508
13 564
13 641
13 680
13 707
13 710
13 771
13 776
13 910
13 996
13 998
14 52
14 122
14 131
14 169
14 357
14 380
14 500
14 578
14 602
14 727
14 751
14 842
14 945
14 964
15 32
15 34
15 38
15 45
15 55
15 64
15 88
15 100
15 104
15 115
15 144
15 198
15 270
15 409
15 429
15 461
15 505
15 575
15 601
15 624
15 655
15 730
15 900
16 17
16 24
16 36
16 78
16 100
16 109
16 116
16 133
16 139
16 170
16 193
16 198
16 245
16 274
16 324
16 328
16 331
16 332
16 334
16 348
16 374
16 391
16 392
16 415
16 421
16 500
16 510
16 530
16 533
16 612
16 757
16 817
16 854
16 882
16 888
16 906
16 915
16 955
16 993
17 21
17 23
17 27
17 36
17 75
17 95
17 103
17 108
17 114
17 121
17 224
17 244
17 250
17 279
17 301
17 438
17 445
17 465
17 547
17 663
17 683
17 747
17 811
17 826
17 911
17 935
17 949
18 22
18 30
18 31
18 36
18 49
18 76
18 84
18 93
18 109
18 119
18 147
18 150
18 170
18 183
18 200
18 204
18 209
18 220
18 233
18 238
18 241
18 287
18 341
18 368
18 426
18 443
18 464
18 468
18 487
18 615
18 619
18 670
18 715
18 717
18 933
18 989
19 62
19 63
19 124
19 223
19 378
19 467
19 577
19 634
19 688
19 741
19 769
19 867
19 894
19 896
19 949
19 962
20 25
20 37
20 41
20 42
20 47
20 82
20 83
20 92
20 101
20 105
20 127
20 138
20 141
20 154
20 162
20 199
20 202
20 211
20 288
20 295
20 321
20 371
20 389
20 403
20 405
20 593
20 662
20 666
20 788
20 790
21 48
21 57
21 98
21 131
21 191
21 345
21 370
21 455
21 567
21 607
21 610
22 38
22 39
22 87
22 151
22 285
22 402
22 575
22 692
22 863
23 68
23 125
23 232
23 448
23 613
24 35
24 46
24 58
24 63
24 75
24 80
24 91
24 122
24 140
24 143
24 144
24 168
24 178
24 190
24 219
24 226
24 242
24 290
24 325
24 333
24 395
24 427
24 442
24 452
24 536
24 553
24 598
24 626
24 722
24 851
24 907
24 909
25 327
25 353
25 360
25 477
25 543
25 816
25 975
26 27
26 42
26 65
26 76
26 81
26 97
26 131
26 133
26 147
26 150
26 154
26 171
26 191
26 246
26 259
26 310
26 358
26 368
26 405
26 420
26 461
26 596
26 603
26 610
26 756
26 775
26 799
26 807
26 841
26 853
26 874
26 962
27 305
27 330
27 505
27 535
27 664
28 30
28 105
28 116
28 156
28 182
28 185
28 268
28 281
28 284
28 305
28 329
28 351
28 383
28 434
28 485
28 506
28 516
28 517
28 562
28 586
28 694
28 741
28 822
28 884
29 59
29 126
29 130
29 134
29 147
29 155
29 176
29 209
29 222
29 228
29 237
29 302
29 330
29 346
29 373
29 455
29 485
29 650
29 754
29 787
29 898
30 165
30 179
30 213
30 265
30 299
30 413
30 459
30 481
30 526
30 572
30 657
30 658
30 691
30 896
30 916
30 960
31 53
31 56
31 119
31 183
31 262
31 276
31 318
31 375
31 446
31 502
31 520
31 546
31 643
31 703
31 835
31 950
31 961
31 967
31 976
31 994
32 43
32 48
32 60
32 61
32 71
32 109
32 118
32 138
32 201
32 265
32 315
32 317
32 323
32 341
32 353
32 371
32 379
32 409
32 448
32 529
32 531
32 548
32 639
32 655
32 710
32 781
32 789
32 819
32 951
33 62
33 81
33 87
33 95
33 113
33 115
33 135
33 216
33 334
33 344
33 438
33 672
33 701
33 779
33 825
33 890
33 976
34 39
34 41
34 54
34 74
34 79
34 143
34 155
34 261
34 267
34 368
34 373
34 414
34 530
34 563
34 764
34 842
35 69
35 78
35 89
35 96
35 130
35 164
35 205
35 215
35 366
35 367
35 405
35 439
35 447
35 502
35 504
35 516
35 589
35 987
36 44
36 84
36 89
36 184
36 186
36 255
36 378
36 387
36 424
36 507
36 551
36 553
36 673
36 794
36 815
36 861
36 888
36 935
36 954
36 957
37 71
37 107
37 210
37 300
37 362
37 388
37 474
37 562
37 580
37 685
37 895
38 127
39 90
40 41
40 74
40 186
40 199
40 257
40 316
40 329
40 573
40 615
40 700
40 744
40 782
40 875
40 942
40 980
41 45
41 51
41 55
41 80
41 87
41 136
41 154
41 213
41 225
41 390
41 397
41 444
41 457
41 467
41 469
41 495
41 536
41 566
41 585
41 737
41 820
41 882
42 50
42 53
42 106
42 168
42 173
42 188
42 193
42 194
42 240
42 316
42 364
42 366
42 465
42 507
42 646
42 840
43 44
43 84
43 129
43 151
43 212
43 299
43 310
43 388
43 416
43 441
43 668
43 687
43 702
43 729
43 746
43 771
44 199
44 285
44 343
44 587
44 645
44 774
44 812
45 59
45 134
45 201
45 369
45 681
45 763
46 64
46 67
46 83
46 91
46 97
46 118
46 159
46 161
46 163
46 214
46 265
46 287
46 381
46 524
46 690
46 914
47 49
47 50
47 85
47 121
47 411
47 454
47 635
47 972
48 61
48 71
48 106
48 291
48 345
48 389
48 391
48 397
48 668
48 881
49 92
49 220
49 281
49 312
49 320
49 462
49 475
49 496
49 616
49 647
49 664
49 760
50 51
50 112
50 128
50 137
50 181
50 223
50 243
50 304
50 329
50 400
50 517
50 767
50 844
51 59
51 73
51 74
51 111
51 282
51 283
51 422
51 662
51 777
51 885
52 77
52 267
52 284
52 349
52 437
52 590
52 625
52 841
52 990
53 108
53 146
53 337
53 377
53 492
53 675
53 851
54 80
54 85
54 445
54 541
54 862
54 904
54 917
54 923
55 101
55 102
55 236
55 311
55 339
55 663
55 997
56 81
56 306
56 700
56 869
56 887
57 58
57 76
57 298
57 584
57 696
58 176
58 346
58 386
58 418
58 862
58 903
59 347
59 512
60 73
60 99
60 103
60 230
60 523
61 79
61 146
61 217
61 235
61 248
61 279
61 462
61 718
62 70
62 77
62 110
62 117
62 159
62 260
62 327
62 351
62 518
62 808
62 814
62 899
62 991
63 317
63 340
63 387
64 66
64 88
64 134
64 180
64 367
64 450
64 503
64 506
64 592
64 653
64 871
64 948
64 991
65 335
65 361
66 67
66 85
66 104
66 418
66 483
66 722
66 873
66 940
67 114
67 158
67 236
67 320
67 361
67 435
67 497
67 609
67 637
67 693
67 741
67 903
68 128
68 952
69 110
69 121
69 309
69 470
69 569
69 761
69 812
69 846
69 911
70 93
70 136
70 181
70 219
70 266
70 600
70 727
71 103
71 123
71 411
71 434
71 514
71 519
71 880
72 182
72 318
72 356
72 451
72 582
72 879
73 96
73 153
73 167
73 186
73 362
73 510
73 559
73 766
73 828
75 93
75 178
75 279
75 325
75 873
76 227
76 297
76 325
76 363
76 452
76 561
76 574
76 971
77 383
77 639
77 891
77 970
78 86
78 90
78 166
78 175
78 187
78 227
78 255
78 259
78 264
78 268
78 278
78 288
78 310
78 336
78 340
78 365
78 414
78 415
78 451
78 463
78 498
78 602
78 649
78 925
79 241
79 280
79 447
79 473
79 493
79 552
79 695
79 964
80 229
80 234
80 293
80 319
80 366
80 390
80 423
80 718
80 780
80 813
80 821
80 865
81 350
81 939
82 149
82 296
82 395
82 557
82 591
82 910
82 926
82 947
83 86
83 205
83 301
83 539
83 567
83 711
84 113
84 132
84 148
84 243
84 431
84 439
84 458
84 547
84 576
84 620
84 624
84 683
84 732
84 865
84 911
84 918
84 964
85 153
85 168
85 272
85 338
85 422
85 645
85 940
86 149
86 200
86 326
86 446
86 511
86 578
86 670
86 834
87 98
87 175
87 235
87 271
87 355
87 378
87 624
87 763
87 840
88 108
88 139
88 253
88 370
88 454
88 750
88 879
88 906
88 928
89 91
89 99
89 111
89 148
89 538
89 682
89 958
90 225
90 349
90 579
90 605
90 703
91 97
91 145
91 195
91 239
91 382
91 487
91 507
91 522
91 718
91 854
91 988
92 94
92 100
92 101
94 167
94 189
94 699
96 151
96 569
97 206
97 460
97 583
97 697
97 821
97 859
97 861
98 140
98 173
98 187
98 255
98 358
98 425
98 436
98 495
98 612
98 652
98 743
98 807
98 861
98 968
98 990
99 139
99 174
99 212
99 240
99 370
99 457
99 472
99 588
99 686
99 979
100 142
100 173
100 184
100 707
101 161
101 190
101 202
101 393
101 524
101 618
101 914
102 124
102 140
102 176
102 260
102 273
102 527
102 682
102 734
102 774
102 868
102 886
102 902
102 965
103 104
103 347
103 546
103 757
103 897
104 165
104 185
104 208
104 268
104 604
104 736
104 831
105 686
106 172
106 183
106 249
106 267
106 276
106 323
106 444
106 869
107 122
107 163
107 184
107 202
107 643
107 726
108 141
108 525
109 321
109 822
110 144
110 295
110 447
110 573
110 995
111 130
111 159
111 179
111 223
111 231
111 232
111 261
111 376
111 566
111 609
111 667
111 925
111 956
112 123
112 263
112 292
112 647
112 742
112 806
112 984
113 410
113 528
113 545
113 593
114 152
114 512
115 118
115 316
115 358
115 449
115 728
115 738
115 907
116 120
116 459
116 571
116 584
116 802
117 356
117 459
117 775
117 940
118 809
119 123
119 169
119 531
119 615
119 810
120 243
120 256
120 258
120 900
120 944
120 977
121 251
121 644
121 735
122 156
122 271
122 606
122 780
122 845
123 630
124 221
124 473
124 532
124 543
124 635
124 898
125 163
125 249
125 275
125 303
125 318
125 819
125 960
126 157
126 333
126 394
126 406
127 683
127 719
127 876
128 166
128 479
129 244
129 359
129 412
129 672
129 931
131 162
131 203
131 263
131 336
131 698
131 776
131 832
131 888
132 189
132 725
132 728
132 770
134 436
134 857
135 138
135 150
135 165
135 177
135 197
135 217
135 364
135 407
135 488
135 546
135 558
135 594
135 617
135 629
135 696
135 818
135 836
135 894
135 913
135 921
136 352
136 417
136 460
136 485
136 497
136 728
136 730
136 740
136 808
136 904
137 201
137 348
137 530
137 540
137 706
137 784
137 816
138 146
138 360
138 472
138 509
138 600
139 152
139 230
139 476
139 492
139 517
139 661
139 895
140 164
140 197
140 247
140 296
140 559
140 849
141 345
141 492
142 148
142 149
142 158
142 172
142 187
142 571
142 712
142 726
142 848
143 209
143 382
143 560
143 649
143 823
144 713
145 158
146 350
146 556
146 590
146 607
146 623
146 649
147 394
147 471
148 281
149 156
149 157
149 314
149 369
149 454
149 561
149 772
149 916
149 954
150 194
150 217
150 349
150 354
150 493
150 501
150 599
150 799
150 856
151 192
151 738
151 860
152 182
152 712
153 375
153 596
153 717
153 971
155 212
155 218
155 576
155 634
155 731
155 762
155 885
155 932
156 222
156 350
156 434
156 508
157 237
157 322
157 373
157 466
158 210
158 309
158 399
158 651
159 160
159 231
159 239
159 256
159 290
159 359
159 442
159 552
159 616
159 812
159 877
160 166
160 195
160 525
160 711
160 734
160 761
160 801
160 824
160 872
161 193
161 206
161 241
161 242
161 464
161 473
161 490
161 761
161 767
161 786
161 833
162 170
162 261
162 317
162 431
162 543
162 560
162 712
162 842
162 922
163 169
163 275
163 289
163 315
163 367
163 486
163 494
163 742
164 214
164 306
165 216
165 219
165 232
165 539
165 554
165 956
166 306
167 188
167 413
167 574
167 760
167 837
168 185
168 437
168 716
168 893
169 177
169 283
169 537
170 205
170 404
170 491
170 613
171 277
171 550
172 218
172 338
172 455
172 511
172 520
172 617
172 620
173 768
174 234
174 294
174 486
174 542
175 440
175 838
176 192
176 200
176 262
176 701
176 932
176 994
177 251
177 646
177 747
178 211
178 653
178 878
179 192
182 231
182 294
182 299
182 412
182 519
182 673
182 689
182 721
182 803
183 398
184 431
184 523
184 803
185 204
185 254
186 260
186 264
186 573
186 575
186 590
186 595
186 688
186 719
186 924
187 207
188 635
189 480
190 448
191 245
191 312
191 901
191 909
191 993
192 585
192 629
192 723
192 725
192 883
192 962
193 708
194 927
195 196
195 237
195 449
195 724
195 961
195 982
196 221
196 443
196 456
196 460
196 569
196 783
197 203
197 252
197 360
198 339
198 666
199 300
200 438
200 606
200 652
200 690
201 250
201 522
201 529
201 541
201 952
202 233
202 257
202 286
202 302
202 332
202 381
202 446
202 520
202 700
202 923
203 253
203 257
203 278
203 385
203 602
203 606
203 630
203 685
203 755
203 973
204 413
204 798
205 411
206 247
206 258
206 321
206 369
206 562
206 581
206 652
206 737
206 748
206 997
208 228
209 572
209 622
210 489
210 535
210 813
210 817
210 905
211 256
211 679
211 759
212 592
212 837
212 956
213 238
213 850
214 416
214 544
214 589
215 288
215 377
215 503
215 755
215 937
215 973
216 429
216 642
216 970
217 235
217 263
218 222
218 224
218 491
218 496
218 504
218 532
218 792
219 277
219 308
219 475
219 877
220 274
220 785
221 357
222 230
222 308
222 736
222 845
222 892
223 273
223 307
223 399
223 433
223 435
223 513
223 619
223 632
223 677
223 778
223 830
223 852
224 280
224 282
224 464
224 593
224 671
224 863
225 331
225 339
225 548
226 280
226 570
226 887
227 353
228 259
228 351
228 856
229 313
229 365
229 469
229 702
229 876
230 249
230 262
230 442
230 622
230 915
231 831
231 983
232 324
232 818
233 708
233 773
233 777
233 867
234 274
234 432
234 515
234 713
234 963
236 428
236 468
236 678
236 690
236 751
236 796
237 397
237 429
237 461
238 270
238 284
238 308
238 408
238 603
238 702
238 732
239 250
239 270
239 387
239 773
239 951
240 307
240 311
240 380
240 628
241 342
241 357
241 597
241 754
242 320
242 836
243 326
243 939
244 471
244 610
244 644
245 266
245 297
245 304
245 354
245 426
245 564
245 798
246 545
246 622
246 627
246 634
246 650
246 858
246 902
248 269
248 693
249 335
249 608
249 820
249 950
250 326
250 523
250 619
250 659
250 820
251 862
252 469
252 514
252 753
252 757
252 899
252 901
252 980
254 662
254 838
255 346
256 273
256 276
256 392
256 400
256 526
256 529
256 565
256 582
256 591
256 797
257 488
257 726
257 750
258 952
259 551
260 664
261 278
261 286
261 689
262 542
262 633
264 352
264 563
264 735
264 739
264 849
265 419
265 453
265 521
265 752
265 840
265 855
266 332
266 779
266 932
268 272
268 311
268 314
268 388
268 500
268 604
268 857
269 423
269 694
270 640
270 733
270 816
271 384
272 583
273 599
273 844
274 482
274 499
274 548
274 810
274 878
275 484
275 921
276 436
276 669
276 880
277 342
277 648
277 689
278 537
278 552
278 582
279 451
279 494
279 518
279 613
279 714
279 912
279 979
280 733
280 941
281 322
282 789
282 984
283 336
285 300
285 608
285 692
286 467
286 729
286 867
286 999
287 865
288 501
288 705
289 296
289 343
289 362
289 364
289 382
289 386
289 407
289 452
289 466
289 489
289 568
289 671
289 674
289 699
289 829
289 830
289 938
290 684
290 868
290 876
291 365
291 963
292 853
293 680
293 921
294 651
295 445
295 684
295 794
297 341
297 344
297 361
297 371
297 400
297 404
297 640
297 663
297 743
297 996
298 347
298 474
299 335
299 379
299 713
299 745
299 756
299 936
300 462
300 711
300 823
300 831
300 834
300 884
301 758
301 765
301 946
302 327
302 416
302 618
303 535
303 628
303 636
303 762
303 805
303 923
304 324
304 528
304 632
305 342
305 380
305 501
305 598
305 661
305 682
305 749
305 874
305 879
305 892
306 975
307 786
307 849
308 404
308 677
308 856
308 885
309 625
310 755
311 312
311 721
311 756
311 833
314 384
314 785
314 870
316 472
316 480
316 521
317 925
318 392
318 623
318 752
318 853
318 908
321 425
321 919
322 550
322 661
322 968
323 484
323 545
323 966
325 430
325 592
325 813
325 819
326 330
326 645
326 850
327 588
327 815
327 843
329 829
330 398
330 887
331 611
332 696
333 538
333 985
335 396
335 458
335 498
335 534
335 583
335 648
335 678
336 372
336 490
336 577
336 641
338 617
338 626
339 674
341 389
341 432
341 478
341 551
341 629
341 632
341 811
341 969
342 471
342 709
343 354
343 557
343 872
343 897
344 376
344 463
344 626
345 476
345 550
345 769
345 825
346 654
346 716
346 795
347 393
347 638
347 864
348 858
349 658
349 660
349 954
349 992
350 430
351 800
351 944
354 450
354 644
354 647
354 670
354 942
356 385
356 549
356 621
357 419
357 421
357 481
357 587
358 802
358 892
359 487
359 584
359 685
359 730
361 698
361 793
362 540
362 549
362 822
363 511
363 542
363 558
364 401
365 421
365 825
367 420
367 457
367 579
367 830
368 415
370 537
370 705
370 751
370 852
370 920
371 576
371 600
371 922
372 739
372 947
373 577
374 554
374 845
374 898
374 929
375 597
375 671
376 384
376 832
376 969
377 513
377 581
377 656
377 836
378 709
379 424
379 604
380 402
380 850
380 851
381 401
382 430
382 740
383 512
383 570
383 688
384 627
384 631
384 758
385 408
385 648
385 957
387 432
388 402
389 591
389 720
390 595
391 657
392 498
392 665
392 832
392 833
392 848
393 423
395 477
395 654
395 875
395 981
396 481
396 866
399 753
400 568
400 654
400 839
401 889
402 609
403 762
403 977
405 479
405 660
406 506
406 974
407 623
407 650
407 808
408 631
408 684
409 724
409 828
410 444
410 612
410 893
412 790
413 732
415 693
416 614
416 824
417 558
418 601
418 724
418 937
419 425
419 695
419 709
420 422
420 625
420 871
420 993
423 480
423 510
425 450
425 458
425 965
426 468
426 917
427 440
427 479
427 495
427 716
427 745
428 433
428 533
428 534
428 579
429 453
429 586
429 815
430 490
430 515
432 453
432 774
432 797
432 959
434 665
434 809
434 838
434 895
435 549
436 764
436 957
439 608
439 714
439 797
440 456
441 701
441 772
441 880
442 522
442 743
445 818
447 904
448 503
448 567
448 834
448 868
448 978
449 574
449 941
451 565
451 745
452 519
454 767
455 646
455 805
456 521
458 504
458 599
459 585
459 943
460 578
460 581
460 605
460 677
460 945
462 536
462 618
462 975
463 785
464 636
465 673
466 638
466 669
466 793
466 810
469 778
471 486
471 937
471 974
471 986
472 499
472 829
473 491
473 544
473 637
473 796
474 475
474 533
474 656
475 496
476 680
477 768
477 855
477 884
479 723
480 555
480 572
480 720
480 847
482 705
482 717
482 908
482 926
483 930
484 733
485 789
486 614
487 563
489 614
490 638
490 679
491 508
491 570
491 601
491 843
491 916
492 691
492 938
493 787
494 817
494 959
495 669
496 691
497 870
498 630
499 594
499 782
499 929
500 515
500 559
500 783
501 948
503 686
503 788
504 547
504 731
507 596
509 776
509 918
510 766
512 561
512 616
512 989
514 953
516 791
518 527
521 944
522 674
523 534
527 894
528 744
530 722
531 595
531 988
532 725
533 988
534 992
535 748
541 875
542 672
544 737
544 929
545 621
547 779
548 770
548 786
551 660
551 982
552 697
552 903
553 655
553 800
554 846
555 598
555 734
555 804
555 854
557 706
558 587
558 824
560 589
560 704
561 787
563 667
564 905
566 580
567 780
568 794
570 687
572 841
576 620
576 931
581 943
581 968
586 826
587 611
587 639
590 847
590 969
591 659
591 941
592 753
593 721
593 752
598 987
599 636
599 974
601 919
603 628
603 899
604 715
604 764
604 839
607 759
607 821
609 906
611 769
611 948
612 814
612 910
613 839
613 939
614 773
618 754
620 804
620 871
622 771
624 627
624 995
626 704
627 995
628 759
628 826
629 659
629 665
631 642
632 917
633 844
634 877
637 859
639 758
639 796
639 869
640 827
641 811
641 882
642 827
646 950
647 681
648 738
648 746
648 788
648 943
650 793
650 930
650 942
650 967
651 695
651 784
653 668
653 976
654 656
656 777
657 828
661 986
662 666
663 692
666 795
667 675
671 912
672 883
672 987
673 837
676 996
679 935
680 746
683 778
684 890
687 748
697 958
698 866
702 784
702 858
703 729
704 731
705 736
711 766
714 931
720 802
722 983
722 999
724 949
740 896
741 855
742 791
742 983
744 926
750 792
750 934
751 900
757 782
757 870
757 924
761 835
768 770
772 979
774 805
776 920
778 799
778 835
780 781
783 946
784 804
786 930
788 791
789 965
792 919
792 953
806 807
807 920
808 907
817 966
819 955
821 958
823 889
826 905
826 933
839 881
844 982
845 994
850 981
859 863
859 984
859 986
868 881
868 963
871 902
871 934
873 927
873 972
877 966
881 946
881 989
883 973
893 951
896 913
898 991
899 977
906 972
935 936
938 960
954 998
966 971
970 980
980 992
986 990
