0 1
0 2
0 3
0 4
0 5
0 6
0 8
0 10
0 11
0 15
0 16
0 18
0 19
0 21
0 23
0 24
0 26
0 28
0 32
0 34
0 41
0 42
0 43
0 44
0 46
0 50
0 58
0 64
0 67
0 69
0 74
0 77
0 82
0 91
0 96
0 98
0 103
0 104
0 106
0 117
0 119
0 120
0 127
0 141
0 148
0 154
0 159
0 161
0 165
0 169
0 179
0 201
0 207
0 211
0 236
0 241
0 245
0 256
0 270
0 272
0 273
0 290
0 297
0 298
0 303
0 309
0 312
0 335
0 343
0 356
0 363
0 367
0 372
0 378
0 379
0 385
0 393
0 399
0 415
0 420
0 426
0 434
0 450
0 463
0 469
0 476
0 489
0 505
0 509
0 512
0 522
0 525
0 526
0 541
0 548
0 553
0 555
0 562
0 575
0 593
0 596
0 601
0 621
0 623
0 630
0 633
0 666
0 672
0 675
0 694
0 707
0 732
0 733
0 773
0 786
0 803
0 808
0 811
0 834
0 840
0 881
0 888
0 902
0 907
0 918
0 935
0 945
0 958
0 975
0 982
1 2
1 3
1 4
1 5
1 6
1 7
1 8
1 9
1 10
1 12
1 13
1 18
1 20
1 22
1 29
1 30
1 36
1 39
1 57
1 68
1 87
1 90
1 95
1 98
1 107
1 112
1 118
1 135
1 141
1 160
1 170
1 194
1 203
1 206
1 215
1 235
1 262
1 264
1 307
1 308
1 331
1 345
1 354
1 373
1 377
1 392
1 416
1 435
1 460
1 507
1 577
1 619
1 625
1 631
1 637
1 677
1 684
1 718
1 746
1 789
1 797
1 803
1 841
1 854
1 899
1 919
1 940
1 957
1 960
1 972
1 975
2 3
2 4
2 5
2 6
2 9
2 12
2 14
2 17
2 23
2 24
2 39
2 40
2 41
2 42
2 56
2 64
2 67
2 88
2 92
2 100
2 102
2 112
2 129
2 140
2 155
2 157
2 159
2 166
2 276
2 331
2 341
2 344
2 400
2 402
2 421
2 447
2 452
2 477
2 493
2 496
2 499
2 500
2 526
2 529
2 559
2 562
2 606
2 679
2 745
2 746
2 749
2 782
2 808
2 819
2 829
2 976
3 7
3 11
3 17
3 22
3 31
3 36
3 65
3 71
3 73
3 84
3 111
3 125
3 134
3 160
3 161
3 163
3 175
3 187
3 192
3 205
3 255
3 287
3 289
3 294
3 300
3 326
3 330
3 398
3 431
3 591
3 608
3 622
3 627
3 636
3 683
3 719
3 726
3 728
3 739
3 770
3 780
3 816
3 848
3 882
3 913
3 996
4 11
4 22
4 26
4 32
4 72
4 82
4 128
4 136
4 138
4 148
4 167
4 195
4 208
4 227
4 242
4 257
4 279
4 292
4 324
4 354
4 355
4 427
4 504
4 570
4 663
4 891
4 953
5 7
5 13
5 20
5 25
5 27
5 29
5 42
5 43
5 51
5 68
5 78
5 80
5 81
5 89
5 97
5 107
5 123
5 133
5 134
5 138
5 166
5 175
5 184
5 199
5 228
5 238
5 249
5 271
5 279
5 313
5 319
5 331
5 355
5 362
5 379
5 412
5 426
5 446
5 469
5 470
5 477
5 481
5 490
5 502
5 514
5 516
5 534
5 549
5 595
5 605
5 617
5 638
5 683
5 704
5 715
5 726
5 760
5 763
5 828
5 831
5 845
5 865
5 878
5 885
5 931
5 971
5 992
5 997
6 8
6 10
6 13
6 17
6 21
6 31
6 35
6 43
6 47
6 48
6 65
6 77
6 83
6 85
6 89
6 106
6 108
6 123
6 132
6 145
6 158
6 180
6 190
6 246
6 256
6 265
6 267
6 268
6 277
6 279
6 286
6 333
6 368
6 396
6 417
6 419
6 425
6 432
6 444
6 453
6 464
6 466
6 479
6 480
6 505
6 513
6 551
6 552
6 574
6 606
6 624
6 637
6 646
6 674
6 700
6 719
6 731
6 737
6 758
6 765
6 781
6 783
6 812
6 839
6 847
6 879
6 893
6 900
6 906
6 910
6 980
7 9
7 12
7 14
7 19
7 20
7 25
7 32
7 33
7 34
7 49
7 50
7 59
7 118
7 131
7 155
7 172
7 174
7 181
7 259
7 260
7 323
7 327
7 334
7 396
7 405
7 422
7 454
7 478
7 483
7 517
7 538
7 548
7 579
7 596
7 599
7 623
7 790
7 843
7 856
7 898
8 18
8 23
8 28
8 57
8 60
8 93
8 95
8 107
8 110
8 119
8 133
8 138
8 203
8 222
8 319
8 325
8 342
8 350
8 482
8 592
8 645
8 663
8 762
8 881
8 910
9 15
9 24
9 27
9 37
9 55
9 60
9 62
9 281
9 360
9 636
9 769
9 801
9 879
10 16
10 19
10 28
10 31
10 40
10 51
10 55
10 62
10 70
10 92
10 94
10 136
10 173
10 206
10 218
10 276
10 277
10 281
10 311
10 339
10 408
10 474
10 563
10 589
10 709
10 724
10 733
10 740
10 820
10 833
10 858
10 934
10 951
11 16
11 45
11 46
11 53
11 73
11 86
11 88
11 193
11 201
11 252
11 292
11 373
11 423
11 456
11 479
11 519
11 532
11 559
11 568
11 600
11 605
11 607
11 661
11 696
11 748
11 846
11 970
12 33
12 61
12 78
12 84
12 100
12 122
12 158
12 204
12 333
12 440
12 449
12 472
12 500
12 523
12 723
12 735
12 801
12 802
12 847
13 14
13 15
13 21
13 80
13 226
13 380
13 761
13 823
13 944
14 30
14 124
14 144
14 167
14 196
14 217
14 275
14 306
14 316
14 587
14 765
15 51
15 58
15 87
15 178
15 322
15 699
16 74
16 87
16 90
16 95
16 96
16 105
16 205
16 219
16 261
16 295
16 440
16 477
16 682
16 722
16 863
16 897
16 973
17 27
17 37
17 38
17 59
17 80
17 194
17 231
17 246
17 269
17 293
17 761
17 869
17 992
18 66
18 194
18 220
18 244
18 393
18 556
18 801
18 926
19 90
19 101
19 130
19 237
19 280
19 301
19 390
19 573
19 620
19 633
19 704
19 992
20 26
20 29
20 58
20 65
20 83
20 147
20 209
20 223
20 551
20 663
20 703
20 749
21 25
21 36
21 46
21 50
21 60
21 69
21 71
21 83
21 99
21 101
21 122
21 125
21 128
21 131
21 156
21 164
21 169
21 170
21 180
21 191
21 201
21 223
21 230
21 241
21 266
21 271
21 273
21 274
21 295
21 361
21 365
21 374
21 384
21 406
21 413
21 445
21 491
21 493
21 498
21 503
21 521
21 560
21 610
21 655
21 734
21 737
21 789
21 814
21 820
21 867
21 877
21 906
21 993
22 183
22 216
22 272
22 328
22 333
22 370
22 630
22 669
22 716
22 747
22 891
22 892
23 37
23 74
23 121
23 175
23 420
23 471
23 665
23 693
24 48
24 54
24 79
24 86
24 193
24 229
24 299
24 690
24 963
25 35
25 39
25 45
25 48
25 52
25 56
25 72
25 76
25 79
25 81
25 104
25 105
25 116
25 176
25 208
25 209
25 233
25 247
25 290
25 329
25 344
25 392
25 450
25 513
25 546
25 552
25 584
25 617
25 634
25 644
25 648
25 720
25 728
25 739
25 806
25 840
25 985
26 30
26 34
26 35
26 41
26 45
26 52
26 63
26 75
26 85
26 96
26 124
26 146
26 152
26 251
26 292
26 309
26 317
26 319
26 340
26 349
26 398
26 509
26 628
26 680
26 701
26 720
26 836
26 885
26 925
26 966
27 53
27 54
27 116
27 131
27 173
27 381
27 659
27 668
27 677
27 850
27 866
27 871
28 109
28 171
28 310
28 471
28 510
28 550
29 100
29 102
29 135
29 147
29 189
29 197
29 297
29 330
29 439
29 466
29 494
29 507
29 561
29 571
29 572
29 584
29 589
30 47
30 49
30 61
30 110
30 206
30 275
30 583
30 609
30 686
30 836
30 911
31 44
31 52
31 73
31 75
31 191
31 197
31 232
31 324
31 517
31 610
31 762
31 787
31 824
31 825
32 33
32 38
32 40
32 44
32 75
32 84
32 91
32 99
32 127
32 154
32 156
32 268
32 269
32 291
32 296
32 320
32 365
32 388
32 409
32 422
32 424
32 457
32 464
32 484
32 514
32 519
32 549
32 567
32 597
32 613
32 648
32 700
32 716
32 731
32 778
32 846
32 872
33 108
33 112
33 117
33 171
33 356
33 360
33 468
33 507
33 560
33 735
33 760
33 761
33 923
34 157
34 168
34 192
34 303
34 778
34 817
34 873
34 897
34 908
35 59
35 66
35 149
35 150
35 162
35 212
35 334
35 602
35 682
35 784
36 98
36 102
36 103
36 166
36 178
36 328
36 411
36 448
37 38
37 70
37 78
37 171
37 222
37 263
37 302
37 326
37 330
37 352
37 357
37 366
37 380
37 485
37 532
37 828
37 892
37 909
38 56
38 125
38 159
38 221
38 270
38 294
38 373
38 533
38 662
38 677
38 697
38 699
38 754
38 880
38 935
39 172
39 249
39 324
39 467
40 53
40 57
40 93
40 97
40 114
40 124
40 126
40 163
40 186
40 210
40 223
40 229
40 267
40 386
40 402
40 417
40 428
40 443
40 547
40 620
40 694
40 856
40 877
40 910
41 238
41 550
41 617
41 949
42 150
42 200
42 305
42 977
43 144
43 248
43 397
43 398
43 777
43 868
44 395
44 446
44 531
44 545
44 925
45 47
45 61
45 101
45 139
45 176
45 189
45 190
45 284
45 302
45 831
46 49
46 86
46 165
46 179
46 283
46 359
46 419
46 426
46 430
46 542
46 575
46 591
46 796
46 799
46 809
46 902
47 54
47 157
47 278
48 55
48 63
48 64
48 76
48 161
48 180
48 184
48 270
48 299
48 332
48 382
48 394
48 485
48 487
48 497
48 537
48 538
48 563
48 596
48 789
48 864
48 954
49 137
49 187
49 217
49 298
49 389
49 433
49 458
49 502
49 638
49 706
49 842
49 998
50 94
50 144
50 714
51 85
51 91
51 116
51 224
51 242
51 257
51 376
51 659
51 703
52 89
52 137
52 211
52 226
52 317
52 457
52 474
52 480
52 535
52 625
52 675
52 729
52 770
52 807
53 67
53 69
53 92
53 130
53 350
53 410
53 421
53 553
53 556
53 709
53 772
55 109
55 213
55 220
55 268
55 400
55 407
55 442
55 527
55 569
55 855
56 111
56 177
56 214
56 231
56 254
56 259
56 374
56 432
56 487
56 586
56 597
56 717
56 847
56 893
56 905
57 136
57 143
57 274
57 337
57 378
57 392
57 465
57 528
57 554
57 757
57 780
57 815
57 969
58 151
58 282
58 304
58 306
58 586
58 653
58 814
58 977
59 103
59 167
59 253
59 454
59 639
59 715
59 739
59 754
60 62
60 63
60 68
60 105
60 114
60 189
60 207
60 213
60 488
60 612
60 743
60 860
60 990
61 70
61 119
61 280
61 285
61 546
61 686
61 796
61 853
61 870
61 907
61 955
61 963
61 964
62 113
62 221
62 315
62 338
62 339
62 361
62 418
62 471
62 678
62 844
62 959
63 66
63 72
63 76
63 77
63 118
63 151
63 264
63 345
63 397
63 440
63 544
63 653
63 698
63 904
63 991
64 111
64 120
64 150
64 225
64 228
64 235
64 320
64 336
64 403
64 442
64 451
64 495
64 533
64 537
64 543
64 549
64 604
64 637
64 734
64 759
64 856
64 925
65 109
65 188
65 230
65 232
65 301
65 576
65 782
65 788
66 79
66 162
66 217
66 238
66 257
66 311
66 342
66 371
66 401
66 404
66 532
66 618
66 656
66 927
67 308
67 349
67 394
67 407
67 444
67 544
67 562
67 572
67 646
67 657
67 807
68 88
68 120
68 198
68 254
68 255
68 335
68 535
68 652
68 680
69 71
69 127
69 132
69 181
69 508
69 600
69 927
69 989
70 81
70 185
70 191
70 235
70 240
70 304
70 338
70 341
70 366
70 369
70 408
70 429
70 535
70 616
70 649
70 661
70 708
70 821
70 838
70 840
70 857
70 871
70 894
70 896
70 901
71 97
71 249
71 261
71 318
71 391
71 410
71 412
71 478
71 526
71 593
71 766
71 846
71 937
72 273
72 288
72 461
72 484
72 585
72 600
72 603
72 687
72 802
72 854
73 137
73 197
73 236
73 306
73 321
73 383
73 409
73 434
73 436
73 501
73 585
73 643
73 733
73 783
73 800
73 862
73 920
74 126
74 154
74 262
74 425
74 498
74 564
75 94
75 139
75 774
75 938
75 966
76 133
76 236
76 244
76 511
76 513
76 616
76 621
76 699
77 115
77 140
77 141
77 170
77 178
77 212
77 293
77 337
77 385
77 416
77 462
77 508
77 589
77 609
77 672
77 758
77 780
77 875
77 909
77 941
77 968
77 981
77 989
78 82
78 104
78 121
78 168
78 182
78 199
78 204
78 239
78 243
78 252
78 260
78 282
78 286
78 300
78 309
78 313
78 343
78 344
78 470
78 497
78 611
78 698
78 752
78 946
78 957
79 128
79 146
79 182
79 203
79 214
79 240
79 283
79 329
79 352
79 353
79 388
79 459
79 469
79 500
79 557
79 614
79 654
79 674
79 984
80 145
80 183
80 188
80 221
80 247
80 522
80 755
80 859
81 142
81 153
81 196
81 244
81 265
81 315
81 375
81 460
81 564
81 583
81 603
82 275
82 753
82 800
83 143
83 202
83 216
83 524
83 590
83 671
83 798
84 463
84 614
84 865
85 168
85 224
85 259
85 294
85 409
85 567
85 659
85 673
85 717
85 793
85 878
85 923
85 940
85 976
85 983
86 185
86 196
86 202
86 316
86 337
86 396
86 510
86 546
86 594
86 766
86 937
87 114
87 129
87 164
87 656
87 803
87 879
88 106
88 110
88 152
88 209
88 352
88 428
89 142
89 334
89 797
89 967
90 93
90 99
90 284
90 394
90 431
90 455
90 485
90 631
91 113
91 115
91 117
91 122
91 123
91 130
91 143
91 158
91 287
91 376
91 401
91 414
91 424
91 457
91 465
91 479
91 486
91 536
91 618
91 681
91 720
91 727
91 784
91 793
91 834
91 882
91 933
91 945
91 971
92 449
92 570
92 812
93 467
93 771
94 464
94 588
94 724
94 958
95 139
95 140
95 153
95 246
95 356
95 375
95 435
95 511
95 598
95 744
95 834
96 212
96 250
96 472
96 512
96 692
96 700
96 753
96 929
97 113
97 156
97 182
97 195
97 202
97 358
97 399
97 488
97 694
97 697
97 747
97 819
97 832
97 990
98 207
98 864
99 108
100 347
101 307
102 115
102 296
102 389
102 399
103 200
103 506
104 195
104 210
104 225
104 263
104 888
104 995
105 320
105 896
105 986
106 915
107 509
107 555
108 147
108 210
108 213
108 260
108 323
108 413
108 459
108 688
108 690
108 734
108 754
108 785
108 924
110 149
110 218
110 478
110 652
111 129
111 227
111 266
111 366
111 384
111 395
111 473
111 662
111 708
111 727
111 764
112 132
112 134
112 172
112 204
112 248
112 291
112 295
112 443
112 494
112 660
112 689
112 741
112 772
112 837
112 912
112 913
112 950
113 121
113 650
114 151
114 264
114 430
114 691
115 177
115 250
115 321
115 436
116 255
116 293
116 423
116 559
116 632
116 805
116 827
116 864
116 954
117 126
117 142
117 304
117 515
117 595
117 660
117 751
118 670
118 850
119 190
119 671
119 743
120 285
120 305
120 576
120 684
121 185
121 198
121 347
121 365
121 383
121 439
121 523
121 608
121 611
121 636
121 818
121 884
123 135
123 325
123 386
123 791
124 163
124 239
124 524
124 805
124 932
125 387
125 530
125 590
125 643
125 872
127 149
127 377
127 752
127 940
127 968
128 187
128 193
128 564
128 629
129 145
129 148
129 186
129 314
129 347
129 349
129 362
129 387
129 427
129 462
129 767
129 969
130 627
130 662
130 979
131 183
131 234
131 381
131 473
131 495
131 762
131 767
131 768
132 176
132 243
132 534
132 641
132 686
132 758
132 911
132 989
133 174
133 314
133 367
133 791
133 881
134 153
134 239
134 280
134 298
134 325
134 412
134 434
134 616
134 687
134 787
135 173
135 489
135 553
135 664
135 689
135 745
135 853
136 199
136 215
136 224
136 310
136 483
136 527
136 628
137 184
137 232
137 311
137 437
137 602
137 729
137 763
137 795
138 152
138 237
138 267
138 443
138 503
138 632
139 162
139 458
139 960
140 448
140 809
141 146
141 164
141 198
141 219
141 341
141 606
141 607
141 690
141 892
142 580
143 327
144 155
144 174
144 192
144 300
144 364
144 603
144 645
144 822
144 898
144 929
144 936
144 942
145 241
145 593
146 488
146 502
146 520
146 586
146 587
146 639
146 877
147 528
147 599
148 165
148 230
148 348
148 588
148 942
148 943
149 186
149 299
150 205
150 272
150 302
150 492
150 515
150 667
150 735
150 985
151 160
151 222
151 233
151 670
151 930
151 962
151 982
152 231
152 251
152 271
152 588
153 407
153 974
154 346
154 390
154 511
154 708
154 732
154 832
154 900
154 923
155 253
155 281
155 283
155 301
155 326
155 433
155 584
155 661
155 873
155 915
156 411
156 437
156 473
156 623
156 765
156 979
157 806
157 855
158 169
158 447
158 742
158 953
159 371
160 214
160 496
160 605
161 414
161 744
162 228
162 258
162 689
162 704
163 179
163 823
163 948
164 414
164 764
165 220
165 327
165 460
165 547
165 685
165 695
165 860
165 916
165 936
165 995
166 701
166 710
167 219
167 493
167 504
167 962
168 899
169 181
169 248
169 810
170 314
170 322
171 250
171 435
171 569
172 269
173 177
174 284
174 303
174 580
174 730
174 790
175 585
176 406
176 441
176 467
176 895
177 188
177 216
177 413
177 425
177 501
178 245
178 370
178 536
178 650
178 666
178 715
178 922
179 243
179 286
179 354
179 822
180 266
180 729
180 818
181 200
181 218
181 240
181 566
181 707
181 860
182 234
182 288
182 318
182 351
182 582
182 934
183 575
183 978
184 227
184 310
184 632
184 657
184 740
184 767
184 904
186 476
186 579
186 601
186 894
187 316
187 560
187 697
188 360
188 977
189 208
189 274
189 307
189 378
189 380
189 391
189 466
189 470
189 563
189 577
189 745
189 959
189 993
190 427
190 461
190 554
192 296
192 312
192 894
193 712
193 831
195 258
195 565
195 582
196 215
196 254
197 368
197 382
197 859
198 289
198 355
198 516
198 529
198 763
198 886
198 946
199 211
199 225
199 229
199 276
199 760
199 823
200 245
200 359
200 839
201 342
201 357
201 377
201 497
201 498
201 510
201 630
201 639
201 842
202 338
202 361
202 405
202 841
203 611
204 653
205 332
205 490
205 980
206 312
206 357
206 404
206 417
206 422
206 436
206 530
206 552
206 696
206 751
206 996
207 252
207 369
207 428
207 456
207 841
208 747
208 861
209 451
209 916
209 948
210 376
210 438
210 696
210 952
211 226
211 233
211 234
211 353
211 370
211 400
211 419
211 858
211 963
212 472
213 343
213 429
213 520
213 634
214 833
215 237
215 578
215 835
215 953
216 265
216 323
216 626
217 669
217 802
218 491
218 781
218 829
219 251
219 568
219 827
220 263
220 291
220 481
220 903
220 947
221 256
221 499
221 540
222 629
222 838
223 363
223 542
223 581
224 613
224 792
225 253
225 667
225 824
225 914
228 569
230 484
231 358
231 482
231 581
231 792
231 973
231 994
232 322
232 418
233 346
233 890
234 278
234 289
234 348
234 480
235 297
235 390
235 476
235 561
235 612
235 731
235 798
235 852
235 880
236 756
237 242
237 277
237 305
237 386
237 759
237 974
238 313
238 379
238 458
238 710
238 843
239 315
241 247
241 261
241 447
241 645
241 647
242 258
242 308
242 451
242 685
242 717
243 463
243 565
243 812
243 936
244 351
244 723
244 804
244 884
244 980
245 336
245 364
245 778
245 862
246 429
247 321
247 486
247 557
247 633
247 750
248 750
248 798
250 336
250 536
251 693
251 851
252 340
252 432
252 448
252 676
252 695
252 883
253 519
254 369
254 496
254 531
256 278
256 351
256 558
256 613
256 692
256 852
256 859
258 317
258 439
258 545
258 887
259 402
259 529
259 794
260 262
260 517
260 601
260 724
260 775
261 285
261 438
263 403
264 404
266 673
266 906
267 533
267 568
267 961
268 643
268 676
268 683
269 922
270 287
270 387
270 757
270 818
270 870
271 363
271 430
272 489
272 650
273 335
273 367
273 372
273 578
273 618
273 962
274 282
274 371
274 620
274 730
275 290
275 558
276 374
276 468
276 921
277 501
277 521
277 851
278 574
278 775
278 830
278 837
278 901
279 738
280 800
280 820
281 599
283 288
283 329
283 410
283 416
283 523
283 706
283 863
284 385
284 423
285 578
286 449
286 486
286 520
286 624
286 713
286 809
287 924
288 332
288 640
288 917
289 455
289 702
290 465
290 660
290 999
291 350
291 682
292 647
295 318
295 372
295 424
295 482
295 541
296 393
296 815
296 921
297 459
297 651
298 528
298 751
298 964
300 452
300 799
301 348
301 353
301 658
301 772
301 903
303 521
303 566
303 570
303 785
304 415
304 604
304 726
305 340
305 411
306 328
306 346
306 358
306 364
306 474
306 483
306 545
306 602
306 646
306 672
306 705
306 725
306 736
306 764
306 817
306 887
307 755
307 799
308 481
308 713
308 722
308 811
308 965
309 883
309 895
310 383
311 587
311 928
312 527
313 368
313 522
313 862
314 403
315 339
315 381
315 956
317 359
317 401
317 525
317 721
317 875
318 525
320 384
320 406
320 452
320 967
321 543
323 539
325 420
325 994
326 590
329 854
329 943
330 441
330 555
330 698
331 345
332 418
332 542
332 598
332 804
332 835
333 748
335 506
335 512
336 492
336 738
336 929
337 391
337 867
337 897
340 450
341 641
341 748
341 813
341 905
342 537
342 691
345 362
345 468
345 554
347 437
347 475
347 889
349 779
350 685
353 785
353 890
354 550
355 382
356 766
356 971
357 539
357 955
358 415
358 548
358 558
358 742
360 776
360 857
361 405
361 445
362 438
362 491
363 668
364 638
365 504
365 581
365 701
365 845
366 941
366 942
367 375
367 445
367 492
367 518
367 657
367 911
368 441
368 453
368 475
368 566
368 627
368 629
368 753
368 865
368 866
368 960
368 967
369 863
370 571
371 538
372 681
372 806
372 874
373 987
374 444
375 516
376 576
378 475
378 634
379 741
380 388
380 651
380 656
381 514
381 849
381 948
383 961
384 389
384 571
384 614
384 821
384 903
385 813
386 408
386 624
386 635
386 998
387 395
389 557
390 515
390 615
390 640
390 674
390 826
391 397
391 446
391 644
391 730
391 861
391 918
391 927
393 882
393 994
394 433
394 641
394 678
394 792
394 850
394 895
394 920
394 987
395 609
395 908
397 718
397 867
398 461
399 703
400 431
400 991
402 909
403 462
404 534
404 668
404 914
407 904
408 503
408 969
410 786
411 421
411 456
411 845
411 924
412 499
412 567
412 631
412 956
413 779
414 787
416 530
416 622
416 932
417 869
419 455
421 943
422 908
423 737
424 712
425 788
426 442
426 494
426 756
426 794
426 888
426 999
428 961
428 988
430 490
431 848
435 454
436 693
436 930
440 505
440 825
447 921
449 453
449 695
450 543
450 574
451 594
451 779
452 679
453 547
455 794
456 644
456 970
456 991
458 915
460 597
460 771
462 495
462 728
465 796
466 654
467 487
467 874
468 540
469 518
469 582
469 594
469 777
469 836
474 518
474 676
474 718
474 928
474 995
477 506
477 544
478 508
478 647
478 750
478 757
479 673
479 710
479 712
480 541
480 964
481 565
481 580
482 664
482 669
482 945
485 853
487 713
487 848
488 524
488 572
488 573
488 619
488 725
489 612
491 938
493 933
494 810
495 782
495 849
496 610
496 746
497 861
498 621
500 635
500 678
500 776
501 561
502 931
502 998
506 749
506 975
506 986
507 615
507 648
507 838
507 852
508 956
510 551
510 591
512 577
514 626
516 540
516 671
517 649
517 711
517 833
520 732
521 573
521 625
521 706
521 824
522 626
522 651
522 984
523 684
527 598
527 670
527 721
527 835
527 959
528 531
528 579
528 615
528 926
530 608
530 702
532 556
532 725
533 539
533 957
537 711
537 756
540 775
541 814
542 781
547 649
548 719
548 832
548 981
549 950
549 954
551 607
551 716
551 723
551 793
551 979
552 996
553 592
553 680
553 981
555 791
555 985
557 844
558 655
558 736
558 887
559 595
559 986
561 711
562 583
562 810
562 919
562 941
562 951
565 642
565 714
566 628
566 652
567 592
567 642
567 727
567 805
568 889
569 667
570 839
571 902
572 679
572 934
573 640
574 816
574 880
575 811
575 952
576 866
577 740
577 844
578 702
583 770
584 889
586 891
586 926
587 842
588 619
590 808
591 675
592 622
592 642
593 947
595 736
595 784
596 744
597 666
598 774
598 786
599 714
600 993
602 691
602 849
602 983
603 604
604 655
604 912
607 827
612 665
615 885
616 635
616 743
616 828
616 876
616 884
617 826
621 709
622 688
622 829
623 658
624 692
624 972
625 759
625 973
626 722
626 955
627 688
627 984
631 687
631 721
631 817
632 741
632 771
632 777
632 868
634 886
636 916
638 914
645 769
650 819
651 664
651 681
653 654
653 876
655 950
656 658
657 872
658 947
659 821
659 930
659 937
660 665
664 875
666 768
666 917
667 797
668 768
672 795
672 843
672 905
675 707
676 858
676 972
678 978
680 788
681 769
687 978
690 826
690 876
693 898
694 705
696 773
698 783
699 705
701 822
703 968
703 970
704 837
705 987
707 773
708 886
717 901
718 755
718 873
721 752
721 878
722 922
723 871
726 913
731 965
733 738
733 813
734 742
736 949
748 946
752 804
754 949
755 952
757 815
758 795
761 774
761 830
761 868
761 899
763 816
763 874
763 890
765 958
769 776
778 974
779 982
783 825
783 870
783 966
786 920
789 790
789 944
790 983
793 932
794 830
794 997
796 807
797 857
803 869
808 851
812 855
824 939
827 893
827 935
837 918
839 900
842 997
850 933
850 951
855 907
858 883
865 938
872 990
879 896
889 912
893 928
893 931
895 944
896 919
897 999
903 939
904 917
907 939
916 988
936 965
937 976
950 988
