0 1
0 2
0 3
0 4
0 5
0 8
0 9
0 10
0 12
0 13
0 16
0 18
0 19
0 20
0 25
0 27
0 28
0 29
0 30
0 31
0 36
0 43
0 44
0 46
0 49
0 50
0 54
0 55
0 56
0 58
0 91
0 97
0 103
0 119
0 121
0 124
0 127
0 131
0 143
0 144
0 156
0 162
0 170
0 183
0 189
0 198
0 203
0 209
0 219
0 225
0 232
0 241
0 252
0 254
0 255
0 261
0 262
0 274
0 282
0 288
0 295
0 311
0 338
0 351
0 363
0 372
0 385
0 386
0 393
0 403
0 418
0 454
0 455
0 459
0 463
0 476
0 514
0 516
0 526
0 557
0 559
0 565
0 575
0 592
0 595
0 610
0 612
0 634
0 703
0 777
0 779
0 805
0 853
0 854
0 874
0 879
0 934
1 2
1 3
1 4
1 8
1 14
1 15
1 40
1 54
1 56
1 72
1 77
1 93
1 155
1 181
1 195
1 213
1 215
1 237
1 242
1 262
1 266
1 306
1 313
1 324
1 333
1 348
1 361
1 367
1 481
1 587
1 769
1 775
1 811
1 821
1 835
1 840
1 855
1 901
1 964
2 3
2 5
2 6
2 9
2 10
2 11
2 15
2 16
2 17
2 18
2 20
2 23
2 32
2 37
2 52
2 55
2 59
2 64
2 69
2 71
2 77
2 79
2 88
2 89
2 92
2 93
2 104
2 117
2 135
2 136
2 137
2 138
2 147
2 162
2 173
2 175
2 177
2 201
2 209
2 213
2 229
2 234
2 248
2 268
2 272
2 283
2 287
2 309
2 329
2 335
2 336
2 340
2 354
2 361
2 374
2 408
2 445
2 474
2 491
2 503
2 512
2 517
2 519
2 537
2 540
2 546
2 578
2 615
2 623
2 648
2 651
2 653
2 657
2 660
2 679
2 721
2 767
2 770
2 778
2 797
2 859
2 876
2 884
2 895
2 914
2 938
2 999
3 4
3 5
3 6
3 7
3 10
3 12
3 17
3 19
3 32
3 38
3 39
3 62
3 69
3 70
3 75
3 84
3 97
3 102
3 135
3 140
3 151
3 157
3 167
3 174
3 194
3 197
3 217
3 227
3 242
3 251
3 258
3 267
3 286
3 315
3 377
3 379
3 391
3 419
3 425
3 433
3 434
3 435
3 466
3 479
3 484
3 489
3 501
3 537
3 542
3 556
3 560
3 576
3 598
3 632
3 637
3 660
3 663
3 686
3 696
3 706
3 719
3 726
3 743
3 745
3 789
3 792
3 841
3 880
3 906
3 953
3 967
4 7
4 9
4 11
4 12
4 19
4 33
4 46
4 58
4 60
4 62
4 109
4 122
4 132
4 134
4 146
4 156
4 168
4 194
4 262
4 267
4 271
4 284
4 299
4 353
4 380
4 395
4 492
4 512
4 557
4 631
4 633
4 664
4 671
4 742
4 754
4 784
4 797
4 827
4 837
4 871
4 882
4 918
4 972
4 980
4 982
5 6
5 7
5 13
5 22
5 25
5 26
5 27
5 35
5 40
5 43
5 65
5 78
5 81
5 83
5 95
5 98
5 115
5 118
5 142
5 151
5 157
5 180
5 181
5 196
5 209
5 219
5 221
5 234
5 243
5 320
5 343
5 370
5 374
5 384
5 394
5 469
5 507
5 521
5 525
5 544
5 594
5 661
5 673
5 678
5 710
5 713
5 723
5 838
5 854
5 921
5 963
5 969
5 973
5 990
6 8
6 22
6 24
6 30
6 38
6 57
6 210
6 211
6 215
6 277
6 410
6 549
6 583
6 584
6 604
6 716
6 722
6 817
6 892
6 897
6 943
6 969
7 21
7 35
7 61
7 71
7 100
7 110
7 214
7 252
7 281
7 393
7 559
7 708
7 920
7 950
7 992
8 11
8 15
8 28
8 39
8 45
8 50
8 53
8 80
8 81
8 90
8 126
8 134
8 173
8 192
8 200
8 205
8 220
8 225
8 227
8 243
8 245
8 255
8 263
8 320
8 394
8 415
8 421
8 432
8 451
8 529
8 546
8 620
8 624
8 640
8 709
8 814
8 874
8 906
8 911
8 920
9 14
9 17
9 18
9 20
9 27
9 28
9 30
9 36
9 44
9 52
9 60
9 70
9 85
9 87
9 99
9 114
9 116
9 129
9 139
9 174
9 176
9 200
9 204
9 217
9 240
9 311
9 319
9 321
9 332
9 380
9 384
9 422
9 433
9 483
9 486
9 511
9 514
9 573
9 592
9 632
9 661
9 726
9 772
9 816
9 831
9 867
9 885
9 975
9 998
10 13
10 33
10 44
10 57
10 59
10 60
10 175
10 188
10 206
10 218
10 296
10 334
10 458
10 527
10 621
10 654
10 664
10 676
10 743
10 766
10 903
11 167
11 171
11 177
11 185
11 249
11 340
11 476
11 557
11 605
11 646
11 974
12 21
12 32
12 40
12 41
12 61
12 64
12 73
12 107
12 149
12 216
12 250
12 263
12 264
12 269
12 291
12 369
12 377
12 405
12 450
12 493
12 534
12 617
12 712
13 14
13 23
13 33
13 38
13 45
13 48
13 56
13 63
13 65
13 67
13 76
13 88
13 111
13 176
13 184
13 212
13 250
13 273
13 290
13 299
13 310
13 331
13 337
13 358
13 385
13 387
13 439
13 448
13 449
13 470
13 472
13 508
13 538
13 545
13 571
13 640
13 667
13 668
13 740
13 768
13 771
13 785
13 792
13 843
13 885
13 911
13 951
13 965
13 987
14 16
14 29
14 31
14 55
14 66
14 67
14 86
14 91
14 102
14 152
14 191
14 248
14 307
14 334
14 342
14 357
14 368
14 415
14 438
14 457
14 478
14 498
14 510
14 550
14 593
14 595
14 684
14 776
14 854
14 944
14 978
15 25
15 135
15 251
15 500
16 24
16 26
16 65
16 121
16 133
16 154
16 174
16 176
16 188
16 210
16 239
16 277
16 389
16 419
16 433
16 521
16 535
16 537
16 580
16 644
16 677
16 706
16 743
16 850
16 889
17 46
17 71
17 73
17 107
17 162
17 203
17 287
17 467
17 564
17 570
17 690
17 730
17 760
17 808
17 914
17 981
18 21
18 24
18 26
18 34
18 42
18 67
18 74
18 75
18 94
18 99
18 105
18 110
18 155
18 159
18 160
18 168
18 222
18 226
18 252
18 276
18 283
18 453
18 461
18 488
18 497
18 499
18 528
18 609
18 631
18 692
18 801
18 812
18 904
19 41
19 47
19 89
19 126
19 127
19 145
19 165
19 216
19 292
19 314
19 330
19 334
19 345
19 420
19 440
19 500
19 566
19 725
19 761
19 849
19 961
20 22
20 23
20 31
20 36
20 37
20 45
20 76
20 85
20 94
20 95
20 110
20 113
20 128
20 134
20 150
20 171
20 179
20 282
20 368
20 452
20 486
20 490
20 532
20 552
20 581
20 635
20 694
20 752
20 771
20 788
20 810
20 832
20 989
20 990
21 42
21 53
21 63
21 100
21 153
21 245
21 302
21 344
21 437
21 480
21 510
21 597
21 630
21 659
21 753
21 760
21 839
22 37
22 54
22 79
22 80
22 130
22 161
22 169
22 221
22 270
22 297
22 356
22 509
22 692
22 723
23 43
23 52
23 73
23 150
23 238
23 407
23 470
23 493
23 606
24 34
24 58
24 161
24 191
24 233
24 238
24 325
24 346
24 954
25 72
25 105
25 118
25 164
25 166
25 185
25 211
25 270
25 344
25 359
25 361
25 363
25 390
25 403
25 582
25 667
25 845
25 870
25 880
25 950
26 29
26 39
26 48
26 84
26 113
26 122
26 144
26 145
26 173
26 184
26 191
26 192
26 313
26 318
26 447
26 491
26 531
26 541
26 811
26 856
26 931
26 959
27 35
27 41
27 50
27 51
27 150
27 307
27 327
27 373
27 413
27 672
27 679
27 713
27 799
27 998
28 42
28 47
28 77
28 94
28 98
28 111
28 112
28 141
28 143
28 147
28 199
28 244
28 273
28 327
28 331
28 348
28 365
28 437
28 477
28 550
28 578
28 652
28 669
28 714
28 745
28 760
28 793
28 824
28 897
28 915
28 929
28 942
28 989
29 53
29 189
29 231
29 327
29 328
29 584
29 613
29 626
29 688
30 68
30 244
30 266
30 348
30 382
30 428
30 444
30 494
30 767
30 904
31 34
31 158
31 198
31 225
31 266
31 281
31 293
31 352
31 358
31 367
31 409
31 461
31 807
31 829
31 863
31 865
32 51
32 96
32 101
32 123
32 138
32 207
32 228
32 275
32 504
32 518
32 616
32 720
32 752
32 956
33 49
33 78
33 116
33 260
33 296
33 406
33 513
33 573
33 626
33 730
33 833
33 884
33 897
33 969
34 74
34 154
34 178
34 218
34 254
34 432
34 475
34 520
35 61
35 90
35 92
35 101
35 115
35 139
35 170
35 268
35 292
35 455
35 479
35 605
35 681
35 731
35 818
35 983
36 47
36 163
36 218
36 300
36 328
36 341
36 406
36 518
36 702
36 954
37 66
37 68
37 186
37 498
38 64
38 172
38 175
38 468
38 502
38 724
39 57
39 78
39 82
39 141
39 148
39 163
39 324
39 325
39 390
39 419
39 436
39 439
39 539
39 665
39 741
39 746
39 774
39 782
39 814
40 48
40 96
40 108
40 125
40 133
40 221
40 258
40 326
40 341
40 401
40 435
40 532
40 646
40 672
40 827
40 860
40 912
40 984
41 142
41 235
41 358
41 359
41 404
41 848
41 997
42 112
42 345
42 522
42 614
42 804
42 936
43 111
43 207
43 330
43 475
43 928
44 172
44 286
44 287
44 577
44 622
45 49
45 62
45 66
45 70
45 72
45 79
45 82
45 97
45 113
45 119
45 124
45 248
45 265
45 294
45 356
45 369
45 393
45 477
45 515
45 534
45 580
45 587
45 590
45 657
45 697
45 711
45 733
45 748
45 793
45 813
45 919
45 993
46 51
46 98
46 103
46 153
46 170
46 430
46 605
47 75
47 131
47 190
47 230
47 316
47 559
47 665
47 689
47 757
47 759
47 958
48 76
48 106
48 147
48 202
48 698
48 768
49 92
49 101
49 103
49 130
49 152
49 186
49 210
49 602
49 651
49 712
49 762
50 119
50 314
50 543
50 761
50 827
50 945
50 950
51 59
51 108
51 120
51 503
51 747
51 776
51 876
51 928
52 74
52 118
52 132
52 157
52 293
52 491
52 562
52 826
53 63
53 69
53 80
53 85
53 87
53 133
53 144
53 146
53 178
53 195
53 196
53 230
53 236
53 237
53 241
53 285
53 296
53 364
53 367
53 437
53 446
53 451
53 452
53 462
53 572
53 628
53 878
53 893
53 989
54 84
54 137
54 199
54 381
54 425
54 426
54 562
54 789
54 795
54 995
55 123
55 177
55 289
55 342
55 514
55 558
55 775
55 784
55 899
56 96
56 146
56 205
56 246
56 325
56 376
56 502
56 828
57 104
57 293
57 347
57 442
57 528
57 538
57 642
58 114
58 130
58 321
58 544
58 577
58 665
58 697
58 753
58 813
58 814
58 889
58 962
58 963
59 109
59 159
59 212
59 224
59 400
59 428
59 573
59 576
59 666
59 691
59 718
59 804
60 154
60 306
60 351
60 362
60 373
60 388
60 402
60 460
60 586
60 728
60 769
60 846
60 933
61 351
62 166
62 495
63 105
63 168
63 477
63 691
63 796
63 856
63 907
63 927
64 83
64 116
64 126
64 142
64 213
64 222
64 256
64 259
64 566
64 630
64 773
64 912
65 240
65 285
65 310
65 450
65 466
65 908
66 68
66 456
66 523
66 699
67 82
67 148
67 185
67 231
67 421
67 881
68 229
68 373
68 394
68 395
68 576
68 736
68 917
70 214
70 563
70 604
71 155
71 204
71 840
71 962
72 93
73 81
73 86
73 104
73 107
73 114
73 145
73 246
73 260
73 291
73 305
73 370
73 443
73 566
73 588
73 591
73 681
73 690
73 947
74 83
74 87
74 88
74 91
74 203
74 211
74 235
74 299
74 370
74 458
74 560
74 580
74 742
74 823
74 937
75 122
75 125
75 158
75 212
75 308
75 324
75 422
75 426
75 585
75 664
76 99
76 454
76 866
76 994
77 509
78 86
78 117
78 263
78 530
78 682
79 112
79 166
79 180
79 290
79 354
80 183
80 257
80 628
80 651
80 737
80 779
81 159
81 280
81 627
81 708
81 797
82 229
82 231
82 291
82 329
82 490
82 492
82 531
82 561
82 985
83 106
83 109
83 117
83 189
83 220
83 230
83 398
83 417
83 501
83 534
83 612
83 779
83 841
83 882
83 960
84 253
84 413
84 709
84 889
84 931
85 179
85 184
85 250
85 298
85 317
85 460
85 474
85 976
85 991
86 89
86 200
86 284
86 329
86 442
86 822
86 919
87 95
87 120
87 125
87 128
87 129
87 187
87 193
87 197
87 274
87 276
87 339
87 390
87 625
87 891
87 894
88 90
88 106
88 149
88 275
88 520
88 570
88 758
88 788
88 983
89 193
89 228
89 249
89 265
89 693
89 777
89 786
89 983
90 115
90 123
90 124
90 129
90 140
90 179
90 317
90 556
90 601
90 653
91 136
91 169
91 182
91 201
91 535
91 578
91 892
92 102
92 131
92 153
92 222
92 307
92 445
92 521
92 586
92 622
92 842
92 869
93 182
93 544
94 645
94 953
95 121
95 182
95 226
95 260
95 281
95 336
95 427
95 526
95 685
95 716
95 876
95 883
95 900
95 920
96 244
96 256
96 656
96 737
96 937
97 337
97 547
97 614
97 869
97 985
98 100
98 167
98 302
98 416
98 430
98 431
98 447
98 464
98 669
98 687
98 712
98 860
99 339
99 638
100 219
100 524
100 680
100 688
100 765
100 951
101 236
101 288
101 446
101 674
101 724
101 879
101 892
102 197
102 253
103 136
103 140
103 273
103 279
103 449
103 471
103 587
103 738
103 848
104 128
104 206
104 411
104 451
104 470
104 554
104 791
104 843
104 853
104 964
105 108
105 207
105 234
105 984
106 312
106 356
106 427
106 522
106 542
106 595
106 649
106 780
106 915
107 321
107 420
109 749
110 729
110 735
110 903
111 622
112 156
112 223
112 277
112 336
112 415
112 438
112 495
112 734
112 766
112 768
112 923
112 947
113 120
113 186
113 409
113 530
113 632
113 706
114 194
114 877
115 132
115 151
115 158
115 164
115 181
115 233
115 272
115 382
115 463
115 511
115 543
115 574
115 579
115 781
115 805
116 208
116 355
116 524
117 137
117 148
117 294
117 715
117 879
117 972
118 198
118 251
118 322
118 389
118 629
118 676
118 730
118 991
119 240
119 259
119 369
119 378
119 402
119 572
119 898
120 139
120 163
120 233
120 274
120 360
120 431
120 469
120 572
120 611
120 670
120 733
120 777
120 801
120 874
120 990
121 239
121 457
121 553
121 569
121 890
122 224
122 333
122 699
122 783
122 932
122 986
123 193
123 257
123 294
123 599
123 663
124 127
124 349
124 416
124 539
124 698
125 224
125 269
125 303
125 330
125 360
125 443
125 558
125 687
125 739
125 834
126 172
126 472
126 485
126 620
126 905
127 141
127 149
127 152
127 161
127 165
127 378
127 420
127 746
127 790
127 893
127 935
127 973
128 171
128 407
128 412
128 552
128 731
129 220
129 341
129 372
129 375
129 629
129 647
129 809
129 939
130 223
130 432
130 498
130 853
130 901
130 997
131 450
131 487
133 271
133 515
133 558
133 791
134 138
134 247
134 309
134 317
134 569
134 667
134 682
134 818
134 840
135 238
135 389
136 143
136 269
136 380
136 412
137 272
137 285
137 289
137 383
137 400
137 416
137 465
137 695
138 164
138 232
138 316
138 396
138 397
138 512
138 693
138 759
138 778
138 802
138 864
139 169
139 192
139 242
139 386
139 493
139 633
139 646
139 685
139 765
140 391
140 552
140 621
141 160
141 339
141 352
141 430
142 886
142 918
143 423
143 545
143 858
143 978
144 208
144 562
145 160
145 314
145 488
146 228
146 300
146 643
146 796
147 202
147 346
147 687
147 807
147 995
148 178
148 435
148 504
148 549
148 583
148 641
148 776
148 890
149 323
149 441
150 196
150 247
150 379
150 505
150 988
151 319
151 424
151 731
151 963
152 199
152 288
152 335
152 442
152 702
152 728
152 770
152 857
152 966
152 982
152 999
153 438
153 647
154 195
154 298
154 303
154 426
154 617
154 634
155 241
155 338
155 411
155 695
155 759
155 994
156 899
156 977
157 183
157 187
157 190
157 239
157 280
157 397
157 401
157 561
157 606
157 795
157 970
159 315
159 350
159 365
159 454
159 531
159 652
159 832
160 473
161 188
161 305
161 705
161 721
161 926
162 165
162 232
162 319
162 596
162 906
163 190
163 235
163 270
163 345
163 354
163 406
163 702
163 762
163 852
164 247
164 388
164 565
164 590
164 872
165 201
165 275
165 481
166 428
166 838
167 180
167 280
167 601
167 602
168 340
168 381
168 635
168 637
168 700
168 756
168 793
169 364
169 485
169 506
170 237
171 304
171 368
171 677
171 817
172 487
172 528
172 786
172 933
173 347
173 375
173 378
173 401
173 749
173 803
174 649
175 217
175 399
175 604
177 308
177 462
177 787
177 870
177 975
178 279
178 379
178 448
178 761
178 980
178 995
179 215
179 246
179 381
179 476
179 902
179 994
180 385
180 482
180 547
180 694
180 956
181 187
181 335
182 418
182 478
182 949
183 312
183 487
183 522
183 767
184 227
184 295
184 343
184 352
184 360
184 377
184 448
184 603
184 642
184 748
184 942
184 962
186 223
186 236
187 202
187 315
187 411
187 597
188 204
188 349
188 532
188 546
188 738
188 982
189 673
190 276
190 527
190 836
191 214
191 645
191 652
191 934
192 206
192 338
193 278
193 286
193 333
193 488
193 714
193 891
194 785
194 986
195 205
195 594
195 959
196 302
196 350
196 359
196 372
196 465
196 547
196 568
196 724
196 944
197 208
197 284
197 318
197 503
198 781
199 698
199 734
200 332
200 365
200 517
200 723
200 936
201 278
201 320
201 363
201 460
201 583
201 623
201 704
201 755
202 396
203 257
203 264
203 346
203 362
203 399
203 513
203 601
204 226
204 455
204 689
205 553
206 501
206 555
206 564
206 782
207 216
207 425
207 473
207 484
207 581
207 588
208 344
208 383
210 388
210 519
210 656
210 660
210 794
210 837
210 844
210 870
210 967
211 593
211 808
213 256
213 465
213 539
213 721
213 925
214 254
215 278
215 342
215 431
215 551
215 998
216 404
216 409
216 916
216 940
217 412
217 624
217 653
218 621
218 823
219 245
219 295
219 533
219 748
219 750
219 757
220 306
220 326
220 536
220 588
220 639
220 805
220 852
220 899
221 366
221 523
221 836
222 243
222 374
222 751
223 668
223 820
224 271
224 383
224 482
224 571
224 608
224 613
224 672
224 945
224 993
225 568
225 619
226 375
226 765
227 627
227 878
228 472
229 718
229 957
230 881
232 265
232 395
232 414
232 499
232 519
232 541
232 598
232 603
232 978
233 267
233 929
234 323
234 449
234 584
234 775
234 801
234 852
236 780
237 268
237 904
238 739
238 887
239 313
239 957
240 258
240 298
240 405
240 489
240 565
241 253
241 255
241 473
241 612
241 662
241 873
242 289
242 499
242 517
242 527
242 688
242 936
243 392
243 574
243 732
244 355
244 494
244 786
244 907
245 623
245 971
246 693
247 249
247 259
247 261
247 312
247 357
247 459
247 478
247 484
247 589
247 650
247 719
247 789
247 806
247 933
248 529
248 930
249 283
249 332
249 561
249 636
249 641
251 261
251 303
251 397
251 628
255 436
255 701
255 715
256 318
256 347
256 574
256 630
257 423
257 772
258 304
258 463
258 619
258 763
258 830
258 868
258 991
259 279
259 297
259 309
259 556
259 701
259 756
260 386
260 952
261 264
261 300
261 398
261 407
261 639
261 669
261 699
262 680
263 371
264 301
264 304
264 555
264 927
264 975
265 323
265 953
265 958
266 513
266 636
266 818
266 842
266 942
267 311
267 443
267 516
267 701
267 965
268 364
268 848
268 946
269 414
269 849
270 297
270 316
270 353
270 414
270 429
270 560
270 598
270 758
270 822
270 836
270 865
271 497
271 545
271 740
271 762
271 782
272 754
273 326
274 398
274 676
275 585
275 645
275 719
275 864
276 607
276 798
277 399
277 647
278 282
278 290
278 292
278 410
278 427
278 452
278 618
278 796
279 496
279 611
280 301
280 421
280 611
280 668
280 704
280 917
281 350
281 525
281 849
282 305
282 502
282 666
283 469
284 417
284 424
284 643
284 659
285 308
285 440
285 464
285 700
285 828
285 850
286 445
286 520
286 553
286 581
286 847
287 384
287 387
287 417
287 695
287 703
287 790
289 882
290 523
290 563
290 795
290 934
290 977
292 408
292 453
293 353
293 355
293 391
295 301
295 331
295 496
295 506
295 678
295 736
295 780
295 800
295 815
296 400
297 717
298 564
298 680
298 923
299 310
299 357
299 392
299 626
299 709
299 861
299 972
302 404
302 405
302 466
302 770
303 496
303 683
304 382
304 589
304 599
304 791
304 816
305 371
305 453
305 662
305 755
305 855
306 480
306 710
308 408
308 526
308 550
309 402
310 413
310 641
310 735
310 850
311 322
311 366
311 482
311 554
311 650
311 751
311 822
311 824
311 834
311 970
311 999
312 322
313 403
313 671
313 821
315 396
316 596
317 343
317 830
317 859
317 896
317 955
318 459
318 579
318 939
319 423
319 483
319 516
319 678
320 337
321 923
322 707
322 808
322 862
322 960
323 328
323 376
323 635
324 690
324 811
325 618
325 644
326 349
327 441
327 456
327 738
327 871
329 387
330 362
330 440
330 582
330 607
330 862
330 905
330 924
331 505
332 524
332 732
333 922
335 376
335 471
336 533
337 754
338 606
338 625
338 773
338 885
339 441
339 887
340 515
340 752
341 938
342 447
344 456
344 751
345 529
345 600
347 675
349 480
349 638
350 824
351 943
353 462
355 679
356 694
356 799
357 944
358 371
358 410
358 464
358 608
358 615
358 929
358 985
359 538
360 366
360 392
360 570
360 783
361 593
361 844
362 816
363 634
363 996
364 536
364 835
365 675
365 717
365 845
366 954
367 826
368 868
369 971
369 984
370 436
370 536
371 468
371 510
372 418
372 858
373 913
374 444
374 720
375 474
376 883
377 458
377 591
377 727
377 729
378 563
379 506
379 739
380 582
381 771
381 846
383 744
384 507
384 616
386 905
387 429
387 481
387 670
387 707
387 711
387 758
388 444
388 910
389 907
390 494
390 722
390 749
391 636
392 609
395 492
395 930
396 658
396 700
396 817
397 471
399 434
399 616
399 798
401 509
401 540
401 551
401 784
402 799
402 916
403 422
403 489
403 591
403 877
403 911
403 997
404 490
404 625
405 886
406 569
408 603
409 610
409 902
410 495
410 548
410 554
410 683
410 735
410 802
410 812
410 820
410 826
410 913
411 812
412 600
413 756
413 800
413 833
414 429
414 728
415 434
415 896
415 913
415 952
418 624
418 815
419 424
419 446
420 485
421 806
422 504
422 505
422 511
422 804
423 640
423 689
424 579
424 895
425 774
430 872
431 530
431 542
431 875
432 439
433 887
433 894
434 497
434 683
437 461
437 479
438 916
439 633
439 692
439 696
440 745
440 992
441 809
441 847
441 968
442 684
442 704
442 819
443 483
443 575
443 661
444 540
444 568
445 508
445 643
446 543
446 737
447 627
448 500
448 555
448 741
448 937
448 958
448 959
449 567
449 794
450 475
451 662
451 846
451 866
452 908
454 457
454 468
454 742
455 467
455 525
455 803
455 813
456 548
457 575
457 703
460 541
461 656
461 914
463 548
463 764
463 783
464 486
464 597
464 869
464 977
464 988
465 713
465 862
466 467
466 778
467 716
467 981
468 508
468 518
468 726
468 981
469 708
470 921
472 649
472 935
473 615
473 711
473 961
474 590
474 671
477 674
480 908
481 585
481 900
481 940
482 594
482 763
482 964
483 753
485 567
485 856
485 957
487 617
487 618
487 844
488 589
488 924
489 631
490 736
491 637
491 903
493 507
493 592
493 644
493 674
493 922
495 642
496 533
496 705
496 860
496 895
497 837
497 839
497 845
499 900
500 945
501 842
503 841
503 863
504 638
506 740
507 864
509 890
510 549
512 902
513 607
514 941
516 696
517 988
519 955
520 648
522 725
522 747
522 888
522 949
523 613
524 657
525 909
526 602
526 686
526 881
529 535
529 567
529 577
529 697
529 803
529 910
530 757
532 608
532 794
532 807
534 705
535 952
536 732
537 829
537 947
538 659
542 819
543 734
543 930
544 655
544 872
544 940
547 898
548 859
548 941
550 551
550 858
553 596
553 722
554 673
554 727
555 835
555 888
555 898
555 912
555 926
557 707
557 744
560 600
560 629
560 810
563 586
563 825
563 873
565 571
568 772
569 819
570 821
572 639
574 773
574 820
575 663
575 769
576 609
576 610
577 619
578 787
579 599
580 655
581 878
582 893
583 979
585 815
585 851
586 658
591 654
594 755
598 927
599 682
599 798
599 992
600 750
603 710
605 620
605 685
605 744
606 802
606 951
607 675
607 715
608 946
609 926
611 684
611 968
612 747
613 614
613 714
613 830
613 931
616 654
616 851
617 650
617 774
617 857
617 925
618 670
619 787
619 809
621 965
622 686
623 847
624 681
624 868
625 677
625 967
626 729
626 987
628 764
629 666
629 932
631 909
634 691
641 648
642 733
642 925
643 655
643 658
643 831
643 966
644 855
645 996
646 833
647 888
649 717
650 875
650 918
651 996
653 948
653 987
657 886
660 863
663 741
664 828
666 961
670 750
670 825
672 966
673 800
674 766
678 725
678 884
682 746
682 865
682 939
684 720
685 785
685 790
686 915
689 979
690 857
698 843
700 763
701 866
702 831
702 871
703 921
704 919
707 928
708 718
710 823
710 861
713 974
714 883
715 829
716 968
716 993
718 948
720 825
720 932
724 727
727 946
731 970
735 792
738 917
742 839
745 781
747 788
747 806
747 922
752 867
756 764
760 956
762 834
763 960
765 861
775 810
782 986
789 955
797 838
802 891
803 949
804 832
806 973
808 901
811 851
813 875
814 948
821 943
830 867
835 971
839 979
844 938
846 896
847 894
849 909
850 974
855 880
856 877
858 935
859 873
866 980
884 941
886 924
904 910
916 976
972 976
