0 1
0 2
0 3
0 4
0 5
0 6
0 8
0 9
0 12
0 13
0 18
0 28
0 29
0 32
0 36
0 42
0 43
0 45
0 49
0 54
0 60
0 62
0 69
0 76
0 81
0 98
0 105
0 114
0 116
0 134
0 136
0 137
0 141
0 146
0 155
0 161
0 167
0 169
0 171
0 176
0 186
0 203
0 208
0 229
0 231
0 244
0 267
0 280
0 289
0 292
0 306
0 327
0 343
0 352
0 365
0 412
0 420
0 441
0 449
0 455
0 461
0 474
0 536
0 542
0 544
0 547
0 573
0 605
0 609
0 610
0 627
0 648
0 659
0 692
0 698
0 736
0 745
0 766
0 800
0 805
0 806
0 813
0 843
0 865
0 884
0 914
0 982
1 2
1 3
1 8
1 11
1 16
1 17
1 18
1 25
1 28
1 31
1 40
1 49
1 50
1 63
1 71
1 82
1 97
1 120
1 122
1 168
1 177
1 186
1 224
1 237
1 274
1 285
1 311
1 312
1 319
1 337
1 346
1 367
1 425
1 434
1 460
1 462
1 484
1 556
1 561
1 574
1 680
1 740
1 786
1 791
1 821
1 831
1 838
1 935
1 950
1 962
1 997
2 3
2 4
2 5
2 7
2 9
2 12
2 14
2 15
2 19
2 21
2 22
2 23
2 26
2 29
2 30
2 37
2 39
2 40
2 44
2 46
2 47
2 50
2 61
2 72
2 73
2 75
2 79
2 85
2 88
2 119
2 127
2 134
2 189
2 190
2 199
2 201
2 203
2 214
2 233
2 261
2 319
2 324
2 346
2 376
2 429
2 439
2 445
2 454
2 473
2 474
2 480
2 498
2 502
2 504
2 548
2 568
2 575
2 578
2 590
2 600
2 607
2 629
2 631
2 639
2 670
2 678
2 689
2 695
2 700
2 708
2 728
2 733
2 754
2 760
2 779
2 783
2 800
2 801
2 829
2 844
2 874
2 902
2 906
2 913
2 932
2 937
2 960
3 4
3 5
3 6
3 7
3 8
3 10
3 11
3 15
3 16
3 17
3 18
3 20
3 31
3 32
3 34
3 47
3 60
3 61
3 78
3 81
3 107
3 111
3 112
3 121
3 129
3 140
3 145
3 150
3 153
3 160
3 164
3 165
3 166
3 168
3 170
3 195
3 198
3 201
3 205
3 212
3 213
3 215
3 216
3 226
3 245
3 257
3 270
3 272
3 273
3 284
3 296
3 301
3 302
3 311
3 327
3 335
3 351
3 354
3 361
3 367
3 394
3 403
3 433
3 443
3 446
3 479
3 486
3 505
3 526
3 541
3 546
3 557
3 565
3 566
3 594
3 658
3 669
3 681
3 714
3 720
3 730
3 737
3 739
3 751
3 752
3 767
3 768
3 772
3 782
3 796
3 815
3 821
3 857
3 861
3 877
3 893
3 916
3 950
3 955
3 959
3 976
4 37
4 57
4 60
4 70
4 94
4 116
4 158
4 185
4 194
4 206
4 241
4 320
4 321
4 342
4 652
4 784
4 821
4 929
5 6
5 7
5 10
5 11
5 14
5 24
5 27
5 32
5 38
5 45
5 51
5 55
5 62
5 64
5 66
5 70
5 73
5 77
5 95
5 97
5 104
5 105
5 109
5 114
5 117
5 119
5 125
5 126
5 136
5 138
5 143
5 149
5 153
5 167
5 173
5 196
5 211
5 219
5 224
5 225
5 226
5 227
5 228
5 234
5 245
5 247
5 266
5 279
5 297
5 334
5 339
5 342
5 345
5 358
5 364
5 376
5 393
5 396
5 411
5 480
5 501
5 516
5 530
5 570
5 575
5 611
5 622
5 627
5 634
5 638
5 668
5 673
5 682
5 685
5 698
5 722
5 734
5 739
5 750
5 764
5 778
5 801
5 812
5 891
5 901
5 905
5 938
5 952
5 970
6 16
6 19
6 20
6 21
6 22
6 23
6 26
6 27
6 36
6 40
6 48
6 51
6 79
6 87
6 106
6 137
6 151
6 160
6 161
6 200
6 201
6 210
6 217
6 238
6 264
6 293
6 328
6 348
6 386
6 399
6 447
6 449
6 460
6 482
6 542
6 560
6 570
6 583
6 626
6 639
6 647
6 672
6 723
6 745
6 753
6 818
6 835
6 855
6 941
6 954
7 9
7 13
7 15
7 19
7 42
7 43
7 46
7 47
7 67
7 83
7 111
7 115
7 122
7 123
7 126
7 138
7 148
7 184
7 218
7 232
7 236
7 275
7 294
7 317
7 339
7 358
7 371
7 397
7 402
7 428
7 518
7 540
7 600
7 605
7 704
7 713
7 762
7 776
7 795
7 798
7 827
7 883
7 940
7 967
7 996
8 33
8 50
8 58
8 86
8 95
8 104
8 113
8 118
8 124
8 141
8 157
8 171
8 183
8 188
8 190
8 192
8 210
8 216
8 271
8 301
8 318
8 369
8 410
8 426
8 481
8 563
8 645
8 654
8 661
8 707
8 732
8 779
8 780
8 808
8 829
8 897
9 10
9 20
9 30
9 39
9 44
9 62
9 89
9 91
9 96
9 132
9 173
9 181
9 243
9 325
9 344
9 405
9 420
9 507
9 521
9 547
9 600
9 622
9 687
9 717
9 777
9 793
9 814
9 939
10 12
10 13
10 24
10 26
10 33
10 70
10 107
10 137
10 150
10 159
10 211
10 266
10 289
10 363
10 414
10 485
10 539
10 550
10 562
10 615
10 619
10 632
10 646
10 671
10 679
10 782
10 794
10 804
10 904
10 927
10 930
10 987
11 66
11 104
11 172
11 234
11 322
11 325
11 326
11 388
11 402
11 496
11 527
11 748
11 987
12 14
12 17
12 25
12 35
12 48
12 52
12 57
12 69
12 72
12 84
12 89
12 100
12 111
12 144
12 265
12 278
12 308
12 324
12 330
12 368
12 423
12 452
12 466
12 467
12 481
12 490
12 511
12 543
12 568
12 594
12 654
12 779
12 805
12 870
12 902
12 918
12 920
12 991
13 73
13 74
13 130
13 181
13 185
13 264
13 283
13 307
13 412
13 418
13 515
13 597
13 694
13 774
13 959
14 21
14 31
14 37
14 39
14 49
14 57
14 80
14 103
14 183
14 268
14 463
14 491
14 523
14 583
14 671
14 866
14 885
14 897
14 913
14 915
14 931
14 949
14 963
15 27
15 56
15 106
15 175
15 207
15 233
15 331
15 467
15 553
15 603
15 655
15 684
15 761
15 884
16 30
16 41
16 75
16 79
16 90
16 121
16 161
16 163
16 174
16 206
16 241
16 269
16 274
16 290
16 300
16 304
16 309
16 329
16 330
16 456
16 479
16 612
16 635
16 640
16 651
16 663
16 703
16 778
16 787
16 804
16 820
17 25
17 35
17 46
17 51
17 56
17 67
17 105
17 140
17 243
17 280
17 294
17 376
17 411
17 458
17 567
17 618
17 681
17 829
17 841
18 23
18 24
18 35
18 94
18 147
18 251
18 386
18 525
18 549
18 626
18 792
19 22
19 41
19 52
19 53
19 65
19 84
19 91
19 98
19 145
19 153
19 283
19 296
19 306
19 354
19 370
19 392
19 401
19 440
19 450
19 501
19 576
19 834
19 835
19 900
19 942
20 53
20 71
20 80
20 86
20 120
20 237
20 248
20 255
20 300
20 368
20 435
20 455
20 471
20 519
20 549
20 551
20 618
20 630
20 768
20 785
20 902
21 29
21 52
21 63
21 76
21 123
21 156
21 194
21 215
21 237
21 239
21 270
21 296
21 297
21 388
21 657
21 665
21 765
21 815
21 822
21 825
21 862
21 941
21 955
21 976
22 42
22 71
22 170
22 276
22 663
22 742
23 142
23 174
23 248
23 291
23 295
23 375
23 616
23 656
23 666
23 721
23 873
23 895
24 56
24 90
24 151
24 183
24 187
24 199
24 223
24 326
24 375
24 478
24 494
24 497
24 575
24 634
24 651
24 675
24 787
24 936
25 28
25 115
25 127
25 193
25 434
25 555
25 607
25 752
26 34
26 87
26 227
26 549
26 619
26 643
26 797
26 993
27 122
27 135
27 181
27 229
27 345
27 371
27 398
27 413
27 417
27 597
27 659
27 671
27 786
27 800
27 860
27 917
27 953
28 36
28 38
28 41
28 44
28 55
28 74
28 100
28 110
28 131
28 142
28 158
28 159
28 164
28 169
28 172
28 176
28 180
28 185
28 197
28 200
28 246
28 249
28 250
28 260
28 288
28 333
28 384
28 408
28 435
28 503
28 511
28 521
28 533
28 539
28 574
28 589
28 610
28 629
28 642
28 649
28 689
28 692
28 807
28 810
28 839
28 924
29 224
29 313
29 334
29 585
29 950
30 34
30 67
30 166
30 196
30 211
30 217
30 232
30 318
30 351
30 358
30 369
30 451
30 636
31 76
31 101
31 139
31 178
31 205
31 208
31 251
31 705
31 931
32 33
32 291
32 320
32 357
32 430
33 84
33 101
33 258
33 447
33 634
33 924
34 63
34 88
34 106
34 242
35 61
35 87
35 110
35 203
35 210
35 297
35 331
35 344
35 355
35 493
35 653
35 796
35 803
35 891
36 702
37 38
37 68
37 99
37 180
37 333
37 408
37 480
39 45
39 48
39 58
39 65
39 112
39 148
39 180
39 198
39 218
39 254
39 338
39 345
39 487
39 519
39 537
39 582
39 692
39 776
39 777
39 798
39 840
39 899
39 904
39 918
39 957
40 77
40 80
40 96
40 146
40 251
40 476
40 490
40 911
41 59
41 103
41 164
41 170
41 281
41 314
41 350
41 351
41 454
41 479
41 497
41 707
41 712
41 717
41 820
41 823
41 840
42 43
42 74
42 85
42 131
42 207
42 362
42 384
42 499
42 512
42 527
42 598
42 715
42 824
42 870
42 882
43 85
43 92
43 118
43 144
43 174
43 286
43 304
43 308
43 381
43 392
43 416
43 463
43 541
43 651
43 661
43 896
44 59
44 75
44 99
44 135
44 152
44 169
44 173
44 197
44 198
44 206
44 350
44 365
44 377
44 394
44 400
44 411
44 561
44 649
44 668
44 710
44 893
44 930
45 165
45 214
45 259
45 319
45 400
45 528
45 533
45 628
45 664
45 967
45 987
46 78
46 81
46 109
46 166
46 178
46 187
46 218
46 323
46 417
46 556
46 571
46 587
46 595
46 750
46 763
46 979
47 77
47 90
47 209
47 230
47 254
47 298
47 461
47 487
47 520
47 624
47 713
47 873
47 877
47 930
48 54
48 58
48 65
48 68
48 155
48 156
48 176
48 233
48 271
48 302
48 396
48 442
48 550
48 586
48 728
48 953
48 958
49 78
49 92
49 370
49 372
49 404
49 498
49 540
49 582
49 749
49 785
49 817
49 850
50 55
50 117
50 154
50 191
50 248
50 459
50 503
50 591
50 672
50 677
51 66
51 130
51 317
51 526
51 699
51 786
51 802
51 989
52 53
52 54
52 68
52 82
52 127
52 139
52 147
52 152
52 160
52 242
52 250
52 266
52 284
52 359
52 393
52 406
52 449
52 578
52 633
52 649
52 673
52 697
52 830
52 998
53 141
54 59
54 94
54 172
54 231
54 253
54 455
54 492
54 602
54 667
54 880
54 907
54 992
55 128
55 154
55 163
55 256
55 366
55 432
55 450
55 513
55 546
55 627
55 921
56 204
56 225
56 240
56 285
56 335
56 352
56 414
56 513
56 727
56 993
57 64
57 82
57 596
57 881
58 98
58 133
58 385
59 93
59 202
59 220
59 264
59 314
59 366
59 545
59 893
59 910
60 69
60 89
60 99
60 419
60 466
60 530
60 567
60 625
60 632
60 843
61 92
61 138
61 146
61 281
61 292
61 310
61 464
61 514
61 693
61 720
61 863
62 64
62 83
62 110
62 125
62 190
62 305
62 378
62 416
62 506
62 731
62 770
62 811
62 877
62 975
63 128
63 825
63 912
63 996
64 157
64 193
64 223
64 545
64 723
65 93
65 96
65 124
65 204
65 236
65 332
65 477
65 588
65 609
65 816
65 854
65 894
65 905
66 83
66 95
66 295
66 762
66 828
66 854
66 995
67 256
67 421
67 569
67 583
67 849
68 121
68 131
68 143
68 178
68 232
68 252
68 258
68 300
68 353
68 421
68 469
69 184
69 373
69 423
69 541
70 72
70 175
70 187
70 502
70 628
70 718
70 934
71 447
71 979
72 108
72 118
72 135
72 279
72 313
72 335
72 432
72 440
72 453
72 462
72 632
72 676
72 691
72 698
72 738
72 988
73 88
73 259
73 262
73 287
73 746
73 914
74 102
74 114
74 209
74 213
74 372
74 407
74 439
74 613
74 650
74 984
75 102
75 219
75 247
75 291
75 313
75 470
75 507
75 631
75 655
75 724
75 958
76 86
76 103
76 124
76 125
76 134
76 149
76 162
76 189
76 223
76 309
76 323
76 379
76 585
76 592
76 635
76 761
76 791
76 812
77 93
77 107
77 273
77 822
77 926
77 948
78 109
78 140
78 263
78 275
78 328
78 361
78 413
78 520
78 556
78 646
78 682
78 690
78 834
78 856
78 946
79 128
79 324
79 620
79 714
79 764
79 807
79 981
80 227
80 295
80 349
80 563
80 678
80 813
81 228
82 97
82 101
82 126
82 129
82 132
82 151
82 182
82 243
82 249
82 263
82 314
82 347
82 559
82 577
82 700
82 749
82 788
82 832
82 886
82 947
82 966
82 975
83 117
83 143
83 250
83 580
83 656
83 810
83 859
83 922
83 938
83 957
84 159
84 236
84 355
84 495
84 562
84 622
85 102
85 305
85 363
85 576
85 611
85 660
85 790
85 894
86 119
86 234
86 336
86 580
86 729
87 254
87 471
88 91
88 120
89 220
89 299
89 332
89 734
89 744
90 145
90 175
90 338
90 382
90 444
90 488
91 157
91 315
91 353
91 467
91 503
91 685
91 860
92 142
92 222
92 269
92 473
92 613
93 184
93 229
93 278
93 303
93 486
93 694
93 742
93 751
93 784
93 830
93 995
94 108
94 238
94 528
94 974
95 192
95 332
95 388
95 485
95 644
96 132
96 177
96 186
96 284
96 401
96 420
96 638
96 726
96 769
96 974
97 112
97 362
97 390
97 472
97 517
97 825
97 871
97 887
97 951
98 113
98 235
98 381
98 696
99 100
99 116
99 162
99 244
99 272
99 302
99 303
99 327
99 329
99 500
99 522
99 643
99 839
99 858
99 874
99 890
99 923
99 977
99 982
100 212
100 278
100 286
100 576
100 652
100 887
101 108
101 202
101 257
101 259
101 308
101 544
101 646
102 427
102 450
103 188
103 196
103 298
103 495
103 552
103 641
104 115
104 215
104 228
104 230
104 246
104 360
104 552
104 687
105 444
105 477
106 133
106 147
106 149
106 265
106 274
106 380
106 513
106 743
106 812
107 258
107 534
107 613
107 911
108 317
108 429
108 452
108 453
108 483
108 620
108 757
108 947
109 133
109 460
109 469
109 569
109 817
110 113
110 572
110 737
110 882
110 937
111 272
111 407
111 425
112 200
112 359
112 383
112 961
113 123
113 267
113 586
114 193
114 194
114 240
114 640
114 748
116 144
116 445
116 633
116 857
117 360
117 448
117 531
118 139
118 235
118 253
118 353
118 409
118 920
119 221
119 225
119 239
119 241
119 337
119 413
119 473
119 505
119 560
119 674
119 736
119 831
120 747
120 782
120 925
121 192
121 366
121 471
121 472
121 604
121 898
121 964
122 268
122 277
122 307
123 262
123 316
123 343
123 501
123 529
123 544
123 612
123 854
124 261
124 285
124 293
124 614
125 725
126 310
126 509
127 355
127 816
128 129
128 130
128 171
128 383
128 442
128 502
128 814
128 882
129 853
130 205
131 154
131 204
131 235
131 281
131 299
131 328
131 330
131 386
131 390
131 428
131 584
131 607
131 709
131 723
131 790
131 856
131 866
131 994
132 148
132 165
132 288
132 371
132 389
132 888
133 136
133 158
133 163
133 179
133 208
133 268
133 287
133 303
133 365
133 389
133 457
133 475
133 494
133 525
133 608
133 676
133 927
133 935
133 941
133 951
133 977
133 988
134 261
134 910
135 167
135 179
135 373
135 410
135 558
135 584
135 614
135 745
136 155
136 177
136 222
136 424
137 202
137 221
137 290
137 342
137 357
137 553
137 637
137 690
137 763
137 891
139 316
139 594
140 162
140 189
140 382
140 567
141 253
141 304
141 356
142 838
143 318
143 849
143 884
144 152
144 733
146 641
146 886
147 179
147 217
147 331
147 346
147 427
147 486
147 721
148 325
149 150
149 182
149 730
149 826
150 255
150 293
150 349
150 352
150 458
150 724
150 750
150 983
151 833
151 968
153 156
153 199
153 323
153 673
153 771
153 839
153 948
154 492
154 616
154 617
154 883
155 209
155 240
155 257
155 286
155 379
155 399
155 446
155 448
155 459
155 475
155 515
155 566
155 619
156 188
156 197
156 255
156 431
156 831
156 909
157 695
158 690
158 908
158 946
159 560
159 621
159 765
160 168
161 484
161 768
162 290
162 320
162 338
162 401
162 425
162 689
162 702
163 282
163 444
163 531
163 547
163 924
163 960
164 858
165 191
165 348
165 403
165 485
165 623
165 896
166 292
166 516
166 538
166 568
166 595
166 675
166 889
167 341
167 387
167 523
167 532
167 577
167 664
167 686
167 687
168 182
168 361
168 391
168 596
169 719
169 815
170 191
170 405
170 406
170 505
170 545
170 762
170 789
170 826
170 949
171 219
171 220
171 275
172 226
172 364
172 379
172 519
172 965
173 349
173 390
173 569
173 662
174 269
174 581
174 699
174 974
175 310
175 456
175 775
176 212
176 221
176 276
176 378
176 476
176 808
177 459
177 871
178 843
179 307
180 468
180 496
180 498
180 558
180 595
180 711
181 437
181 440
181 566
182 360
182 757
182 868
184 836
186 553
186 802
186 878
187 957
188 298
188 653
188 726
189 195
189 230
189 396
189 795
189 866
190 282
190 598
190 793
190 913
191 195
191 214
192 207
192 216
192 238
192 606
192 881
193 242
193 469
193 669
193 973
194 341
194 487
194 497
194 766
194 806
195 395
195 499
195 561
195 724
195 725
195 908
196 898
197 476
197 625
197 665
197 696
197 878
197 928
198 276
200 271
200 369
200 512
200 518
200 526
200 653
200 677
200 721
201 301
201 465
201 579
201 660
202 712
203 244
203 277
203 279
203 289
203 686
203 711
203 823
204 347
204 996
205 343
205 354
205 374
205 666
206 754
207 245
207 252
207 273
207 322
207 446
207 465
207 578
207 679
207 767
207 819
207 867
207 869
208 246
208 543
208 887
209 347
209 756
210 267
210 315
210 326
210 387
210 415
210 644
210 688
210 718
210 771
210 832
210 898
211 239
211 665
211 731
212 213
212 222
212 489
212 521
212 597
212 694
212 777
212 794
212 807
212 847
212 867
213 648
213 759
214 535
214 650
214 876
215 623
215 661
215 704
216 280
216 747
217 322
217 604
217 869
218 231
219 524
219 527
219 596
220 350
220 482
221 428
221 518
221 775
222 846
223 336
223 548
223 672
223 684
224 415
224 598
224 962
225 287
225 584
225 640
226 716
226 909
226 943
226 944
227 393
227 488
227 605
227 836
227 938
228 514
229 311
229 404
229 504
229 667
229 769
229 905
230 391
230 711
231 256
231 260
231 488
231 504
231 609
231 704
232 247
232 398
232 409
232 495
232 845
233 262
233 367
233 736
233 743
233 746
234 615
234 922
235 404
236 375
236 422
237 263
237 685
238 288
238 563
239 845
240 611
240 809
240 933
241 457
241 599
243 265
243 339
243 380
243 385
243 767
244 438
244 645
244 705
244 772
245 628
245 770
246 249
246 895
248 252
248 321
249 378
249 430
249 617
249 917
249 977
250 283
250 433
251 340
251 416
252 500
252 928
253 270
254 374
254 633
254 739
254 880
255 260
255 294
255 305
255 306
255 357
255 496
255 587
255 669
257 340
257 436
257 522
257 588
257 916
258 412
258 516
258 662
258 961
260 394
260 461
260 534
260 848
260 978
261 512
261 740
261 852
261 971
263 424
263 494
263 538
264 492
265 430
265 562
265 616
265 883
265 899
266 277
266 374
266 798
267 334
267 433
267 443
267 554
267 903
267 998
268 436
268 524
268 555
268 899
269 565
269 955
270 701
271 312
271 475
271 559
271 608
271 746
272 368
272 571
272 601
272 879
273 333
273 591
274 373
275 845
276 282
276 348
276 387
276 857
276 937
278 472
278 564
278 892
279 299
279 855
279 972
280 483
280 740
280 764
281 340
281 732
281 832
284 403
284 703
284 759
284 846
284 926
287 363
287 697
287 885
288 435
288 441
288 523
288 842
289 382
289 442
289 667
290 590
291 362
291 395
291 410
291 533
291 592
291 691
291 844
291 894
292 356
292 506
292 718
293 309
295 529
295 763
296 356
296 429
296 483
296 531
296 626
297 364
297 602
298 336
299 683
299 925
299 929
300 377
301 312
302 735
303 875
305 456
305 693
305 714
305 755
305 826
306 321
306 453
306 587
306 728
306 873
307 491
307 589
308 725
308 879
309 315
309 557
309 581
310 316
310 720
310 841
310 850
313 573
314 344
314 414
314 438
314 451
314 465
314 491
314 517
314 524
314 548
314 680
314 682
314 809
314 919
315 481
315 514
315 675
315 748
315 752
315 788
317 550
317 793
318 892
318 951
319 508
319 715
320 554
320 641
320 658
320 709
321 329
321 588
322 380
322 830
323 417
323 443
323 683
323 909
325 372
325 697
328 695
328 702
328 945
329 484
329 615
329 874
330 337
330 407
331 395
331 400
331 418
331 606
332 864
333 341
333 564
334 546
334 589
334 602
334 751
334 997
335 536
336 381
336 385
336 398
336 399
336 418
336 445
336 780
336 806
336 976
337 389
337 708
337 981
338 415
338 674
338 709
339 452
339 973
340 601
341 865
342 383
342 419
342 423
342 980
343 409
344 753
345 437
345 529
345 558
345 668
347 359
347 434
348 466
348 759
349 508
349 773
350 377
350 391
350 912
351 402
351 572
351 636
352 585
353 621
353 761
353 824
354 406
354 574
354 618
354 691
355 408
356 552
356 623
356 828
356 880
358 500
360 706
360 956
361 370
361 538
361 817
362 431
362 599
362 608
362 642
363 788
363 881
364 775
365 522
366 592
366 686
366 799
366 907
367 710
368 776
368 923
369 436
370 532
371 729
371 805
372 506
374 421
374 478
374 904
374 979
375 426
375 508
375 892
376 426
376 966
378 441
378 525
379 384
379 437
379 828
379 978
380 424
380 540
381 397
382 427
382 780
383 804
385 422
385 610
385 706
385 890
387 530
387 931
390 392
390 397
390 965
391 458
391 678
391 701
391 908
391 956
392 474
392 579
392 593
392 833
392 868
392 962
392 992
393 499
393 717
393 758
394 572
395 405
395 470
395 542
396 470
396 510
396 663
397 457
397 848
398 809
398 837
399 879
400 980
400 989
401 820
402 614
402 652
402 903
402 907
402 925
405 419
405 431
405 716
406 438
406 629
406 801
406 965
408 454
408 528
408 536
408 581
408 732
409 464
409 478
409 535
410 509
411 439
411 844
412 464
412 532
412 636
412 639
412 760
412 852
412 855
413 612
413 676
413 710
413 978
414 432
414 573
414 683
414 700
414 861
414 946
415 468
415 580
415 789
415 936
416 715
418 537
418 850
418 858
419 422
420 493
420 789
420 822
421 603
421 659
421 935
422 644
424 489
424 490
424 753
424 799
424 919
424 932
425 557
425 582
425 947
425 963
427 551
427 603
427 836
428 716
428 799
428 872
430 482
430 577
431 520
432 451
433 570
433 876
435 797
435 853
435 929
436 910
436 964
438 477
438 635
440 713
440 797
440 921
441 670
443 517
443 601
444 954
445 448
445 510
446 462
446 489
449 999
450 994
451 468
451 647
452 706
452 756
456 991
457 684
457 688
459 778
460 707
460 823
460 982
461 647
461 859
461 927
462 463
462 535
462 565
462 741
462 773
462 932
463 997
464 509
464 928
465 863
466 604
466 726
466 966
467 648
467 992
468 539
468 895
472 792
473 914
473 990
474 705
475 515
475 971
476 593
476 948
478 838
478 960
480 900
484 590
484 625
484 735
484 889
484 969
485 719
486 507
487 657
487 936
488 591
490 693
490 906
492 493
492 998
493 511
493 534
493 599
493 852
494 973
495 579
495 990
496 537
496 875
497 510
497 586
497 658
497 766
498 722
499 666
501 564
501 727
502 796
502 835
503 543
503 631
504 637
504 911
506 656
506 814
506 870
510 816
513 755
514 662
516 781
516 795
516 847
517 554
519 655
520 920
521 837
522 934
523 733
523 757
524 985
525 638
525 660
525 729
525 791
528 620
528 630
528 749
530 999
531 727
532 680
533 985
534 624
537 555
537 712
538 986
539 818
540 827
541 624
542 738
543 897
544 922
545 847
545 944
548 621
549 551
549 741
549 933
552 643
553 943
554 559
554 851
555 654
555 734
560 785
561 860
562 738
564 942
566 890
569 571
569 696
570 679
570 896
571 593
573 849
573 906
574 681
574 915
575 719
577 677
579 872
581 868
582 952
584 744
585 867
588 921
590 781
590 824
590 888
591 744
591 949
592 606
592 810
593 861
594 755
594 790
595 657
597 637
601 642
601 864
602 808
602 970
608 630
609 864
611 901
611 984
612 617
613 872
614 664
614 688
615 699
618 819
620 670
620 731
620 758
620 834
620 915
621 856
625 645
629 889
633 774
633 819
633 934
633 993
636 846
638 674
639 956
639 985
640 842
642 984
644 773
646 803
648 851
648 875
649 650
652 708
652 754
661 737
662 765
664 742
666 900
666 990
668 886
670 923
672 939
673 912
674 803
676 840
678 802
678 958
681 701
681 703
684 783
684 878
684 970
685 940
687 811
687 837
690 735
691 730
694 986
696 781
697 813
697 862
698 787
698 818
699 942
702 988
703 774
703 792
705 772
706 756
708 999
712 959
713 954
714 969
715 769
715 969
716 722
717 968
721 747
721 811
721 842
724 888
725 743
729 945
730 741
734 933
735 827
739 871
740 771
740 859
740 916
741 968
743 784
751 995
752 758
752 794
752 885
758 760
758 919
758 991
766 939
767 783
768 770
770 841
770 963
778 848
785 980
785 981
788 851
791 986
792 917
793 869
795 989
796 865
796 975
807 876
810 972
824 833
828 863
832 853
833 862
838 943
852 901
856 983
867 983
870 953
872 926
872 945
873 940
882 967
883 961
886 903
908 944
910 918
932 952
934 964
948 972
954 971
991 994
