0 1
0 2
0 3
0 4
0 5
0 6
0 13
0 15
0 19
0 23
0 24
0 25
0 31
0 32
0 38
0 39
0 42
0 43
0 49
0 50
0 51
0 59
0 60
0 61
0 65
0 66
0 76
0 80
0 81
0 85
0 87
0 96
0 99
0 100
0 113
0 114
0 120
0 126
0 130
0 132
0 134
0 155
0 163
0 166
0 173
0 176
0 177
0 180
0 189
0 205
0 210
0 214
0 215
0 217
0 224
0 226
0 235
0 253
0 257
0 269
0 281
0 287
0 291
0 303
0 307
0 339
0 341
0 362
0 363
0 368
0 374
0 378
0 392
0 403
0 407
0 426
0 447
0 456
0 465
0 470
0 477
0 483
0 513
0 516
0 523
0 605
0 611
0 621
0 622
0 633
0 641
0 653
0 704
0 706
0 735
0 780
0 818
0 836
0 898
0 957
0 959
0 960
1 2
1 3
1 4
1 9
1 11
1 12
1 13
1 14
1 15
1 16
1 29
1 34
1 36
1 43
1 46
1 47
1 48
1 51
1 87
1 93
1 98
1 103
1 110
1 111
1 122
1 135
1 141
1 151
1 173
1 195
1 222
1 238
1 243
1 245
1 271
1 303
1 319
1 343
1 365
1 386
1 397
1 419
1 472
1 479
1 481
1 496
1 534
1 571
1 595
1 611
1 617
1 681
1 704
1 729
1 744
1 801
1 829
1 883
1 933
1 949
2 3
2 5
2 7
2 8
2 10
2 14
2 17
2 18
2 19
2 22
2 23
2 24
2 28
2 32
2 33
2 39
2 47
2 58
2 63
2 65
2 69
2 73
2 75
2 115
2 117
2 122
2 129
2 134
2 136
2 137
2 139
2 143
2 146
2 172
2 178
2 190
2 194
2 199
2 208
2 209
2 210
2 224
2 225
2 229
2 237
2 244
2 249
2 254
2 273
2 277
2 279
2 286
2 295
2 313
2 327
2 337
2 351
2 352
2 376
2 406
2 416
2 426
2 428
2 451
2 462
2 492
2 498
2 501
2 519
2 564
2 650
2 661
2 749
2 761
2 764
2 770
2 772
2 779
2 785
2 814
2 856
2 864
2 876
2 881
2 882
2 884
2 888
2 908
2 916
2 932
2 954
2 960
2 976
2 978
2 979
3 4
3 5
3 7
3 8
3 9
3 11
3 13
3 14
3 18
3 20
3 26
3 27
3 28
3 29
3 31
3 37
3 42
3 45
3 48
3 69
3 71
3 73
3 78
3 84
3 88
3 92
3 94
3 102
3 106
3 110
3 117
3 120
3 130
3 137
3 141
3 142
3 145
3 148
3 149
3 164
3 169
3 175
3 179
3 180
3 185
3 200
3 255
3 256
3 283
3 288
3 295
3 299
3 300
3 311
3 332
3 335
3 356
3 374
3 381
3 383
3 385
3 393
3 402
3 424
3 434
3 435
3 455
3 506
3 510
3 525
3 537
3 555
3 599
3 603
3 616
3 632
3 642
3 657
3 666
3 675
3 680
3 740
3 771
3 777
3 785
3 821
3 827
3 869
3 880
3 947
3 958
3 961
4 6
4 15
4 16
4 17
4 41
4 47
4 48
4 62
4 67
4 86
4 89
4 105
4 118
4 122
4 148
4 166
4 173
4 209
4 221
4 223
4 296
4 302
4 314
4 330
4 368
4 381
4 440
4 452
4 563
4 588
4 606
4 613
4 620
4 684
4 687
4 695
4 731
4 733
4 746
4 748
4 753
4 769
4 839
5 6
5 7
5 22
5 25
5 32
5 34
5 52
5 53
5 54
5 55
5 67
5 68
5 70
5 80
5 93
5 96
5 107
5 126
5 153
5 165
5 170
5 180
5 188
5 192
5 199
5 203
5 209
5 214
5 278
5 281
5 340
5 341
5 347
5 364
5 382
5 399
5 400
5 442
5 470
5 495
5 501
5 505
5 508
5 510
5 580
5 600
5 615
5 644
5 651
5 732
5 782
5 835
5 859
5 871
5 876
5 903
5 912
5 949
5 973
5 975
5 976
6 8
6 9
6 10
6 12
6 16
6 17
6 25
6 27
6 30
6 44
6 53
6 91
6 109
6 125
6 153
6 177
6 181
6 184
6 204
6 219
6 269
6 285
6 298
6 372
6 380
6 394
6 549
6 589
6 617
6 842
6 859
6 925
7 11
7 12
7 34
7 64
7 70
7 133
7 228
7 230
7 237
7 241
7 253
7 266
7 303
7 328
7 353
7 354
7 390
7 499
7 677
7 707
7 726
7 750
7 831
7 916
8 58
8 83
8 162
8 217
8 320
8 555
8 566
8 572
8 624
8 762
8 781
8 903
9 10
9 19
9 21
9 27
9 30
9 37
9 40
9 45
9 95
9 128
9 147
9 158
9 160
9 174
9 179
9 187
9 204
9 269
9 338
9 515
9 535
9 576
9 628
9 679
9 696
9 702
9 715
9 719
9 811
10 394
11 21
11 51
11 82
11 89
11 106
11 113
11 178
11 230
11 262
11 297
11 313
11 317
11 373
11 399
11 404
11 468
11 586
11 625
11 672
11 752
11 755
11 856
11 935
11 938
12 235
12 244
12 257
12 265
12 545
12 751
12 850
12 922
13 26
13 82
13 130
13 143
13 156
13 206
13 249
13 252
13 258
13 299
13 321
13 587
13 603
13 931
14 357
14 544
14 783
15 52
15 60
15 79
15 104
15 109
15 186
15 203
15 287
15 307
15 312
15 396
15 493
15 504
15 610
15 616
15 685
15 821
15 927
15 933
15 938
16 18
16 23
16 49
16 56
16 61
16 65
16 98
16 105
16 107
16 139
16 239
16 304
16 381
16 411
16 537
16 713
16 800
16 801
16 942
16 952
17 20
17 21
17 36
17 44
17 73
17 75
17 93
17 112
17 145
17 191
17 255
17 259
17 294
17 331
17 466
17 688
17 693
17 729
17 917
17 967
18 22
18 29
18 108
18 175
18 185
18 207
18 267
18 343
18 358
18 450
18 474
18 487
18 637
18 693
18 707
18 791
18 863
18 866
18 901
18 974
18 990
19 20
19 33
19 35
19 140
19 167
19 213
19 332
19 360
19 487
19 645
19 646
19 687
19 853
20 43
20 135
20 260
20 332
20 593
20 710
21 68
21 114
21 162
21 190
21 567
21 787
21 795
21 802
21 860
21 983
22 38
22 62
22 92
22 113
22 115
22 126
22 127
22 149
22 150
22 355
22 489
22 554
22 605
22 607
22 865
22 880
23 24
23 72
23 74
23 77
23 90
23 239
23 277
23 629
23 694
23 887
24 26
24 38
24 50
24 102
24 148
24 151
24 188
24 297
24 347
24 573
24 607
24 671
24 690
25 46
25 60
25 79
25 88
25 121
25 124
25 181
25 189
25 494
25 512
25 827
25 994
26 31
26 39
26 103
26 184
26 192
26 198
26 240
26 323
26 336
26 439
26 480
26 562
26 738
26 878
27 28
27 37
27 40
27 41
27 53
27 62
27 97
27 98
27 128
27 170
27 216
27 247
27 320
27 358
27 391
27 414
27 435
27 521
27 538
27 601
27 650
27 713
27 789
27 844
27 854
27 968
28 45
28 143
28 147
28 179
28 207
28 276
28 278
28 324
28 325
28 424
28 445
28 491
28 500
28 531
28 630
28 858
29 30
29 33
29 35
29 36
29 49
29 56
29 89
29 99
29 115
29 153
29 168
29 182
29 191
29 247
29 352
29 354
29 371
29 431
29 452
29 478
29 514
29 517
29 524
29 596
29 647
29 725
29 735
29 845
29 919
30 54
30 58
30 116
30 157
30 207
30 450
30 722
30 765
31 59
31 121
31 788
32 35
32 40
32 74
32 119
32 161
32 167
32 211
32 223
32 251
32 272
32 273
32 369
32 386
32 634
32 656
32 688
32 827
32 996
33 72
33 80
33 100
33 133
33 974
34 105
34 190
34 225
34 248
34 262
34 334
34 538
34 552
34 656
34 977
35 97
35 135
35 399
35 998
36 223
36 601
36 613
36 971
37 52
37 82
37 118
37 127
37 213
37 302
37 319
37 324
37 359
37 400
37 428
37 445
37 454
37 463
37 465
37 631
37 643
37 660
37 714
37 797
37 861
37 862
37 966
38 104
38 123
38 138
38 226
38 233
38 291
38 413
38 450
38 697
38 711
38 723
38 728
38 742
38 836
38 895
38 955
39 469
39 763
39 934
40 41
40 42
40 46
40 55
40 66
40 71
40 83
40 108
40 123
40 155
40 231
40 264
40 290
40 328
40 376
40 382
40 417
40 429
40 536
40 627
40 635
40 758
40 760
40 763
40 985
40 991
41 44
41 63
41 75
41 119
41 120
41 149
41 227
41 238
41 436
41 456
41 531
41 621
41 673
41 843
41 860
42 118
42 146
42 152
42 176
42 322
42 345
42 378
42 384
42 436
42 701
42 813
42 915
42 929
43 883
44 63
44 64
44 78
44 87
44 128
44 133
44 144
44 160
44 171
44 182
44 189
44 272
44 331
44 391
44 404
44 440
44 527
44 628
44 736
44 753
44 760
44 790
44 809
44 847
44 893
45 76
45 117
45 144
45 156
45 161
45 171
45 183
45 187
45 227
45 264
45 333
45 377
45 400
45 437
45 471
45 513
45 522
45 543
45 754
45 775
45 786
45 805
46 83
46 127
46 136
46 165
46 259
46 406
46 418
46 542
46 790
46 841
46 926
47 50
47 66
47 88
47 94
47 125
47 157
47 316
47 322
47 412
47 413
47 552
47 564
47 664
47 697
47 882
47 962
48 57
48 81
48 154
48 202
48 320
48 370
48 579
48 601
48 870
48 921
49 78
49 145
49 206
49 208
49 234
49 312
49 326
49 342
49 541
49 740
49 756
49 993
50 54
50 95
50 97
50 184
50 188
50 197
50 201
50 222
50 236
50 290
50 408
50 506
50 534
50 666
50 843
51 56
51 61
51 85
51 156
51 312
51 323
51 414
51 465
51 583
51 588
51 606
51 659
51 744
51 774
51 775
51 778
51 830
52 55
52 57
52 76
52 139
52 206
52 243
52 263
52 266
52 292
52 367
52 703
52 911
53 907
54 57
54 69
54 114
54 144
54 159
54 222
54 258
54 276
54 302
54 396
54 467
54 492
54 513
54 523
54 681
54 742
54 747
54 794
54 859
54 879
55 488
55 637
55 902
56 159
56 168
56 202
56 219
56 446
56 877
57 227
57 820
57 920
58 59
58 77
58 108
58 157
58 158
58 289
58 368
58 425
58 852
58 896
59 208
59 375
60 70
60 71
60 102
60 132
60 336
60 611
60 768
61 64
61 67
61 94
61 107
61 121
61 169
61 278
61 291
61 366
61 837
62 90
62 171
62 361
62 782
62 886
62 934
62 968
63 469
63 475
63 571
63 606
63 847
64 79
65 68
65 150
65 213
65 225
65 238
65 293
65 322
65 397
65 481
65 890
65 988
66 81
66 84
66 85
66 452
66 466
67 72
67 161
67 175
67 187
67 199
67 200
67 242
67 246
67 280
67 344
67 355
67 408
67 454
67 460
67 473
67 497
67 511
67 593
67 619
67 635
67 843
67 924
67 930
68 214
68 468
68 469
68 580
68 641
68 720
68 792
68 803
69 77
69 95
69 103
69 112
69 131
69 142
69 326
69 371
69 441
69 476
69 533
69 541
69 594
69 705
69 814
69 871
69 981
70 91
70 274
70 451
70 637
70 911
70 987
71 706
71 849
72 111
72 196
72 248
72 441
72 471
72 585
72 649
73 74
73 101
73 104
73 124
73 221
73 257
73 293
73 298
73 350
73 388
73 389
73 434
73 436
73 559
73 567
73 569
73 624
73 741
73 812
73 846
73 865
73 928
73 958
73 997
74 131
74 275
74 334
74 879
74 919
74 930
75 155
75 181
75 212
75 216
75 234
75 240
75 272
75 385
75 431
75 543
75 584
75 586
75 594
75 672
75 673
75 691
75 791
75 942
75 980
75 984
75 993
76 84
76 134
76 194
76 231
76 268
76 636
76 884
77 140
77 459
77 692
77 755
78 86
78 91
78 101
78 132
78 177
78 198
78 220
78 271
78 294
78 384
78 397
78 401
78 514
78 767
78 833
78 909
78 985
79 90
79 110
79 137
79 152
79 229
79 248
79 276
79 281
79 306
79 351
79 431
79 453
79 507
79 623
79 626
79 696
80 86
80 182
80 862
82 129
82 200
82 364
82 369
82 839
83 92
83 96
83 164
83 167
83 201
83 348
84 123
84 154
84 178
84 220
84 233
84 241
84 268
84 334
84 348
84 422
84 459
84 532
84 533
84 546
84 595
84 621
84 629
84 632
84 662
84 746
84 819
84 853
84 901
84 906
84 949
85 387
85 633
86 112
86 131
86 221
86 407
86 623
86 652
86 666
86 829
86 832
86 839
87 116
87 170
87 193
87 309
87 592
88 201
88 211
88 367
88 547
88 963
89 424
89 516
89 915
90 197
90 292
90 365
90 499
90 844
90 868
91 101
91 168
91 306
91 778
91 962
92 100
92 116
92 119
92 183
92 195
92 249
92 270
92 311
92 401
92 427
92 466
92 495
92 556
92 641
92 663
92 689
92 694
92 724
92 759
92 797
92 855
92 961
92 981
93 250
93 317
93 474
93 530
93 584
93 610
94 464
94 909
95 284
95 330
95 348
95 420
95 444
95 511
95 540
95 672
95 758
95 773
96 109
96 111
96 160
96 192
96 364
96 521
96 761
96 852
96 977
97 267
98 99
98 158
98 193
98 197
98 229
98 255
98 308
98 321
98 329
98 331
98 380
98 461
98 553
98 558
98 598
98 776
98 811
98 816
98 838
98 850
98 870
98 899
99 372
100 140
100 398
100 497
100 506
100 590
100 604
100 721
100 835
100 849
100 851
100 866
100 919
101 193
101 240
101 288
101 630
101 941
102 106
102 212
102 359
102 948
103 371
103 629
104 172
104 254
104 267
104 622
105 136
105 166
105 243
105 284
105 304
105 328
105 357
105 667
105 807
105 849
105 996
106 138
106 204
106 228
106 242
106 285
106 288
106 676
106 905
107 150
107 250
107 261
107 265
107 442
107 474
107 583
107 634
107 856
108 138
108 185
108 277
108 315
108 323
108 333
108 337
108 346
108 370
108 408
108 430
108 502
108 546
108 563
108 713
108 823
108 828
108 889
108 995
109 162
109 304
109 680
109 866
109 914
109 975
111 124
111 212
111 253
111 307
111 409
111 410
111 695
111 717
111 726
112 125
112 196
112 306
112 372
112 770
112 813
113 196
113 203
113 279
113 404
114 142
114 539
114 590
115 183
115 215
115 286
115 416
115 426
115 438
115 449
115 540
115 554
115 652
115 956
116 409
116 565
116 829
117 233
117 773
118 518
119 218
119 256
119 417
119 443
119 774
119 783
119 795
119 864
119 947
120 232
120 464
120 480
120 512
120 582
120 889
121 232
121 252
121 558
121 657
121 756
121 878
121 922
123 146
123 169
123 262
123 285
123 411
123 547
123 994
124 129
124 218
124 271
124 415
124 437
124 486
124 517
124 565
124 620
124 798
125 283
125 301
125 316
125 349
125 662
126 550
126 559
127 205
127 335
127 894
128 244
128 314
128 375
128 406
128 446
128 555
129 305
129 344
129 728
129 823
129 989
130 164
130 462
130 496
130 525
130 542
130 892
130 946
133 198
133 395
133 402
133 455
133 635
133 650
133 773
133 876
134 318
134 766
134 882
135 141
135 289
135 356
135 509
135 881
136 766
137 301
137 361
137 458
137 494
137 663
137 709
137 721
137 995
138 347
138 826
138 979
139 261
139 377
139 485
139 614
139 755
140 283
140 423
140 577
140 765
140 778
140 780
140 807
141 151
141 251
141 419
141 983
142 147
142 159
142 218
142 232
142 274
142 461
142 624
142 676
142 717
142 734
142 787
142 802
142 966
142 988
143 490
143 972
144 263
144 995
145 152
145 246
145 326
145 351
145 702
145 729
145 830
145 940
145 980
146 280
146 383
146 451
146 625
146 644
146 943
147 261
147 315
147 516
148 235
148 340
148 344
148 754
149 163
149 195
149 216
149 338
149 374
149 379
149 479
149 596
149 898
149 903
150 154
150 259
150 433
151 163
151 211
151 273
151 523
151 537
151 570
152 231
152 759
152 815
152 885
153 251
153 305
153 336
153 514
153 730
154 300
154 751
156 572
156 681
156 722
157 314
157 349
157 553
157 567
157 604
157 627
157 699
157 801
157 938
157 969
158 176
158 626
158 658
158 817
159 392
159 419
159 668
159 912
160 234
160 236
160 342
160 365
160 370
160 430
160 483
160 499
160 527
160 678
160 779
160 908
160 920
161 730
162 210
162 329
162 432
162 445
162 458
162 520
162 541
162 614
162 658
162 822
162 895
162 900
163 236
163 358
163 589
163 806
163 917
164 165
165 186
165 877
166 172
166 174
166 318
166 395
166 464
166 530
166 613
166 642
166 917
167 174
167 186
167 191
167 279
167 432
167 458
167 582
167 618
167 645
167 793
167 872
167 921
168 280
169 470
169 501
169 818
170 428
170 667
171 460
171 560
171 571
171 685
171 965
172 228
173 258
173 296
173 511
173 643
173 759
173 926
173 946
174 270
174 318
174 327
174 405
174 409
174 503
174 622
175 448
175 518
176 217
176 239
176 609
176 842
176 847
178 252
178 327
178 355
178 789
178 808
179 427
179 491
179 675
180 437
180 870
181 375
181 383
181 479
181 697
182 205
182 395
182 508
182 526
182 557
182 780
183 471
183 671
184 390
184 476
184 580
184 806
184 877
185 219
185 356
185 385
185 416
185 498
185 683
185 970
186 226
186 237
186 266
186 378
186 482
186 890
186 953
187 260
187 274
187 296
187 518
187 920
188 194
188 202
188 246
188 353
188 382
188 448
188 449
188 495
188 527
188 820
188 904
188 941
189 254
189 315
189 753
190 286
190 337
190 402
190 421
190 427
190 449
190 535
190 548
190 579
190 648
190 841
192 534
192 648
193 241
193 380
193 468
193 558
193 740
194 230
194 268
194 339
194 341
194 354
194 386
194 550
194 557
194 678
195 260
195 287
195 325
195 433
195 592
195 701
195 831
195 987
196 295
196 414
196 423
196 493
196 653
196 708
197 242
197 352
197 453
197 791
198 401
198 504
199 247
199 310
199 489
199 768
199 861
199 868
199 909
199 926
199 937
200 508
201 345
201 834
201 918
201 927
202 215
202 683
202 714
203 619
203 663
203 737
203 799
204 224
204 366
204 494
204 618
204 659
204 680
204 708
205 566
205 690
205 834
205 904
206 417
206 861
206 907
207 366
208 220
208 282
208 389
208 392
208 548
209 275
209 786
210 388
210 486
211 289
211 540
211 704
211 792
211 838
211 939
212 245
212 299
212 531
212 669
212 736
212 989
213 581
213 718
213 736
213 845
213 879
213 887
214 551
214 678
214 960
215 491
215 689
215 806
216 726
216 798
217 293
217 484
218 557
218 575
218 800
218 969
219 308
219 361
219 529
219 685
219 698
219 805
219 824
220 665
220 964
222 373
222 488
222 521
222 821
223 718
223 838
224 771
224 781
224 939
225 340
225 655
225 727
225 914
225 933
226 532
226 950
227 456
227 891
227 922
229 324
230 265
230 319
230 420
231 263
231 411
231 496
231 545
231 647
231 724
231 796
232 270
232 393
232 695
232 969
233 502
233 608
236 573
236 867
237 349
237 398
237 525
238 305
238 892
239 434
239 703
240 250
240 369
240 425
240 510
240 596
240 642
240 841
241 421
242 245
242 282
242 335
242 460
242 852
242 863
242 912
243 363
243 379
243 390
243 462
243 500
243 585
243 677
243 684
244 298
244 405
244 964
245 574
245 648
246 309
246 345
246 389
246 467
246 480
246 598
246 762
246 874
246 902
248 264
248 410
248 734
248 828
248 959
249 719
250 256
250 360
250 435
250 528
250 559
250 871
252 583
252 673
252 973
253 970
254 310
254 570
255 275
255 338
255 965
257 432
257 544
257 688
257 798
257 883
258 321
259 309
259 461
259 526
260 476
260 649
261 308
261 311
261 317
261 329
261 477
261 509
261 562
261 569
261 587
261 652
261 722
261 728
261 858
261 936
261 975
262 586
262 636
262 745
263 284
263 410
263 444
263 885
264 457
264 578
265 282
265 443
265 590
265 741
265 905
265 972
266 300
266 550
266 597
266 698
266 711
266 886
266 896
267 631
267 818
268 751
269 492
270 475
270 482
270 602
270 898
270 983
271 574
272 310
272 529
273 292
273 297
273 439
273 463
273 551
273 991
274 346
274 423
274 747
274 774
274 822
274 946
275 422
275 694
276 294
276 313
276 388
276 483
276 587
276 789
276 820
276 899
277 342
278 706
278 948
279 325
279 438
279 998
280 473
280 658
281 741
281 757
281 816
282 413
283 620
285 330
285 333
285 794
286 561
287 290
287 359
287 502
287 733
288 362
288 848
289 591
289 925
290 301
291 346
291 363
291 732
291 744
292 837
293 619
293 675
293 918
294 360
294 373
294 379
294 398
294 438
297 725
297 899
298 459
298 467
298 560
298 646
298 647
298 677
298 679
298 739
298 893
298 943
299 731
300 362
300 605
300 665
300 747
300 809
300 812
301 391
302 687
302 727
303 595
303 851
304 457
304 692
304 787
305 412
305 524
306 353
306 377
306 387
306 443
306 454
306 487
306 500
306 612
306 633
306 701
306 715
306 808
306 971
309 339
309 343
309 721
309 812
310 394
310 830
311 350
311 447
311 581
311 699
313 316
313 517
315 772
315 881
316 447
316 784
316 788
319 825
320 421
320 473
320 602
320 777
321 515
321 530
321 655
321 826
322 795
323 775
324 357
324 556
324 597
324 888
324 894
324 934
325 576
326 412
326 911
329 350
329 545
329 735
330 710
332 393
332 651
333 440
333 575
333 602
334 497
335 539
335 562
335 670
335 767
336 932
338 405
338 668
339 444
339 507
339 566
340 872
340 931
342 439
342 904
343 526
343 700
343 953
344 615
344 659
345 376
345 415
345 489
346 425
346 544
347 872
348 668
348 676
348 764
348 891
348 901
349 420
349 731
350 692
350 793
351 396
351 403
351 418
351 512
351 528
352 765
352 805
353 367
353 472
353 908
355 475
355 485
355 547
359 485
359 916
360 384
360 803
361 966
363 623
365 407
365 553
365 599
366 498
366 928
369 403
369 738
369 779
370 387
370 482
370 490
370 674
370 826
370 906
370 910
370 957
370 989
370 992
371 777
372 472
372 945
373 457
373 478
374 536
374 639
374 720
374 857
375 486
375 923
377 522
377 572
377 661
377 708
377 752
378 415
380 819
381 690
383 546
384 561
385 552
386 418
386 730
386 771
388 549
389 422
389 532
389 535
389 608
390 430
390 477
391 455
392 505
392 519
392 599
392 627
392 854
392 897
392 937
393 536
393 609
393 745
395 463
396 645
396 990
397 900
397 935
399 481
399 618
399 638
400 529
400 848
401 507
401 568
401 875
401 982
402 429
402 682
402 712
403 538
404 573
405 845
409 609
409 707
409 869
410 548
410 581
410 608
410 616
410 653
410 709
411 951
413 503
413 799
414 936
416 932
417 976
418 554
419 433
419 442
419 448
419 776
419 790
420 578
420 712
421 584
422 924
423 503
423 766
424 429
424 484
424 607
424 832
425 592
425 684
425 953
425 993
426 639
426 720
427 568
427 811
428 855
429 686
429 880
430 874
431 441
431 579
431 640
432 600
433 664
434 446
434 591
434 691
436 484
436 785
437 522
437 542
437 964
438 910
438 951
439 453
439 505
439 667
441 549
441 600
443 577
443 896
445 634
445 669
445 786
446 568
446 743
447 610
447 965
448 784
450 564
450 892
451 682
452 504
453 918
454 682
454 723
454 862
454 990
457 758
457 831
460 478
460 813
460 860
460 927
461 576
461 945
461 956
462 716
464 878
466 604
466 833
467 577
468 543
468 594
469 638
469 671
471 488
471 640
471 739
471 952
472 670
472 764
472 982
473 565
473 591
473 940
473 991
474 515
474 670
474 754
475 833
476 493
476 612
476 654
477 520
477 528
478 693
478 931
480 769
482 490
482 509
482 615
483 763
484 654
485 569
485 574
486 660
487 788
487 944
487 954
488 520
488 750
490 524
491 533
491 705
492 957
492 999
496 575
496 588
496 699
496 997
498 737
498 857
502 776
503 643
507 603
507 851
508 959
509 886
511 593
512 810
512 929
514 570
514 848
515 711
516 585
516 632
517 743
517 992
518 519
518 654
518 890
519 819
520 662
520 757
520 797
520 840
520 967
520 987
521 614
524 631
524 804
525 984
526 539
526 700
527 560
527 589
527 963
528 810
528 867
529 578
530 665
530 689
530 793
530 936
530 951
530 979
532 724
532 809
532 981
533 563
533 768
533 963
534 906
535 639
535 796
535 854
536 561
536 719
536 750
536 800
536 944
540 628
540 894
542 551
542 873
543 784
543 921
544 913
547 745
548 556
548 664
549 598
550 582
551 889
551 913
553 626
553 679
553 734
553 772
553 885
553 999
556 705
556 910
557 669
557 799
557 816
558 914
559 646
559 718
559 972
561 737
563 836
564 597
565 817
565 939
567 814
567 834
569 674
570 710
570 712
573 649
577 660
577 923
579 617
579 716
580 686
584 762
584 808
585 973
585 974
586 857
590 686
591 630
591 823
592 869
593 657
593 716
593 803
597 625
597 756
598 698
599 612
601 655
601 925
607 661
607 767
608 743
608 873
611 727
612 887
612 978
614 638
614 674
614 822
615 924
618 757
620 868
621 769
621 967
622 636
622 796
622 846
624 902
626 640
627 644
628 955
632 715
633 815
636 850
637 749
639 709
640 897
641 651
643 656
643 840
644 770
644 888
646 683
646 837
646 962
649 977
652 948
653 702
653 943
653 978
659 760
659 804
661 824
662 703
662 825
663 997
667 696
668 998
669 691
669 761
669 782
669 873
670 749
674 970
675 792
678 844
682 725
682 986
683 748
687 714
687 913
691 717
691 739
691 781
693 952
693 996
695 723
696 853
698 945
699 700
704 835
704 874
705 733
705 804
709 867
712 907
713 942
716 807
716 923
716 984
719 944
720 738
720 752
720 832
720 929
722 732
725 810
725 986
729 982
734 935
735 742
736 858
736 999
739 828
739 937
740 746
741 748
748 783
748 865
753 846
756 794
760 897
772 915
780 863
783 855
785 875
794 905
796 815
797 802
798 928
798 950
799 940
800 817
803 891
803 947
813 824
816 842
817 825
817 950
822 893
823 875
834 840
834 930
846 864
849 955
855 895
855 968
859 994
873 971
874 884
875 961
877 985
886 956
891 900
895 954
898 986
905 941
906 980
934 958
969 992
984 988
