0 78
0 337
0 381
0 529
0 585
0 657
1 427
1 441
1 603
1 626
1 635
1 640
1 684
1 827
1 935
1 966
2 159
2 193
2 424
2 495
2 519
2 595
2 636
2 676
3 414
3 554
3 571
3 967
4 518
5 589
5 647
5 648
5 918
6 98
6 442
6 679
7 117
7 396
7 417
7 631
7 686
7 756
7 911
8 238
8 374
8 532
8 902
8 975
9 420
9 602
9 898
10 197
10 699
11 538
11 540
11 560
11 602
11 767
11 877
11 935
11 950
12 21
12 77
12 385
12 474
12 551
12 691
12 947
12 954
13 147
13 174
13 448
13 713
13 835
14 231
14 712
14 751
15 42
15 359
15 720
15 969
16 455
16 831
16 922
17 47
17 258
17 283
17 849
17 973
18 355
18 395
18 594
18 675
18 863
19 52
19 77
19 350
19 762
19 878
20 501
21 56
21 76
21 163
21 304
21 457
21 692
21 873
22 75
22 468
22 483
22 500
22 511
22 577
22 900
22 945
23 113
23 178
23 372
23 492
23 516
23 544
23 951
24 83
24 87
24 224
24 514
24 762
25 440
25 623
25 660
25 778
25 925
25 956
25 981
26 81
26 168
26 220
26 301
26 682
27 86
27 343
27 511
27 574
27 737
27 771
27 807
28 168
28 193
28 386
28 424
28 516
28 799
28 941
28 954
28 979
29 81
29 218
29 396
29 610
29 613
29 695
29 712
29 789
29 913
29 968
30 79
30 113
30 170
30 370
30 430
30 604
31 184
31 281
31 316
31 395
31 451
31 457
31 654
31 676
31 805
31 989
32 33
32 57
32 142
32 325
32 704
32 928
33 128
33 287
33 576
33 644
33 668
34 443
35 333
35 568
35 624
35 758
36 645
37 121
37 274
37 529
37 613
37 824
38 131
38 182
38 391
38 422
38 511
38 933
39 456
39 644
39 733
39 813
39 899
39 924
40 343
40 421
40 541
40 632
40 884
41 153
41 363
41 754
41 909
41 989
42 164
42 199
42 315
42 779
42 840
42 847
43 91
43 147
43 338
43 829
43 936
44 110
44 411
44 532
44 797
44 860
44 920
45 70
45 230
45 549
45 850
46 385
46 405
47 604
47 699
47 743
47 930
48 560
48 707
48 861
48 920
49 100
49 272
49 292
49 507
49 658
49 662
49 913
50 130
50 363
50 418
50 667
50 821
50 982
51 76
51 299
51 382
51 654
51 671
51 692
51 954
52 334
52 394
52 794
52 917
52 999
53 357
53 362
53 392
53 543
53 555
53 579
54 535
54 626
54 934
55 124
55 264
55 397
55 804
56 89
56 352
56 825
57 219
57 271
57 298
57 376
57 673
57 682
57 852
57 871
57 907
57 984
58 65
58 109
58 206
58 272
58 539
58 623
58 653
58 772
58 781
58 791
58 950
59 93
59 368
59 676
60 65
60 500
60 756
60 764
61 165
61 375
61 451
61 506
61 727
61 809
61 835
61 876
62 74
62 371
63 344
63 578
63 957
64 198
64 205
64 268
64 369
64 685
64 833
64 838
64 936
65 115
65 362
65 401
65 570
65 760
65 765
65 783
65 787
66 309
66 318
66 392
66 505
66 556
66 707
66 818
67 68
67 128
67 485
67 592
67 699
67 790
67 797
67 832
68 151
68 182
68 776
68 898
69 85
69 151
69 205
69 509
69 525
69 840
69 919
70 73
70 170
70 423
70 478
70 771
70 981
71 421
71 438
71 441
71 716
71 993
72 81
72 90
72 190
72 340
72 533
72 661
72 730
72 804
72 979
73 392
73 470
73 799
73 872
73 906
74 270
74 479
74 583
74 805
75 353
75 416
75 648
75 649
75 839
76 154
76 345
76 698
76 792
76 797
77 148
77 352
77 477
77 562
77 604
77 653
78 139
78 450
78 525
78 679
78 716
78 772
78 799
78 866
79 97
79 116
79 366
79 706
79 840
80 217
80 269
80 396
80 484
80 553
80 603
80 683
80 748
80 775
81 198
81 205
81 260
81 287
81 353
81 422
81 445
81 500
81 735
82 507
82 812
82 837
82 951
83 124
83 404
83 500
83 678
83 717
84 118
84 264
84 298
84 355
84 626
84 691
84 975
85 112
85 186
85 197
85 277
85 554
85 679
86 134
86 203
86 798
86 816
87 230
87 322
87 584
87 631
87 804
87 811
88 326
88 456
88 537
88 544
88 853
88 864
88 893
89 260
89 287
89 524
89 536
89 577
89 582
89 765
89 770
89 802
89 921
89 994
90 93
90 187
90 204
90 225
90 237
90 436
90 693
90 738
90 960
90 972
91 98
91 142
92 177
92 616
92 756
93 186
93 290
93 292
93 478
93 479
93 509
93 843
94 143
94 187
94 388
94 673
94 987
95 108
95 120
95 298
95 564
95 642
95 680
95 810
95 995
96 491
96 520
96 534
96 802
96 896
96 906
96 962
97 386
97 786
97 951
98 174
98 206
98 328
98 401
98 485
98 625
98 813
98 938
99 152
99 254
99 415
99 492
99 676
99 984
100 635
100 960
101 463
101 636
102 243
102 262
102 656
102 790
102 816
102 910
103 422
103 491
103 583
103 641
103 684
103 759
103 948
104 142
104 371
104 411
104 771
104 987
104 993
105 720
105 788
105 891
105 953
105 979
106 315
106 434
106 458
106 636
107 675
107 952
108 229
108 534
108 825
109 115
109 289
109 317
109 362
109 383
109 462
109 494
109 522
109 681
109 731
109 916
110 198
110 494
110 710
110 833
111 132
111 450
111 778
111 937
112 182
112 283
112 626
112 835
113 322
113 918
114 207
114 440
114 479
114 655
114 891
115 150
115 174
115 238
115 461
115 623
115 777
116 305
116 453
116 700
116 710
116 741
116 746
116 821
116 945
117 285
117 299
117 491
117 600
117 809
117 991
118 230
118 255
118 915
119 281
119 304
119 773
119 917
119 927
120 314
120 498
120 710
120 743
120 854
121 191
121 201
121 240
121 277
121 404
121 484
121 485
121 502
121 573
121 625
121 635
121 657
121 732
121 983
122 136
122 189
122 194
122 362
122 646
122 712
123 169
123 406
123 524
123 578
123 858
124 172
124 524
124 653
124 770
124 855
124 926
124 950
125 162
125 320
125 371
125 398
125 524
125 630
125 887
125 943
125 986
126 433
126 685
126 869
127 253
127 666
127 725
127 876
127 976
127 995
128 922
128 952
129 279
129 422
129 685
130 397
130 793
130 915
131 567
131 756
131 900
131 908
132 163
132 166
132 210
132 297
132 915
133 873
133 924
133 925
134 747
135 190
135 232
135 285
135 424
135 818
135 931
135 958
136 178
136 191
136 213
136 612
136 951
136 960
137 167
137 265
137 419
137 453
137 535
137 864
137 866
137 904
138 361
138 374
138 397
138 423
138 498
138 502
138 560
138 629
138 667
138 841
139 149
139 189
139 211
139 396
139 538
139 658
139 802
139 871
140 361
140 517
140 681
140 722
140 750
140 812
141 250
141 749
141 887
141 949
142 337
142 792
143 211
143 382
143 730
143 794
144 448
144 684
144 840
145 214
145 454
145 553
145 654
145 707
145 736
145 831
145 896
145 942
146 482
146 608
146 618
146 631
146 690
146 735
146 757
146 952
146 980
147 344
147 363
147 690
147 920
147 960
148 362
148 586
148 623
148 632
148 779
148 781
148 915
148 943
149 222
149 248
149 278
149 336
149 562
149 808
149 817
149 960
150 911
151 456
151 664
151 680
151 829
151 913
152 323
152 337
152 522
152 549
152 656
152 954
153 189
153 205
153 271
153 614
153 680
153 736
154 238
155 214
155 715
156 555
156 777
157 295
157 487
157 695
157 726
157 771
157 846
157 903
158 355
158 503
158 745
159 819
159 962
160 217
160 230
160 419
160 818
161 244
161 321
161 765
161 807
162 594
162 629
162 700
163 172
163 437
163 638
163 807
163 828
163 882
164 203
164 448
164 493
164 550
164 569
165 246
165 495
165 519
165 622
165 652
165 878
166 340
166 412
166 802
166 912
167 402
167 431
167 615
167 916
167 988
168 202
168 966
168 991
169 357
169 482
169 509
169 713
169 795
170 223
170 609
170 631
170 828
170 871
170 941
171 679
171 714
171 720
171 812
171 829
172 562
172 669
172 894
173 387
173 441
173 584
173 844
174 314
174 402
174 417
174 552
174 569
174 726
174 896
175 242
175 292
175 299
175 364
175 420
175 930
175 957
176 273
176 451
176 557
176 811
176 926
177 380
177 598
177 675
178 299
178 569
178 680
178 730
179 284
179 317
180 192
180 213
180 258
180 315
180 405
180 622
181 257
181 299
181 796
182 252
182 486
182 651
182 736
182 741
182 833
183 248
183 312
183 354
183 470
183 880
184 248
184 251
184 310
184 422
184 565
184 672
184 674
184 776
184 831
185 191
185 252
185 378
185 388
185 437
185 576
186 214
186 273
186 333
186 427
186 593
186 817
187 385
187 466
187 589
187 958
188 425
188 710
188 737
188 977
189 318
189 548
189 587
189 603
189 684
189 982
190 220
190 467
190 491
190 570
190 961
191 799
191 817
192 304
192 317
192 591
192 615
192 634
192 668
192 806
192 813
193 423
193 518
193 949
193 966
194 218
194 305
194 557
194 651
195 281
195 316
195 468
195 515
195 528
195 658
195 820
195 841
195 849
195 950
196 472
196 503
196 724
197 271
197 520
197 604
197 755
197 772
197 791
198 419
198 495
198 666
198 925
199 307
199 336
199 389
199 616
199 765
199 826
199 828
199 942
200 238
200 588
200 736
200 811
201 267
201 534
201 556
201 788
202 259
202 327
202 512
202 550
202 706
202 723
202 727
202 954
203 260
203 515
203 792
204 328
204 471
204 685
204 724
204 739
204 749
205 226
205 505
205 538
205 572
205 850
205 943
206 366
206 367
206 460
206 500
206 644
206 857
207 211
207 315
207 389
207 741
207 976
207 990
208 529
208 726
208 827
208 893
209 232
209 276
209 292
209 392
209 638
209 742
209 755
210 251
210 281
210 482
210 539
210 608
210 687
211 251
211 647
212 271
212 333
212 431
212 438
212 567
212 570
212 603
212 691
212 923
213 607
214 237
214 897
215 302
215 467
215 514
215 526
215 879
216 358
216 518
216 779
217 472
217 508
217 518
217 610
217 639
217 644
217 649
217 726
217 737
217 928
218 222
218 225
218 493
218 630
218 687
218 766
218 769
218 916
219 347
219 619
219 775
219 837
220 583
220 668
220 862
220 979
221 258
221 443
221 466
221 676
221 724
222 316
222 374
222 513
222 735
222 908
223 279
223 301
223 526
223 555
223 733
223 859
224 313
224 388
224 400
224 517
224 524
224 581
224 636
224 875
224 978
225 456
225 468
225 532
225 560
225 902
225 906
226 396
226 436
226 471
227 438
227 572
227 785
227 972
228 409
228 452
228 511
228 537
228 636
228 773
229 287
230 379
230 793
230 880
230 963
231 263
231 350
231 644
231 936
233 576
234 273
234 614
234 708
234 767
234 988
235 567
235 597
235 744
235 844
235 936
236 350
236 427
236 549
236 589
236 653
236 948
236 981
237 278
237 328
237 344
237 545
237 665
237 716
237 762
237 959
238 325
238 474
238 528
238 549
238 624
238 677
238 714
238 924
238 930
239 269
239 319
239 382
239 463
239 590
239 751
240 291
240 298
240 530
240 603
240 621
240 644
240 681
240 735
240 904
240 954
240 982
240 987
241 249
241 443
241 517
241 604
241 717
242 295
242 358
242 430
242 606
242 749
243 289
243 340
243 438
243 589
243 808
243 919
244 351
244 590
244 770
244 789
244 796
244 883
244 892
245 274
245 349
245 394
245 410
245 444
245 465
245 502
245 595
245 729
245 830
245 831
245 840
246 259
246 331
246 345
246 912
247 504
248 575
248 861
248 883
248 967
249 336
249 422
249 629
249 684
249 947
249 969
250 392
250 394
250 601
250 655
250 699
250 760
250 891
251 272
251 481
252 289
252 362
252 479
252 655
252 820
253 344
253 353
253 409
253 464
253 503
253 977
254 303
254 464
254 671
254 738
254 858
255 331
255 426
255 671
255 775
255 857
255 871
255 931
256 384
256 426
256 593
256 685
256 841
256 859
256 887
256 893
257 304
257 312
257 445
257 606
258 881
259 309
259 313
259 499
259 809
259 833
259 880
260 280
260 516
260 761
260 831
260 886
260 993
261 289
261 372
261 393
261 811
261 853
261 881
262 347
262 524
262 601
262 988
262 993
263 375
263 651
263 667
263 811
263 949
263 950
264 365
264 404
264 987
265 524
265 692
265 748
265 771
265 795
265 805
266 392
266 540
266 785
266 998
267 303
267 386
267 951
268 680
268 723
268 748
268 869
268 969
269 563
269 884
269 932
269 973
270 315
270 408
270 499
270 650
270 815
270 818
270 885
270 941
271 310
271 403
271 673
271 701
271 733
271 857
272 284
272 359
272 447
272 529
272 844
273 641
273 780
273 836
273 838
273 953
274 425
274 444
274 465
274 547
274 569
274 598
275 352
275 387
275 396
276 644
276 748
276 896
276 943
277 297
277 346
277 418
277 449
277 503
277 911
278 389
278 494
278 811
278 814
279 356
279 372
279 415
279 422
279 577
279 855
280 624
280 702
280 770
280 797
281 463
281 766
282 545
282 816
282 989
283 301
283 321
283 323
283 636
283 683
284 500
284 814
285 382
285 742
285 867
285 976
286 384
286 597
286 626
286 883
287 295
287 310
287 508
287 677
287 891
288 322
288 333
288 485
288 765
288 922
288 942
288 979
289 606
289 705
289 948
289 990
290 303
290 788
290 895
290 906
291 350
291 412
291 852
292 381
292 636
292 644
293 361
293 398
293 635
293 943
294 403
294 785
294 893
294 958
295 337
295 473
295 476
295 728
296 484
296 537
296 548
296 607
296 828
296 937
296 974
296 988
297 622
297 871
298 553
298 586
298 820
298 844
298 952
298 995
299 548
299 962
300 312
300 323
300 432
300 664
300 792
301 333
301 344
301 385
301 433
301 511
301 643
301 681
301 690
301 832
301 953
302 379
302 402
302 450
302 930
303 326
303 417
303 444
303 526
303 706
303 773
303 818
304 389
304 630
304 725
304 850
304 966
305 401
305 494
306 446
306 685
306 862
307 426
307 666
307 679
307 763
308 348
308 777
308 938
309 312
309 419
309 546
309 630
309 681
309 686
310 754
310 788
310 857
311 519
311 596
311 777
311 855
311 902
311 922
312 556
312 658
312 669
312 743
312 761
312 774
312 952
313 853
314 440
314 839
314 843
315 371
315 417
315 440
315 454
315 697
316 363
316 849
316 875
317 344
317 532
317 548
317 867
317 912
318 321
318 576
318 718
318 783
319 386
320 394
320 432
320 545
320 585
320 656
320 876
321 340
321 423
321 472
321 500
321 595
321 617
321 674
321 877
321 945
322 693
322 778
322 814
322 817
322 988
323 472
323 513
324 359
325 417
326 343
326 530
326 754
326 908
327 410
327 420
327 596
327 622
327 715
327 889
327 899
328 437
328 748
328 890
329 549
329 559
329 748
329 922
330 787
330 911
330 948
331 454
331 504
331 612
331 677
331 941
331 943
331 998
332 346
332 610
332 698
333 334
334 368
334 609
334 689
334 703
334 760
334 973
335 347
335 630
335 748
335 833
335 925
336 351
336 365
336 593
336 626
336 844
336 886
336 913
337 437
337 449
337 459
337 462
337 773
338 390
338 409
338 416
338 504
338 538
338 619
338 692
338 953
339 397
339 945
340 532
340 636
340 727
340 777
340 928
341 527
341 577
341 736
341 813
341 970
342 611
344 496
344 757
344 759
344 967
345 450
345 451
345 458
345 537
345 701
345 721
345 770
345 776
345 802
345 811
345 815
345 879
346 650
347 453
348 607
348 833
349 497
349 552
349 887
350 387
350 542
350 699
350 970
350 978
351 412
351 424
351 474
351 596
351 900
351 986
352 607
352 767
352 947
353 435
353 487
353 907
353 980
354 524
354 586
354 886
354 974
354 995
355 541
356 418
356 650
356 713
357 467
357 772
357 933
358 454
358 513
358 538
358 775
358 819
359 650
359 760
360 482
360 901
361 528
361 946
362 942
362 978
364 388
364 489
364 590
364 594
364 680
364 784
364 862
365 563
365 649
365 769
365 811
365 855
366 383
366 420
366 458
366 462
366 490
366 512
366 589
366 652
366 749
366 971
367 460
367 582
367 841
367 880
367 956
368 512
368 693
368 727
368 830
368 887
369 413
369 625
369 710
369 918
369 968
369 995
370 377
370 481
370 628
370 734
370 960
371 386
371 479
371 604
371 941
372 415
372 452
372 457
372 553
372 587
372 680
372 719
372 978
373 630
373 770
373 833
374 489
374 499
374 742
374 810
374 820
374 865
374 920
375 523
375 671
376 396
376 420
376 678
376 805
376 824
376 865
377 411
378 889
378 948
379 425
379 508
380 428
380 564
380 572
380 665
381 649
381 674
381 718
381 827
381 839
381 928
381 984
382 469
382 597
382 669
382 740
382 792
382 999
383 789
383 842
384 503
384 715
384 856
384 877
385 430
385 736
385 799
385 803
385 985
386 885
387 494
387 819
387 936
388 421
388 423
389 486
389 594
390 496
390 526
391 682
391 918
392 404
392 411
392 439
392 585
392 727
392 775
392 876
392 936
393 998
394 634
394 813
394 904
394 938
395 506
395 689
395 950
396 485
396 607
397 644
397 675
397 833
397 952
397 979
398 543
398 555
398 846
398 909
399 534
399 669
399 868
399 882
399 896
400 548
401 698
401 734
401 926
402 469
402 579
402 745
402 878
403 553
403 613
403 696
403 944
403 974
403 977
404 592
404 708
404 820
404 919
404 935
405 427
405 611
405 815
405 833
406 540
406 567
406 920
407 531
407 736
408 446
408 795
409 416
409 715
410 541
410 610
411 473
412 604
412 699
412 760
412 837
412 969
413 434
413 576
413 665
413 751
413 783
413 796
413 814
413 894
414 434
414 450
414 541
414 630
414 659
415 658
415 667
415 716
415 802
415 862
416 597
417 453
417 518
417 658
417 683
418 755
419 904
420 645
420 788
420 833
420 843
420 849
420 886
421 522
421 745
421 770
421 829
422 495
422 607
422 908
422 954
423 428
423 523
424 660
424 669
424 822
425 640
425 701
425 810
425 938
426 550
426 569
426 613
427 484
427 572
427 645
427 876
427 984
428 873
429 554
429 615
429 959
430 534
430 711
430 767
432 737
433 516
433 675
433 821
433 929
434 522
434 600
434 895
434 904
434 984
435 545
435 963
436 679
437 702
437 994
438 463
438 474
438 610
438 744
438 799
438 840
438 926
439 563
439 749
439 756
439 942
440 503
440 665
440 876
440 978
441 816
441 889
441 908
441 943
441 966
441 999
442 910
442 948
443 491
443 514
443 574
443 672
443 805
443 895
445 715
445 823
445 884
445 917
446 479
446 523
446 525
446 753
446 966
447 571
447 615
448 962
449 455
449 515
449 620
449 883
449 957
450 479
450 665
450 996
451 533
451 575
451 741
451 841
451 867
452 503
452 619
452 739
452 862
453 650
453 809
453 870
453 931
453 950
454 703
454 789
454 890
454 916
454 960
455 766
456 747
456 894
457 712
457 814
458 544
458 565
458 570
458 921
459 534
459 535
459 580
459 760
459 815
459 859
460 527
460 553
460 605
460 709
460 786
460 794
461 922
462 581
462 689
462 802
462 971
463 469
463 656
463 739
463 823
463 832
464 585
464 616
464 767
464 898
465 768
465 962
466 896
468 485
468 615
468 764
468 876
469 704
469 750
470 821
471 537
471 905
471 936
472 474
472 590
472 620
472 785
472 787
472 801
472 833
472 961
473 773
473 883
474 763
474 922
474 935
474 991
475 522
475 523
475 837
475 840
475 896
476 618
476 924
477 559
477 968
477 990
478 509
478 771
478 811
478 827
479 555
479 767
479 801
479 842
480 529
480 640
480 710
480 756
480 871
480 946
481 611
481 749
481 786
481 788
482 876
483 650
483 671
484 626
484 675
484 805
485 497
485 570
485 893
486 523
486 714
486 751
486 793
486 821
486 872
487 699
487 737
487 903
488 816
489 711
489 836
489 928
490 491
490 517
490 567
490 812
491 710
491 747
492 556
492 742
492 880
492 949
493 518
493 903
494 498
494 687
494 812
494 834
494 837
494 995
495 629
495 857
496 795
496 856
496 875
496 982
497 797
498 570
498 921
498 963
499 973
500 581
500 626
500 727
500 770
500 859
500 922
501 621
501 674
501 718
501 830
501 878
502 793
502 834
502 890
502 892
502 922
503 563
503 693
503 870
503 897
503 913
503 963
504 519
504 754
505 758
505 841
505 961
506 839
507 616
507 629
507 945
508 553
508 600
508 798
508 954
508 989
509 531
509 983
510 900
511 528
511 940
512 579
512 700
512 734
512 827
512 855
513 571
513 580
513 587
515 591
515 732
515 836
515 845
515 985
516 561
516 839
516 941
517 785
518 523
518 555
518 836
518 930
518 972
519 591
519 631
519 939
519 997
520 670
520 723
520 725
521 551
521 599
521 863
521 927
522 773
522 822
522 916
523 654
523 705
523 959
524 983
525 535
525 602
525 714
525 739
525 883
525 982
526 604
526 629
526 665
526 932
527 656
527 721
527 976
528 645
528 796
529 674
529 830
529 884
530 536
530 669
530 919
530 950
530 995
531 912
532 945
532 979
533 613
533 691
533 969
534 623
534 995
535 737
535 916
536 672
536 964
536 976
538 738
538 837
538 941
539 613
539 704
539 797
539 822
540 724
541 623
541 880
541 925
542 995
543 559
543 572
543 613
543 904
544 727
544 736
544 877
544 995
545 566
545 636
545 957
546 594
547 627
548 739
548 784
548 924
548 972
549 560
549 793
549 794
550 624
550 739
550 986
551 626
551 711
551 732
552 698
552 983
553 641
553 820
553 826
553 912
554 572
554 683
554 811
554 874
554 898
554 905
554 997
555 653
555 883
556 587
556 708
556 761
556 762
557 560
557 672
557 921
558 661
558 911
559 756
560 825
560 996
561 692
561 956
563 626
563 735
563 756
563 897
564 592
564 612
564 809
564 867
565 825
565 888
566 917
566 921
566 946
567 767
567 806
567 845
568 597
568 862
569 583
569 613
570 684
570 852
570 869
571 712
571 878
572 622
572 809
572 885
572 971
573 923
574 597
574 617
574 666
574 668
574 770
574 823
574 880
575 724
575 763
575 819
575 826
575 879
576 586
576 897
576 937
577 705
578 584
578 767
578 943
579 593
579 667
579 903
579 966
580 801
580 853
580 872
580 885
581 953
582 653
582 734
582 955
583 833
583 870
584 669
584 688
584 873
584 928
584 939
584 989
585 673
585 747
585 757
585 759
585 762
586 685
586 890
587 741
587 808
587 843
589 903
589 962
590 620
590 624
590 819
591 823
592 696
592 708
593 690
593 731
594 755
595 702
595 773
595 918
596 746
596 752
596 765
597 609
597 938
597 979
598 773
599 675
599 955
600 646
600 773
600 919
601 725
601 850
602 699
602 842
603 955
604 782
604 984
605 667
605 672
605 779
605 844
606 765
606 943
607 665
607 753
607 875
608 824
609 989
611 687
611 770
611 815
611 970
612 652
612 695
612 902
614 807
614 822
614 970
615 790
615 854
615 932
616 706
616 866
616 874
617 735
617 866
618 662
618 746
620 626
620 744
620 747
621 622
621 718
621 753
621 776
621 882
623 946
623 983
624 651
624 803
624 889
625 720
625 924
626 729
627 827
627 986
629 822
630 860
631 663
631 691
631 728
631 762
632 832
632 897
632 978
633 838
634 861
635 916
636 765
636 827
636 831
636 844
636 973
637 662
637 820
638 775
640 705
640 892
640 947
642 977
643 675
643 698
643 710
643 873
643 929
644 763
644 867
644 959
646 704
646 789
646 819
646 976
647 796
647 952
648 695
648 784
648 895
648 984
649 784
649 857
649 918
649 964
650 665
650 675
650 711
650 913
651 675
651 749
652 703
653 703
653 747
653 750
653 824
653 954
654 769
655 786
655 812
655 891
656 922
657 702
657 902
658 969
659 989
660 733
660 973
661 797
661 808
661 910
662 931
663 722
664 836
664 876
664 927
665 792
665 845
665 973
667 691
668 882
668 930
670 749
670 946
671 800
671 871
672 995
673 826
673 947
674 702
674 762
674 891
675 681
675 797
675 803
675 806
675 900
675 984
676 686
677 816
678 778
678 905
678 940
679 703
679 792
680 836
680 952
682 813
683 895
684 786
684 882
684 918
684 972
684 991
684 998
685 841
685 846
686 740
686 781
688 735
688 787
689 783
689 786
690 696
690 832
690 876
691 694
691 858
691 963
692 721
692 794
692 799
692 925
693 796
693 901
694 813
694 914
697 721
697 763
698 708
698 724
698 844
698 886
699 758
699 852
699 868
699 902
700 842
700 963
701 968
702 723
702 787
702 937
702 989
703 982
704 808
705 776
705 785
705 866
705 930
707 723
707 845
707 857
708 776
708 984
710 783
712 907
712 939
712 979
713 986
714 928
714 980
716 860
717 761
718 751
718 893
718 919
718 978
719 903
720 734
720 761
720 899
720 931
720 935
722 974
723 901
723 998
725 748
726 771
726 783
726 992
728 734
728 762
729 806
730 735
731 906
731 971
732 955
732 999
733 781
733 806
733 828
733 952
734 778
734 821
734 883
734 924
735 745
735 891
735 924
737 863
737 972
738 781
738 899
739 762
740 880
740 914
740 942
741 980
742 743
742 858
742 936
743 780
743 994
744 875
744 890
745 856
745 945
745 996
746 853
746 898
746 939
747 780
749 786
749 866
750 778
750 788
750 828
750 893
750 977
751 848
751 897
752 916
754 838
754 974
754 982
755 989
756 850
756 881
756 883
756 923
759 850
759 928
760 789
760 795
760 872
760 929
761 913
762 965
762 984
763 911
765 908
765 976
766 827
767 883
768 772
768 883
769 927
770 915
772 949
773 821
773 836
773 849
773 895
775 906
775 963
777 799
777 954
779 846
780 809
780 850
780 876
780 927
782 933
782 983
783 891
785 812
785 972
786 813
787 853
788 956
788 984
789 809
789 965
792 891
792 939
793 848
793 917
796 821
796 988
798 900
799 914
799 985
800 826
801 908
802 811
802 918
804 819
804 953
805 818
805 978
806 807
809 941
809 953
809 980
810 821
810 999
811 835
811 839
811 846
811 890
811 998
813 850
814 991
815 848
815 870
816 882
818 824
819 967
820 826
822 848
824 898
824 986
825 896
826 913
826 919
827 950
828 955
830 945
830 948
831 915
831 938
835 884
835 968
835 985
836 840
837 907
837 975
838 932
840 917
843 918
844 932
845 860
845 875
845 956
847 960
850 971
851 861
852 928
852 951
853 865
853 984
854 890
856 873
856 983
858 908
858 929
859 898
860 942
862 904
862 977
863 885
864 885
864 914
866 927
867 895
867 978
868 986
869 891
872 954
874 910
874 959
876 888
877 958
878 999
879 903
881 995
885 895
885 922
888 896
891 936
891 939
893 962
893 966
894 949
899 987
901 927
901 962
902 954
903 939
907 980
911 988
916 972
917 963
919 996
919 999
921 974
923 958
925 959
926 928
926 978
931 961
935 959
937 997
944 968
952 980
954 975
965 976
966 983
969 991
977 983
981 996
