0 68
0 149
0 232
0 333
0 391
0 397
0 695
0 932
0 992
1 362
1 630
1 693
1 812
2 315
2 907
3 170
3 445
3 965
4 93
4 114
4 231
4 954
5 189
5 216
5 504
5 758
6 10
6 89
7 27
7 121
7 878
8 22
8 190
8 206
8 310
8 386
8 536
8 956
9 208
9 296
9 635
10 304
10 659
10 938
10 944
11 45
11 48
11 327
11 435
11 758
12 213
12 455
12 477
12 701
12 783
12 803
12 830
12 836
13 209
13 367
13 445
13 658
13 700
13 790
14 159
14 366
14 391
14 553
14 810
14 992
15 32
15 283
15 289
15 562
15 753
15 807
15 814
15 862
15 876
16 52
16 200
16 276
16 501
16 751
16 765
16 799
16 905
17 469
17 498
17 973
18 106
18 219
18 442
18 895
18 903
19 197
19 241
19 263
19 269
19 291
19 446
20 161
20 706
20 777
20 842
20 858
20 860
21 62
21 354
21 542
21 555
21 648
21 764
21 908
21 957
22 79
22 199
22 258
22 262
22 645
22 704
22 862
22 974
23 399
23 421
23 538
23 652
23 866
24 206
24 221
24 275
24 357
24 421
24 520
25 49
25 650
25 670
25 771
25 856
25 944
26 317
26 455
27 199
27 219
27 349
27 429
27 497
27 535
27 598
27 701
27 821
28 198
28 365
28 670
28 700
28 860
29 309
29 481
29 537
29 680
29 925
29 944
30 139
30 179
30 227
30 306
30 366
30 380
30 447
30 864
30 867
30 962
31 137
31 188
31 308
31 346
31 387
31 808
31 858
31 892
31 950
32 175
32 250
32 636
32 899
32 931
33 122
33 203
34 102
34 130
34 227
34 292
34 461
34 539
35 347
35 661
35 905
36 134
36 237
36 251
36 806
36 848
36 901
37 54
37 56
37 371
37 511
37 558
37 697
37 746
37 952
38 65
38 164
38 206
38 388
38 559
38 582
39 176
39 358
39 657
39 898
40 133
40 155
40 161
40 244
40 288
41 64
41 74
41 504
41 519
41 788
41 812
42 697
42 867
43 563
43 747
44 81
44 232
44 688
44 737
45 260
45 286
45 348
45 518
45 525
45 823
45 921
46 74
46 185
46 406
46 447
46 456
46 594
46 623
46 657
46 686
46 747
47 100
47 240
47 453
47 561
47 616
47 625
47 652
47 826
48 547
48 641
48 646
48 688
48 756
48 851
49 155
49 228
49 334
49 402
49 491
49 616
49 828
49 839
50 244
50 421
50 681
50 842
50 863
51 131
51 171
51 506
51 560
51 573
52 84
52 474
52 518
52 906
52 984
53 200
53 265
53 512
53 562
53 716
53 845
53 880
53 943
54 72
54 320
54 330
54 472
54 657
54 803
54 828
54 904
55 148
55 294
55 376
55 394
55 477
55 558
55 577
55 670
55 982
56 127
56 225
56 401
56 592
56 701
56 708
56 737
56 888
56 926
57 187
57 517
57 694
57 959
58 531
58 569
58 580
58 815
58 928
59 381
59 458
59 586
59 634
59 685
59 705
59 715
59 974
60 139
60 311
60 438
60 544
60 671
60 719
60 948
61 67
61 141
61 166
61 297
61 507
61 938
61 950
62 606
62 657
62 810
63 316
63 412
63 903
63 984
63 989
64 225
64 254
64 393
64 657
64 710
64 949
64 951
65 165
65 464
65 519
65 565
65 805
66 74
66 320
66 325
66 487
66 611
66 781
67 286
67 694
67 824
67 956
68 73
68 594
68 600
68 719
68 796
69 279
69 364
69 492
69 706
69 788
69 815
69 960
70 141
70 288
70 363
70 846
70 873
71 322
71 510
71 747
71 788
71 953
72 187
72 496
72 823
72 862
72 885
73 121
73 128
73 221
73 410
73 449
73 524
73 781
73 995
74 260
74 598
74 658
74 669
74 793
74 836
75 117
75 198
75 242
75 256
75 315
75 474
75 764
75 943
76 363
76 543
76 596
76 697
76 749
77 110
77 135
77 231
77 238
77 369
77 557
77 611
77 733
77 787
77 802
77 826
77 852
77 901
77 935
78 153
78 247
78 342
78 488
78 512
78 623
78 729
78 916
79 650
79 992
80 284
80 356
80 485
80 579
80 592
80 602
80 766
80 902
80 962
81 142
81 481
81 626
82 91
82 743
83 91
83 260
83 265
83 345
83 665
83 895
84 254
84 535
84 556
84 646
84 754
84 854
85 237
85 313
85 361
85 430
85 483
85 533
86 171
86 500
86 538
86 612
86 656
87 129
87 288
87 389
87 534
87 538
87 706
87 922
87 955
88 237
88 530
88 572
89 349
89 393
89 518
89 655
90 154
90 203
90 307
90 483
91 169
91 265
91 340
92 326
92 604
93 110
93 278
93 682
93 793
93 965
94 461
94 958
95 198
95 253
95 370
95 815
96 287
96 308
96 484
96 562
96 572
96 863
97 152
97 401
97 564
97 687
97 697
98 528
98 822
98 838
98 877
99 127
99 172
99 233
99 581
99 845
99 881
100 160
100 221
100 330
100 354
100 564
100 602
100 855
100 891
101 315
101 487
101 772
101 884
102 219
102 484
102 486
102 862
102 991
103 165
103 240
103 587
103 819
103 950
104 381
104 672
104 813
104 849
105 123
105 175
105 473
106 275
106 404
106 602
106 950
107 310
107 532
107 629
107 765
107 800
108 155
108 268
108 567
108 673
108 775
108 920
109 230
109 402
109 430
109 775
109 890
110 411
110 913
110 989
110 996
111 376
111 508
112 213
112 284
112 411
112 481
112 545
112 670
112 677
113 281
113 557
113 565
113 566
113 869
113 884
113 952
114 295
114 560
114 690
115 121
115 210
115 261
115 565
115 780
115 909
116 217
116 474
116 566
116 659
116 811
116 893
116 950
116 981
117 390
117 397
117 685
117 718
117 881
118 240
118 599
118 632
118 713
119 642
119 667
119 793
119 822
119 932
120 123
120 273
120 861
120 914
120 994
120 996
121 655
121 965
122 197
122 516
122 544
122 598
122 766
122 797
122 824
123 187
123 350
124 244
124 638
124 669
125 345
125 783
126 235
126 244
126 330
126 657
126 707
126 710
126 771
126 905
127 439
127 934
128 415
128 461
128 666
128 775
128 782
129 337
129 494
129 614
129 828
129 834
129 999
130 219
130 451
130 494
131 277
131 496
131 696
131 861
131 962
132 221
132 328
132 500
132 542
132 571
132 617
132 667
132 933
133 196
133 253
133 488
133 557
133 668
133 880
134 471
134 498
134 821
135 217
135 388
135 398
135 597
136 939
137 258
137 340
137 450
137 772
137 893
138 147
138 248
138 261
138 298
138 436
138 567
139 176
139 183
139 545
140 168
140 251
140 430
140 431
140 509
140 953
141 177
141 272
141 273
141 304
141 804
141 876
141 971
141 985
142 186
142 430
142 518
142 667
142 739
142 884
142 948
143 315
143 384
143 605
143 709
144 224
144 376
144 816
145 473
145 521
145 899
146 292
146 487
146 592
146 942
147 340
147 401
148 186
148 354
148 715
148 767
148 836
149 475
149 537
149 648
149 820
149 831
150 202
150 442
150 690
150 722
150 957
151 270
151 280
151 408
151 450
151 471
151 537
151 706
151 828
152 184
152 319
152 371
152 526
152 527
152 689
152 693
152 833
153 220
153 547
154 545
154 695
154 774
154 869
155 171
155 183
155 284
155 321
155 633
155 716
155 783
155 897
155 947
156 359
156 386
156 686
156 688
157 366
157 581
157 608
157 623
158 329
158 590
158 604
158 631
158 825
158 855
158 918
159 742
159 933
160 226
160 409
161 250
161 372
161 446
161 471
161 508
161 656
161 891
162 213
162 289
162 447
162 661
162 989
163 262
163 311
163 447
163 669
163 710
163 806
163 903
164 405
164 541
164 708
164 922
165 257
165 489
165 822
165 823
165 886
166 188
166 304
166 347
166 398
166 802
167 209
167 394
167 425
167 442
167 499
167 531
167 822
168 429
168 554
168 764
168 895
168 974
169 241
169 399
169 417
169 693
170 186
170 319
170 573
170 676
171 245
171 408
171 902
171 912
172 437
172 557
172 672
172 863
173 284
173 293
173 343
173 405
173 490
173 654
173 998
174 282
174 511
174 594
174 645
174 885
175 236
175 251
175 414
175 464
175 681
175 880
176 539
176 763
176 790
177 375
177 519
177 796
177 809
177 929
178 362
178 568
178 678
178 681
178 841
179 183
179 232
179 429
179 557
179 771
179 790
179 852
180 197
180 490
180 661
180 923
181 245
181 248
181 993
182 398
182 428
182 476
182 521
182 754
183 934
184 343
184 440
184 584
184 586
184 632
184 811
185 243
185 296
185 374
185 380
185 393
185 696
185 835
186 856
187 244
187 662
187 713
187 835
188 222
188 294
188 858
189 258
189 658
189 764
189 974
190 670
190 815
190 908
190 997
191 282
191 370
191 678
191 933
192 285
192 492
192 757
193 279
193 297
193 434
194 324
194 515
194 709
195 760
196 352
196 691
196 822
197 342
197 350
197 547
197 592
197 703
197 824
198 217
198 427
198 847
199 406
199 633
199 690
199 803
199 896
199 908
200 353
200 472
200 694
200 745
201 407
201 486
201 671
201 970
202 261
202 328
203 414
203 532
203 583
203 682
204 297
204 695
204 727
204 787
204 828
204 968
205 268
205 334
205 512
205 548
205 575
205 719
205 846
205 924
206 511
206 775
207 222
207 328
207 470
207 640
207 925
208 343
208 722
208 946
209 469
209 584
209 856
209 902
209 909
209 974
210 434
210 659
210 805
210 973
210 989
211 424
211 445
211 622
211 712
211 803
212 262
212 433
212 453
212 611
212 657
212 900
213 422
213 492
213 648
213 772
213 810
213 827
213 981
214 319
214 357
214 610
214 654
214 895
215 296
215 538
215 842
216 508
216 837
216 989
217 223
217 281
217 357
217 756
217 772
218 251
218 627
218 631
218 891
219 455
219 812
219 855
220 306
220 377
220 783
221 276
221 453
221 572
221 800
222 519
222 778
222 838
223 409
223 646
223 785
223 897
223 956
224 267
224 646
224 658
224 816
224 848
224 970
225 464
226 751
226 756
226 935
227 324
227 374
227 384
227 393
227 614
228 259
228 459
228 478
228 702
228 796
228 846
229 706
229 981
230 293
230 364
230 446
230 447
231 238
231 598
231 618
231 711
231 769
231 881
232 267
232 358
232 482
232 637
232 894
233 411
233 716
233 777
233 869
233 927
234 305
234 551
234 686
234 792
235 509
236 869
237 335
237 380
237 638
237 680
237 735
237 821
237 847
237 974
238 323
238 392
238 500
238 776
238 850
238 909
239 910
240 460
240 527
240 670
241 762
241 886
242 277
242 427
242 849
242 894
243 308
243 366
243 469
243 598
243 862
243 909
243 970
244 373
244 390
244 500
244 756
244 964
245 584
245 703
245 765
245 775
245 960
246 323
246 428
246 525
246 606
246 950
247 265
247 451
247 708
247 746
247 866
247 888
248 266
248 458
248 518
248 678
248 800
248 843
248 850
248 883
249 280
249 594
249 654
249 671
249 724
249 955
250 933
250 988
251 271
251 429
251 441
251 544
251 646
251 660
251 736
252 258
252 300
252 420
252 427
252 801
252 913
252 931
252 966
253 295
253 382
253 520
253 616
254 358
254 580
254 752
254 798
254 977
255 558
255 771
255 935
256 340
256 707
256 898
256 929
257 503
257 573
257 869
257 969
257 977
258 285
258 314
258 388
258 554
258 559
258 763
259 317
259 380
259 513
259 983
260 934
261 392
261 729
262 491
262 496
262 597
262 713
263 317
263 681
263 784
263 916
263 992
264 380
264 484
264 677
265 528
265 862
266 409
266 596
266 683
266 954
266 982
267 356
267 680
267 686
267 717
268 450
268 524
268 925
269 339
269 793
269 808
269 852
269 873
270 324
270 395
270 461
271 369
271 443
271 483
272 552
272 559
272 616
272 634
272 646
272 694
273 313
273 332
273 482
273 504
273 557
274 550
274 734
274 910
274 941
275 496
275 728
275 787
275 883
276 390
276 400
276 530
276 712
276 941
277 311
277 414
277 424
277 452
277 610
277 859
278 307
278 851
279 284
279 579
279 662
280 332
280 362
280 461
280 572
280 624
280 916
281 347
281 391
281 557
281 674
281 844
281 923
281 961
281 984
281 990
282 388
282 772
282 932
283 421
283 456
283 788
283 823
283 834
284 446
284 604
284 955
285 511
285 712
286 293
286 295
286 394
286 523
286 568
286 626
286 762
287 335
288 398
288 710
289 357
289 383
289 428
289 493
289 546
289 610
289 892
289 896
289 985
290 700
290 765
290 921
291 328
291 511
291 597
291 611
291 888
292 627
292 939
292 949
292 955
293 412
293 795
293 892
293 941
293 990
294 324
294 381
294 554
294 581
294 635
294 674
294 692
294 882
294 962
295 499
295 633
295 726
296 417
296 551
297 806
297 889
297 926
298 583
298 745
298 851
298 992
299 896
300 443
300 469
300 533
300 768
300 983
301 561
301 573
301 638
301 676
301 686
301 747
302 408
302 664
302 738
303 465
303 535
303 674
303 683
303 736
303 825
303 935
304 410
304 582
304 698
304 729
304 753
304 809
304 848
305 307
305 459
305 832
306 634
306 960
306 964
307 419
307 695
307 840
307 961
308 410
308 961
309 362
309 836
310 336
310 470
310 541
310 846
311 494
311 727
312 328
312 429
312 475
312 523
312 702
312 877
313 419
313 582
313 699
313 798
313 871
314 358
315 372
315 415
315 435
316 595
316 611
316 663
316 709
317 342
317 625
318 328
318 568
318 687
318 862
318 945
319 516
319 700
319 939
320 409
320 823
321 335
321 358
321 392
321 426
321 444
321 559
321 573
321 591
321 877
322 686
322 708
323 360
323 496
323 857
324 380
324 405
324 563
324 617
324 649
324 741
325 492
325 702
326 482
326 806
326 922
327 629
327 756
327 767
328 495
328 518
328 830
329 368
329 577
329 887
330 398
330 453
330 708
330 712
330 878
330 880
330 912
331 754
331 878
331 920
332 381
332 551
332 621
332 743
332 783
333 444
333 538
333 921
334 558
334 563
334 922
335 479
335 496
335 701
336 395
336 530
336 685
336 769
336 774
336 976
337 343
337 496
337 806
337 851
337 858
337 996
338 358
338 432
338 523
338 724
338 804
338 814
338 912
339 421
339 445
339 456
339 485
339 612
339 697
339 862
339 886
339 890
339 980
340 708
340 714
341 591
341 629
341 689
341 700
342 869
344 432
344 501
344 630
345 626
345 863
345 986
346 618
346 679
346 854
347 405
347 706
347 768
348 383
348 445
348 805
348 999
349 445
349 623
349 921
349 994
350 372
350 417
350 676
350 683
350 718
351 410
351 498
351 510
351 614
351 705
351 810
351 897
352 708
352 716
352 925
353 605
353 824
354 402
354 496
354 533
354 566
354 675
354 710
354 903
354 917
355 369
355 465
355 638
355 751
355 765
355 856
355 959
356 367
356 611
356 710
356 711
356 924
356 977
357 478
357 586
357 644
357 685
357 775
357 950
358 670
358 945
359 378
359 382
359 419
359 704
359 720
360 575
360 613
360 718
361 376
361 550
361 894
362 490
362 902
363 523
363 535
363 583
363 661
363 863
364 375
364 376
364 410
364 482
364 502
364 567
364 602
364 701
364 731
364 754
364 859
365 402
365 472
365 507
365 605
365 683
365 800
365 940
365 985
365 992
366 415
366 449
366 593
366 752
366 893
366 907
366 986
366 996
367 462
367 693
367 841
367 855
367 888
368 416
368 482
368 756
368 948
369 545
369 722
369 726
369 910
370 455
370 591
370 935
371 579
371 872
371 893
371 928
372 446
372 511
372 780
372 975
373 475
373 531
373 703
373 786
374 429
374 498
374 660
374 667
374 700
374 726
374 729
374 811
375 655
375 777
375 879
376 760
376 769
376 843
376 844
377 494
377 629
377 649
377 675
377 702
377 711
377 942
377 973
378 755
378 806
379 626
379 975
380 533
380 801
380 830
380 890
381 757
381 895
382 406
382 525
382 805
382 887
383 698
383 724
383 958
384 407
384 619
384 817
384 827
384 935
385 407
385 650
386 389
386 485
386 605
386 638
386 867
387 514
387 555
387 781
387 821
387 839
387 959
388 503
388 711
388 725
389 545
389 730
389 763
389 920
389 965
390 418
390 434
390 508
390 803
390 805
391 916
392 651
392 826
392 963
393 427
393 447
393 537
393 853
393 900
394 440
394 474
394 777
395 411
395 516
395 536
395 714
395 925
395 991
396 424
396 506
396 508
396 509
396 651
396 664
397 552
397 823
397 954
398 474
398 639
398 660
398 714
398 964
398 974
399 465
399 653
399 802
400 454
400 788
400 928
400 938
401 410
401 775
401 947
402 475
402 553
402 762
402 819
403 540
403 550
403 574
403 737
403 794
403 870
404 751
404 758
404 902
404 915
405 715
405 739
406 712
406 822
407 466
407 651
408 532
409 415
409 634
409 806
410 694
410 853
411 545
412 597
412 646
413 423
413 876
413 898
413 940
414 442
415 496
415 752
415 929
416 639
416 929
416 935
417 498
417 517
417 564
417 887
417 901
417 911
418 536
418 742
418 984
418 986
419 746
419 748
419 941
420 429
420 589
420 822
420 849
420 949
421 441
421 849
422 467
422 469
423 458
423 551
423 629
423 724
423 758
423 823
423 866
424 502
424 545
424 696
425 502
425 587
425 654
425 774
425 857
426 468
426 548
426 571
427 456
427 548
427 800
427 836
427 948
428 490
428 495
428 600
428 784
428 917
428 929
429 683
429 756
429 887
429 932
430 565
430 652
431 984
432 572
432 623
432 771
433 844
434 511
434 527
434 560
434 665
434 744
434 763
434 957
435 445
435 563
435 692
436 682
436 832
437 489
437 803
437 866
437 881
438 532
438 779
438 826
438 988
439 505
439 856
439 895
440 484
440 530
440 540
440 753
440 890
441 519
441 556
441 777
442 456
442 476
442 728
442 953
443 496
443 520
443 624
443 749
443 804
443 883
444 679
444 846
444 937
445 457
445 855
446 515
446 558
447 468
448 923
449 676
450 478
450 513
450 624
450 870
451 550
451 630
452 618
452 619
452 679
452 780
452 952
453 619
453 659
453 685
453 765
453 874
454 482
454 798
454 951
455 801
455 935
456 527
456 569
456 838
456 912
458 848
458 899
458 917
458 960
459 591
459 645
459 894
460 948
460 955
461 573
461 675
461 910
463 616
463 624
463 647
463 657
463 668
463 913
463 961
464 577
464 587
464 606
464 656
464 693
464 711
464 715
464 829
464 874
465 566
465 705
465 717
465 876
465 919
465 987
466 558
466 701
466 759
466 928
467 948
468 722
468 974
469 657
469 720
470 675
470 907
470 927
471 876
471 880
471 952
471 956
472 568
472 758
472 982
472 998
473 680
474 519
474 558
474 687
474 705
474 744
474 846
474 917
475 685
475 792
476 587
476 795
476 979
477 504
477 572
477 688
477 874
477 977
478 662
478 743
479 533
479 617
479 620
479 752
479 862
480 610
480 632
480 790
480 861
480 864
480 990
481 520
481 743
481 758
481 765
482 990
483 605
484 553
484 700
484 825
484 972
485 685
485 762
485 896
486 651
486 680
486 828
486 934
487 620
487 680
487 808
487 826
487 861
487 946
488 504
488 521
488 652
488 660
488 819
489 564
489 746
489 747
489 771
489 792
490 494
490 498
490 539
490 663
490 684
490 722
491 502
491 540
491 652
491 890
493 617
493 648
493 947
494 924
495 737
495 856
495 879
495 973
496 556
496 581
496 947
497 761
497 884
497 924
497 977
498 523
498 620
498 745
498 846
498 928
499 653
499 659
500 645
500 829
501 549
501 698
501 796
502 513
503 625
504 536
504 613
504 684
504 707
504 973
504 977
505 609
505 931
506 760
507 739
507 838
507 898
507 951
508 651
509 859
510 619
510 660
510 697
510 715
510 778
511 531
511 582
511 827
511 942
512 963
513 587
514 866
515 672
515 783
516 533
516 542
516 867
516 875
517 839
518 729
519 591
519 692
519 733
519 854
519 947
520 585
520 612
520 656
520 765
520 800
521 563
521 592
521 595
521 780
521 808
521 910
522 688
522 747
522 889
525 562
525 628
525 648
525 692
525 695
525 990
526 655
526 996
527 557
527 579
527 728
528 538
528 709
528 712
529 820
530 558
530 583
530 614
530 661
530 684
530 837
530 844
531 763
532 817
532 874
532 952
532 968
533 969
534 962
535 572
535 893
535 925
535 938
536 756
537 544
538 599
538 772
538 890
538 954
539 594
539 726
540 666
540 814
540 826
541 578
542 578
542 658
542 924
543 625
543 780
543 805
544 607
544 609
544 673
545 586
545 918
546 678
546 763
546 769
546 793
546 860
546 967
547 671
547 823
547 976
548 666
548 745
549 718
549 798
549 854
549 895
549 898
549 985
551 565
551 591
551 758
551 841
551 871
551 922
552 556
552 742
552 794
553 588
553 692
554 690
554 732
554 928
555 673
555 755
556 734
556 795
556 911
558 787
558 914
559 754
559 791
559 957
559 962
560 578
560 740
560 912
561 608
561 944
561 952
562 921
563 765
563 771
563 780
563 907
563 971
564 569
564 605
565 712
566 648
566 774
566 863
567 753
567 776
567 833
567 868
568 570
568 678
568 697
568 928
568 990
570 715
571 787
572 847
572 865
573 723
573 724
573 786
574 582
574 594
574 631
574 669
574 757
574 808
574 906
574 910
574 983
575 863
575 913
576 699
577 646
577 867
578 904
578 966
579 611
579 647
579 687
580 637
580 645
580 711
581 662
581 720
581 781
581 799
581 825
581 887
582 684
582 802
582 805
582 886
583 730
583 773
584 669
584 685
584 807
585 701
585 704
587 714
587 928
587 972
588 913
589 651
589 838
591 797
592 766
592 874
593 735
593 784
593 998
594 690
594 980
595 651
595 654
595 754
596 849
596 870
596 918
597 630
598 660
598 770
599 618
599 876
599 888
599 998
600 627
600 712
600 925
601 666
601 894
602 660
602 719
602 729
602 752
602 941
603 612
603 772
604 674
604 981
605 686
605 691
605 850
605 857
605 874
605 881
605 918
606 987
607 621
607 885
607 920
608 629
609 782
609 901
609 922
610 696
611 848
611 916
612 744
612 844
613 837
614 641
614 805
614 818
614 845
615 680
615 894
617 771
618 792
618 882
619 955
620 686
620 733
620 777
620 900
621 744
621 816
621 854
621 970
622 704
623 677
624 644
624 674
625 663
625 919
626 681
626 878
626 949
626 953
627 760
628 654
628 953
629 715
629 859
629 957
630 764
631 736
631 859
631 949
631 980
632 649
632 832
632 930
633 674
633 681
633 976
634 718
634 723
634 874
635 744
635 945
636 874
636 900
637 735
637 756
637 879
638 666
638 856
638 906
638 946
638 948
639 842
639 874
639 903
639 994
640 859
640 882
641 775
641 978
642 876
643 877
643 928
644 645
644 955
645 714
645 786
646 776
646 890
647 992
648 871
649 830
650 653
650 705
650 735
650 871
650 983
651 946
651 996
652 907
652 941
654 673
654 867
655 888
655 922
655 969
657 868
657 916
658 813
659 822
659 870
659 977
660 690
660 868
660 885
660 982
661 837
661 839
662 911
663 770
663 833
665 668
665 990
666 906
667 907
667 911
668 755
669 691
669 731
669 758
670 859
670 985
672 723
672 806
673 700
674 830
675 808
675 923
676 798
676 811
676 828
676 887
676 907
676 956
677 787
678 999
679 763
679 806
679 908
679 973
680 932
681 820
681 897
684 719
685 733
685 760
685 803
685 882
685 903
685 952
686 706
687 852
687 872
687 900
689 754
689 862
689 895
689 932
690 842
690 886
692 744
692 761
692 895
693 736
693 788
693 790
693 993
695 786
696 716
696 822
696 856
696 859
696 993
697 857
697 903
697 989
698 702
698 937
700 716
700 742
701 751
703 741
703 798
703 822
703 828
704 718
704 891
704 900
704 988
705 746
705 832
705 837
705 939
706 831
706 952
707 772
707 959
709 745
710 921
711 758
711 766
711 921
711 944
711 969
712 838
713 791
715 893
716 817
717 731
719 822
720 739
720 794
720 821
721 735
721 963
722 835
722 943
722 965
723 898
723 961
723 969
724 825
724 889
725 908
725 973
727 732
727 755
727 821
727 862
727 953
729 961
729 999
730 982
731 756
731 887
733 808
733 833
733 929
733 935
734 870
734 961
734 975
736 821
736 848
736 917
737 827
737 927
738 990
739 853
739 859
739 873
739 970
740 901
741 780
741 980
742 965
742 981
743 796
743 896
743 984
744 890
744 978
745 853
747 839
747 864
747 930
748 828
748 922
749 788
750 972
752 779
752 838
752 878
753 984
754 825
754 936
754 956
755 777
756 929
757 774
758 985
759 784
759 827
759 869
759 900
760 859
761 763
761 845
763 828
763 982
764 826
764 866
765 821
765 887
766 915
766 917
767 804
767 907
767 993
768 904
769 799
769 862
769 987
770 832
770 919
770 967
771 854
771 928
772 905
773 868
774 856
774 879
776 795
776 797
776 990
777 865
778 817
778 972
781 798
781 808
781 810
782 816
783 852
783 857
783 897
784 795
784 840
786 893
788 982
789 890
789 994
790 850
791 962
791 990
794 878
795 906
795 985
795 995
798 836
798 902
798 964
799 854
799 857
800 873
802 935
803 832
803 900
805 833
805 933
806 963
806 979
809 907
809 912
811 973
812 839
813 831
813 906
814 906
814 984
815 822
817 864
819 915
819 920
822 885
822 895
823 974
823 987
825 899
829 865
832 882
833 918
833 962
834 849
835 837
836 858
836 950
836 994
836 996
837 850
837 872
837 997
838 957
839 892
840 988
841 965
843 897
843 915
845 862
847 862
847 954
850 914
852 925
853 866
853 995
857 889
858 868
858 980
859 918
860 942
860 960
861 961
861 969
863 877
863 977
863 983
865 902
865 986
867 902
871 965
871 987
872 972
873 938
874 918
876 968
879 968
882 936
884 888
885 943
886 902
888 904
889 899
889 915
889 990
891 983
893 921
893 998
895 940
898 972
898 979
899 972
900 977
901 924
901 963
903 921
903 968
903 983
912 957
913 930
915 974
916 953
919 986
926 967
926 978
933 950
933 972
935 993
936 973
936 980
938 953
939 986
940 986
948 986
948 989
948 991
948 993
952 959
952 985
954 998
960 977
962 984
965 996
968 975
971 980
