0 85
0 990
1 108
1 128
1 777
2 140
2 234
2 268
2 449
2 680
2 693
2 747
2 964
2 982
3 563
3 626
3 707
3 925
4 65
4 90
4 410
4 703
4 722
4 980
5 221
5 321
5 385
5 393
5 762
5 874
5 913
6 18
6 879
7 284
7 383
7 733
7 823
7 949
7 974
8 64
8 116
8 287
8 541
8 586
8 969
9 122
9 471
9 602
9 777
9 789
9 875
9 892
9 904
10 157
10 209
10 515
10 752
10 937
11 263
11 358
11 446
11 631
11 759
12 557
12 588
12 659
12 732
13 112
13 164
13 207
13 250
13 268
13 326
13 475
13 588
13 967
14 26
14 47
14 478
15 263
15 270
15 428
15 438
16 107
16 196
16 230
16 287
16 400
16 789
16 963
17 375
17 408
17 539
17 581
17 696
17 933
17 957
18 183
18 625
18 653
18 664
19 155
19 383
19 423
19 660
19 679
19 879
20 609
20 621
21 31
21 573
21 827
22 148
22 205
22 266
22 298
22 332
23 45
23 182
23 298
23 554
23 555
23 739
23 747
23 852
24 163
24 349
24 399
24 435
24 808
24 829
24 852
25 411
25 563
25 872
25 906
26 33
26 183
26 362
26 555
26 645
27 465
27 526
28 47
28 70
28 114
28 426
28 568
28 610
28 688
28 758
28 771
28 787
28 945
28 974
29 383
29 523
29 527
29 623
29 711
30 52
30 60
30 392
30 414
30 484
30 510
31 73
31 77
31 101
31 392
31 517
31 867
31 954
32 983
33 118
33 396
33 483
33 490
33 519
33 703
34 77
34 180
34 595
34 778
34 782
34 802
34 921
35 478
35 481
35 658
35 727
35 835
35 839
35 965
36 132
36 457
36 569
37 62
37 213
37 511
37 523
37 760
37 795
37 799
38 238
38 483
38 671
39 273
39 534
39 584
39 593
39 666
39 805
40 535
40 867
41 124
41 256
41 439
41 848
41 985
42 452
42 746
42 780
42 964
43 156
43 486
43 891
43 932
44 732
44 870
44 963
45 299
45 451
45 591
45 716
45 963
46 161
46 346
46 752
46 793
46 902
46 960
47 397
47 820
47 873
47 908
48 83
48 316
48 431
48 535
49 54
49 112
49 377
49 450
49 477
49 486
49 544
49 627
49 862
50 71
50 124
50 586
50 676
50 887
51 547
51 598
51 675
51 758
52 67
52 122
52 359
52 503
52 602
52 641
53 133
53 771
53 827
54 396
54 451
54 563
54 622
55 179
55 336
55 402
55 563
55 597
55 776
55 817
55 928
56 283
56 358
56 393
56 881
56 916
56 925
57 278
57 606
57 734
57 739
57 781
58 173
58 280
58 386
58 539
58 642
58 698
58 818
59 64
59 404
59 509
59 514
59 599
59 673
59 839
59 851
59 997
60 228
60 944
61 190
61 548
62 138
62 215
62 301
62 319
62 460
62 523
63 117
63 151
63 209
63 645
63 987
64 84
64 292
64 652
64 763
64 810
64 844
64 976
64 979
65 84
65 97
65 352
65 354
65 392
65 422
65 457
65 825
65 836
66 157
66 457
66 583
66 680
66 836
66 889
66 966
67 82
67 154
67 373
67 794
67 831
67 853
68 447
68 474
68 503
68 559
68 717
68 738
68 951
69 109
69 297
69 400
69 477
69 524
69 546
69 723
69 792
69 987
70 164
70 364
70 497
70 582
71 81
71 125
71 357
71 657
71 667
71 669
71 726
71 848
71 866
72 290
72 308
72 379
72 542
72 575
72 732
72 916
72 934
73 449
73 453
74 365
74 447
74 673
74 791
74 917
74 948
75 170
75 174
75 193
75 504
75 610
75 699
76 114
76 355
76 464
76 959
77 501
77 531
77 554
77 566
77 641
77 649
77 948
78 183
78 571
78 807
79 270
79 613
79 637
79 821
79 848
79 938
79 963
80 214
80 404
80 426
80 698
80 862
80 895
81 215
81 312
81 567
81 853
82 373
82 534
82 741
82 769
82 846
82 893
83 265
83 380
83 906
84 267
84 342
84 493
84 565
84 572
84 605
84 677
84 784
84 843
84 935
85 201
85 797
86 180
86 345
86 387
86 689
87 100
87 172
87 943
88 303
88 536
88 553
88 707
88 988
89 181
89 343
89 728
89 738
89 772
89 785
90 234
90 263
90 313
90 452
90 600
90 722
90 965
91 103
91 160
91 177
91 445
91 496
91 756
91 961
91 976
92 783
92 883
93 309
93 958
93 963
93 985
94 223
94 561
94 667
94 764
94 888
94 942
95 712
96 316
96 350
96 489
96 591
96 611
96 721
96 823
96 855
97 220
97 432
97 556
97 839
97 886
98 369
98 526
98 613
98 747
98 851
99 527
99 980
100 258
100 576
100 624
100 632
100 715
100 731
101 108
101 141
101 387
101 461
101 517
101 908
102 181
102 307
102 321
102 405
102 422
102 502
102 615
102 891
103 157
103 158
103 303
103 604
103 682
103 811
103 944
103 964
103 972
104 328
104 395
104 636
104 925
105 260
105 410
105 457
105 635
105 932
105 939
106 153
106 235
106 306
106 553
106 983
107 301
107 483
107 602
107 637
107 680
107 937
108 113
108 700
108 768
108 804
109 428
109 860
109 867
109 887
110 144
110 329
110 376
110 390
110 448
111 177
111 269
111 346
111 397
111 432
111 690
111 863
112 212
112 394
112 647
112 648
112 695
112 866
112 990
113 147
113 158
113 191
113 908
114 198
114 243
114 648
114 660
114 688
114 718
114 750
114 812
115 162
115 582
115 855
115 958
117 912
118 410
118 485
118 610
118 818
119 147
119 248
119 541
119 800
120 568
120 597
120 948
121 312
121 366
121 787
121 994
122 699
122 931
123 228
123 392
123 456
123 484
123 505
123 756
124 220
124 561
124 836
125 132
125 293
125 301
125 480
126 172
126 413
126 574
126 681
126 760
126 925
126 973
126 976
127 424
127 532
127 534
127 708
127 943
128 191
128 253
128 265
128 275
128 347
128 454
129 187
129 222
129 262
129 270
129 439
129 468
129 481
129 562
129 667
129 708
129 917
130 253
130 255
130 385
130 438
130 474
130 574
130 896
130 966
131 177
131 194
131 554
131 582
131 776
131 814
131 822
132 728
132 743
133 474
133 640
133 835
133 954
133 959
134 188
134 198
134 228
134 385
134 600
134 745
135 181
135 366
135 381
135 535
135 642
136 280
136 498
136 729
136 810
137 356
137 382
137 709
137 740
137 840
138 140
138 157
138 250
138 252
138 564
138 575
138 655
138 768
138 775
138 981
139 401
139 460
140 142
140 179
140 190
140 232
140 624
140 651
140 684
140 968
141 284
141 872
142 189
142 238
142 562
142 738
142 744
142 762
142 898
142 905
143 233
143 420
143 538
143 692
143 746
143 885
143 945
144 448
144 502
144 581
144 623
144 887
144 920
144 933
145 200
145 225
145 365
145 713
145 770
145 883
145 999
146 218
146 233
146 566
146 743
147 319
147 379
147 413
147 492
147 617
147 660
147 949
148 168
148 272
148 279
148 342
148 416
148 475
148 477
148 631
148 741
149 382
149 402
149 656
149 718
150 169
150 418
150 570
150 595
150 788
151 230
151 529
151 597
151 927
152 191
152 256
152 434
152 446
152 499
152 978
153 518
153 638
153 777
154 410
154 564
154 788
154 837
155 416
155 672
156 228
156 278
156 452
156 519
156 776
156 952
157 167
157 188
157 196
157 207
157 332
157 474
157 717
157 942
158 270
158 289
158 306
158 566
158 711
158 759
158 839
158 923
159 483
159 500
159 622
159 773
160 173
160 200
160 308
160 678
160 772
161 310
161 792
161 923
162 235
162 382
162 396
162 407
162 587
162 609
162 794
163 187
163 215
163 929
164 285
164 351
164 644
164 697
165 523
165 550
165 577
165 899
166 675
166 780
167 516
167 600
167 874
167 913
168 211
168 288
168 316
168 569
168 694
168 843
168 951
168 959
169 432
169 695
170 280
170 332
170 513
170 526
170 686
171 196
171 217
171 605
171 735
171 864
171 976
172 566
172 574
172 592
172 627
172 632
172 738
172 814
173 642
173 766
173 975
174 264
174 591
174 603
174 712
175 481
175 928
175 934
175 954
175 982
176 222
176 339
176 414
176 721
176 735
177 240
177 351
177 486
177 573
177 593
177 883
177 982
178 222
178 514
179 321
179 401
179 673
179 733
179 880
179 940
179 949
180 358
180 893
181 231
181 262
181 273
181 275
181 653
181 756
181 788
181 957
182 183
182 227
182 456
182 473
182 547
182 881
182 936
183 204
183 235
183 382
183 396
183 536
183 884
184 323
184 444
184 624
184 648
184 964
185 376
185 387
185 806
185 882
185 884
185 919
186 237
186 262
186 880
186 975
187 427
187 543
187 659
187 675
187 686
187 803
187 922
188 607
188 708
188 755
189 257
189 509
189 600
189 737
189 859
189 992
190 317
190 781
190 875
190 959
191 283
191 404
191 620
191 751
191 857
191 948
192 387
192 655
193 388
193 551
193 696
193 863
194 229
194 513
194 674
194 921
195 331
195 361
195 785
195 954
196 231
196 325
197 399
197 465
197 581
197 790
198 317
198 727
198 906
198 918
198 996
199 461
199 594
199 672
200 502
200 573
200 696
200 974
201 709
201 720
201 751
201 756
202 525
202 527
202 705
202 907
203 310
203 640
203 647
203 789
204 572
205 428
205 528
205 673
205 709
205 711
205 785
206 527
206 561
206 845
207 311
207 343
207 425
207 695
207 755
207 791
207 803
207 953
208 227
208 568
208 723
208 824
209 378
209 380
209 404
209 685
209 755
209 797
209 876
209 912
209 914
209 972
209 974
210 517
210 682
211 371
211 405
211 626
211 634
211 695
212 414
212 504
212 548
212 668
213 276
213 298
213 388
213 474
213 533
213 534
213 581
213 587
213 674
213 760
213 948
214 355
214 493
214 811
214 826
214 896
214 965
215 316
215 431
215 569
215 678
215 753
215 804
216 302
216 732
216 865
216 990
217 615
218 266
218 345
218 449
218 478
218 746
218 874
218 907
218 999
219 373
220 249
220 309
220 484
220 532
220 617
220 631
220 690
220 710
220 820
220 851
221 692
221 949
222 476
222 537
222 850
222 897
223 335
223 583
223 858
224 338
224 399
224 657
224 896
224 955
225 245
225 284
225 307
225 311
225 476
225 750
225 765
225 880
226 568
226 696
226 823
227 791
228 381
228 562
228 564
228 891
229 233
229 387
229 406
229 631
229 918
229 942
229 959
230 231
230 240
230 253
230 479
230 534
231 571
231 609
231 893
232 284
232 322
232 526
232 700
232 768
233 377
233 570
233 735
233 807
234 246
234 320
234 359
234 391
234 395
234 601
235 258
236 250
236 304
236 425
236 497
236 719
236 760
236 846
236 954
237 273
237 359
237 376
237 443
237 451
237 508
237 513
237 599
237 672
237 695
237 754
237 774
238 445
238 757
238 978
239 559
239 578
239 778
239 876
239 881
239 976
240 440
240 889
240 910
241 340
241 375
241 420
241 525
241 558
241 844
241 916
242 562
242 897
243 760
244 249
244 299
244 345
244 589
244 621
244 717
245 329
245 354
245 549
245 609
245 663
245 888
245 915
245 983
246 262
246 409
246 464
246 522
246 801
247 523
247 711
247 731
247 927
247 965
248 411
248 877
248 986
249 324
249 645
249 926
250 321
250 472
250 780
251 297
251 456
251 612
251 659
252 444
252 609
252 929
252 983
253 408
253 534
253 602
253 855
254 262
254 471
254 501
254 507
254 533
254 823
254 950
255 304
255 521
255 908
255 947
256 329
256 386
256 483
256 932
257 348
257 437
257 830
257 881
258 287
258 904
259 338
259 460
259 794
259 801
259 965
259 970
259 992
260 375
260 753
260 761
260 808
260 840
260 864
260 875
261 437
261 489
261 506
261 572
261 720
261 971
262 466
262 681
262 727
262 857
263 571
263 670
263 693
263 806
263 830
264 586
264 952
265 423
265 864
265 986
266 421
266 439
266 577
266 596
266 741
266 816
267 361
267 525
267 728
267 848
268 330
268 335
268 705
268 716
268 939
269 469
269 500
269 721
269 748
269 949
270 603
271 293
271 437
271 887
272 349
272 549
272 657
272 877
272 922
273 286
273 727
273 794
273 954
273 962
274 310
274 738
274 814
274 830
275 420
275 483
275 541
275 944
275 957
276 539
276 547
276 617
276 700
276 880
277 312
277 393
277 434
277 439
277 529
277 651
277 698
277 848
277 966
278 286
278 348
278 395
278 496
278 509
278 665
278 786
279 363
279 560
279 593
279 721
279 839
279 964
280 323
280 412
280 461
280 645
280 689
280 911
281 410
281 647
281 684
281 824
281 956
282 860
282 898
282 918
283 419
283 491
283 560
283 900
283 966
283 992
284 491
284 588
284 833
284 849
284 863
285 722
286 530
286 965
287 445
287 481
287 725
287 781
287 782
288 474
288 487
288 522
288 578
289 291
289 664
289 818
289 988
290 342
290 580
290 589
290 606
291 349
291 396
291 495
291 515
291 516
291 594
292 650
293 633
293 892
294 749
295 297
295 329
295 422
295 776
295 832
296 565
297 394
297 477
297 487
297 572
297 582
297 587
297 645
297 916
297 918
298 351
298 412
298 521
298 555
298 674
298 702
298 738
299 467
299 616
299 949
300 759
300 950
300 959
301 380
301 415
301 479
301 647
301 857
301 948
301 953
302 408
302 603
302 760
302 996
303 346
303 428
303 454
303 591
303 717
303 738
304 417
304 745
305 348
305 480
305 795
305 812
307 568
307 614
307 968
307 979
308 693
308 696
308 764
308 926
309 313
309 541
309 695
309 804
310 345
310 447
310 539
311 470
311 656
311 831
311 936
311 968
312 359
312 436
312 827
313 406
313 426
313 483
313 722
314 319
314 379
314 488
314 842
315 610
315 883
315 979
316 337
316 383
316 417
316 899
317 591
317 611
317 670
317 714
317 769
317 795
317 936
317 958
317 997
318 372
318 504
318 761
318 861
319 404
319 447
319 594
319 687
319 721
319 944
319 966
320 706
320 838
320 901
320 904
320 987
321 438
321 460
321 741
321 848
321 867
322 482
322 540
322 600
322 650
322 769
322 973
323 343
323 366
323 384
323 499
323 530
323 577
323 671
323 781
323 797
323 806
324 475
324 522
324 709
324 733
324 823
324 897
325 696
325 806
325 999
326 746
327 435
327 447
327 476
327 508
327 587
327 785
327 896
327 986
328 366
328 638
328 894
328 935
329 505
329 700
330 347
330 407
330 439
330 551
330 631
330 808
330 814
330 910
331 441
331 759
331 848
331 857
332 573
332 693
332 970
333 351
333 396
333 672
333 766
333 831
333 910
334 725
334 742
334 817
334 893
334 928
336 525
337 341
337 407
337 627
337 640
337 697
337 944
337 986
338 569
338 685
338 693
338 734
338 882
339 434
339 556
339 767
339 870
340 370
340 645
341 575
341 779
342 548
342 824
343 513
343 656
343 911
344 364
344 522
344 692
344 856
344 972
345 469
345 751
345 785
345 846
346 582
346 743
346 818
346 898
347 418
347 482
347 720
348 394
348 598
348 674
348 833
348 885
349 424
349 736
350 494
350 616
350 807
350 965
350 987
351 425
351 529
351 541
351 598
351 643
352 617
352 795
352 819
353 431
353 857
354 392
355 380
355 633
355 683
356 403
356 583
356 932
356 965
356 974
357 718
357 756
358 453
358 495
358 819
358 832
359 369
359 412
359 474
360 398
360 406
360 574
361 448
361 686
361 751
361 968
362 548
362 603
362 736
362 786
362 821
363 463
363 909
363 942
364 408
364 669
364 702
365 368
365 461
365 735
365 747
365 873
365 925
366 538
366 645
366 782
366 868
367 805
368 459
368 558
368 561
368 594
368 646
368 676
368 738
369 834
369 881
369 946
370 602
370 627
370 766
370 900
371 748
372 613
372 648
372 674
372 842
373 679
373 856
373 992
374 525
374 769
374 861
374 878
374 900
375 485
375 788
376 447
376 566
376 642
376 875
377 378
377 727
377 767
377 814
377 870
378 644
378 687
379 401
379 817
379 965
379 987
380 628
380 700
381 620
381 647
381 654
381 698
382 488
382 678
382 931
383 544
384 520
384 583
384 860
384 934
385 441
385 508
385 686
386 572
386 923
386 989
387 451
387 496
387 505
387 522
387 832
387 985
388 567
388 596
388 626
388 666
388 746
388 970
389 580
389 597
389 682
389 700
389 762
389 950
390 482
390 494
390 575
390 875
390 934
391 546
391 772
392 501
392 609
392 623
392 626
392 635
392 642
392 821
394 471
394 609
394 720
396 403
396 698
396 751
396 808
396 828
396 924
397 559
397 757
397 899
397 920
398 443
398 478
398 504
399 468
399 897
399 975
400 673
400 803
400 916
401 414
401 438
401 567
401 684
401 696
401 753
402 654
402 741
402 840
403 482
403 619
403 620
404 496
404 527
404 568
404 769
406 895
407 430
407 445
407 818
407 870
407 886
407 960
407 989
408 560
408 573
408 616
408 847
408 900
409 431
409 533
409 736
409 765
409 867
409 891
409 993
410 552
410 971
411 596
411 715
412 547
412 613
412 779
412 815
412 992
413 575
413 664
413 682
413 890
413 936
414 586
415 445
415 533
416 509
417 635
418 607
418 747
418 854
418 954
419 682
420 519
420 539
420 613
420 682
420 720
421 520
421 577
421 614
421 745
422 588
422 749
423 473
423 524
423 576
423 704
423 841
423 854
423 864
423 891
424 431
424 444
424 558
424 573
424 838
424 849
425 499
425 647
425 691
426 623
426 854
427 888
428 630
428 855
428 998
429 600
429 781
429 834
430 467
430 958
431 626
431 741
431 818
432 585
432 662
432 738
433 574
434 581
434 720
434 752
435 578
435 600
435 664
435 723
435 959
436 493
436 635
436 649
436 821
436 834
436 980
437 518
437 525
437 642
438 461
438 469
439 752
439 848
439 867
440 556
440 722
440 740
440 998
441 628
441 838
441 845
442 501
442 528
442 809
443 537
443 643
443 815
443 853
444 541
444 660
444 661
444 739
444 808
444 947
445 487
445 831
445 848
445 883
445 893
446 581
446 597
446 694
447 461
447 665
447 750
447 910
447 946
448 697
449 581
449 621
449 638
449 670
449 773
449 827
449 909
449 927
450 502
450 714
450 794
450 812
450 896
450 941
450 971
451 635
451 652
451 986
452 523
453 786
453 840
453 868
454 578
454 611
455 492
455 859
456 945
456 991
457 536
457 629
457 649
458 575
458 652
458 839
458 855
458 957
459 478
459 837
460 477
460 519
460 619
461 646
461 723
461 968
462 577
463 658
464 536
464 609
464 746
464 910
465 748
465 858
466 481
466 511
466 698
466 826
467 539
467 570
468 572
468 893
469 499
469 524
469 799
469 801
469 841
469 995
470 496
470 621
470 706
470 889
470 956
470 981
471 856
472 590
472 595
472 991
473 575
473 726
473 870
473 894
473 984
474 797
475 642
475 826
475 874
476 531
476 732
476 747
477 493
479 511
479 815
479 880
480 560
480 971
481 532
481 559
481 663
481 926
481 979
481 987
482 498
482 975
483 802
483 846
483 915
483 968
484 632
484 900
485 706
486 630
486 657
486 784
486 888
487 695
487 697
487 698
487 765
487 929
488 668
488 718
488 820
489 542
490 658
490 799
490 928
491 594
491 604
491 775
492 921
493 532
493 688
493 866
493 986
494 704
495 807
495 934
496 545
496 934
496 997
497 696
497 701
497 731
497 898
497 988
498 518
499 962
500 665
502 598
503 634
504 688
504 767
504 848
504 849
505 740
506 508
506 588
506 687
506 721
506 722
507 535
507 559
507 761
508 595
508 783
508 820
508 991
509 635
509 750
509 838
510 544
510 591
510 657
510 695
510 777
511 659
511 701
511 729
511 806
511 814
511 850
512 537
512 542
513 830
513 850
514 860
515 527
515 593
515 632
515 742
515 881
515 947
516 891
516 925
518 733
518 812
518 901
519 564
519 719
520 524
520 689
520 876
521 843
522 626
522 668
523 698
523 993
524 589
524 819
525 608
525 863
526 636
527 541
527 719
527 791
527 870
527 900
527 954
527 966
528 650
529 807
529 895
531 613
532 715
533 820
534 567
534 947
534 956
535 803
535 970
536 547
536 691
536 698
536 773
536 883
536 934
537 934
538 733
538 955
539 855
539 864
540 619
542 578
542 636
542 950
543 545
543 589
543 654
544 551
544 624
544 728
545 629
545 695
545 795
545 892
546 608
546 722
546 775
546 865
546 984
547 616
547 733
547 801
547 977
548 759
548 790
548 817
548 989
549 551
550 682
550 714
550 767
550 823
551 567
551 611
551 661
551 772
551 865
551 989
552 638
552 719
552 816
553 613
553 685
553 962
553 980
553 999
554 583
554 682
554 714
554 889
555 557
555 783
555 894
556 783
556 946
556 949
556 978
556 988
557 595
557 606
557 638
557 649
558 648
558 723
558 825
559 628
559 819
559 955
559 976
560 840
560 920
560 942
560 956
561 825
562 609
562 614
562 638
562 833
564 573
565 750
565 816
565 875
566 600
566 616
566 717
566 995
567 904
567 999
568 790
568 944
569 718
569 877
570 819
571 815
571 882
572 797
572 819
572 825
572 979
573 771
573 809
573 948
574 600
574 690
574 900
575 732
575 820
575 896
576 623
576 766
576 805
577 792
577 801
577 874
578 584
578 894
579 701
579 819
580 711
580 791
580 811
580 813
581 583
581 642
581 675
581 740
581 757
582 677
582 703
582 728
582 763
582 818
582 909
582 964
583 702
583 802
583 962
584 691
584 916
584 958
586 744
588 891
588 924
589 660
589 891
590 686
590 755
590 996
591 632
591 759
591 810
591 986
592 631
592 739
592 862
592 961
592 970
593 688
593 971
594 639
596 711
596 986
597 881
598 637
598 837
599 740
600 679
600 711
600 753
600 797
600 803
600 888
600 910
600 975
600 996
601 610
601 859
602 716
602 744
602 767
602 818
603 684
603 757
603 923
603 924
604 898
604 919
605 665
605 799
605 900
606 755
606 953
606 960
607 666
607 674
607 920
607 937
608 683
608 915
609 676
609 706
610 706
610 728
610 792
610 816
610 845
611 643
611 653
611 800
611 869
612 622
612 689
612 758
612 905
612 940
613 654
613 716
613 840
613 863
613 876
614 660
615 663
616 737
616 984
617 667
617 717
617 796
617 847
618 619
618 627
618 644
618 655
619 836
619 850
620 793
621 662
621 677
621 728
621 776
621 800
621 943
621 997
622 694
622 794
622 890
622 907
622 937
624 927
626 934
626 960
627 749
628 634
628 842
629 639
629 745
629 962
630 707
630 742
630 812
630 971
631 663
631 755
634 639
634 732
634 813
634 957
635 811
636 867
637 733
638 828
638 848
640 923
641 855
641 895
641 918
641 989
642 743
642 879
642 891
643 871
643 874
643 926
644 650
644 724
644 726
644 821
644 912
645 723
645 911
645 938
645 973
646 747
646 899
647 933
647 947
648 833
648 908
648 930
649 724
649 829
650 749
650 989
651 671
651 679
651 746
651 906
652 956
653 796
654 702
654 783
655 730
655 847
655 870
655 898
656 717
656 875
656 876
656 925
656 973
659 878
659 888
660 842
660 879
660 934
660 985
660 991
661 748
661 754
661 882
661 910
662 951
663 775
663 851
663 931
664 950
665 741
665 873
665 979
666 885
668 726
668 929
669 760
669 809
669 891
670 755
670 844
670 999
671 692
671 757
671 785
671 891
671 977
672 862
673 704
673 833
673 834
675 993
676 694
676 774
677 792
678 754
678 792
678 882
678 987
680 935
680 972
680 982
681 694
681 750
681 955
683 897
684 779
684 863
685 730
685 820
686 712
686 846
686 876
687 858
687 917
687 979
688 731
688 960
690 857
690 926
691 951
691 982
692 822
692 939
693 905
694 830
695 773
695 810
695 913
696 962
697 793
697 888
697 965
698 749
698 835
699 700
699 770
699 949
700 707
700 824
700 910
701 714
702 772
702 870
702 895
702 910
702 946
703 951
704 715
704 783
704 793
705 967
707 735
708 737
708 917
708 939
710 779
711 745
712 806
713 727
713 907
714 799
714 844
714 996
715 775
715 858
715 929
716 945
717 816
717 901
718 873
718 952
719 733
719 767
719 844
719 864
719 910
720 948
721 752
722 770
722 899
723 810
724 806
724 845
726 901
726 981
729 777
729 830
729 872
729 874
729 981
730 911
731 874
732 754
732 798
733 921
734 808
734 909
735 952
737 992
738 791
738 843
739 820
740 962
741 946
741 972
742 748
742 799
742 852
743 789
743 944
744 804
745 822
748 820
749 840
750 935
751 912
751 978
752 759
752 920
752 932
753 904
754 764
756 837
756 864
757 799
760 982
761 871
761 920
762 770
764 849
766 793
767 801
767 902
767 945
767 966
768 790
768 890
769 893
770 891
774 839
775 796
775 823
775 828
777 807
779 994
781 921
782 832
782 856
783 805
784 820
785 814
785 991
786 853
786 909
789 838
789 954
790 949
791 917
791 979
792 836
793 890
793 921
796 986
798 974
799 923
801 823
801 902
801 939
802 821
802 924
802 937
803 819
803 836
803 866
803 918
806 861
806 964
807 897
810 989
811 864
811 934
811 949
814 918
815 967
816 990
818 880
818 967
818 972
820 842
821 847
822 837
822 844
823 872
826 960
827 903
827 910
829 846
830 967
831 883
832 885
832 948
833 895
833 945
833 984
834 990
834 993
838 896
838 956
839 919
842 886
844 996
845 886
846 891
847 947
847 967
850 912
851 923
852 900
855 915
855 955
857 976
857 997
858 925
860 989
862 876
862 955
863 972
865 866
866 881
867 894
868 974
871 935
874 902
874 924
876 963
877 945
877 951
878 959
878 961
878 987
880 901
883 971
883 973
883 983
884 907
884 985
885 892
886 902
887 896
889 995
890 990
892 993
892 998
894 914
896 952
904 996
906 980
910 958
910 970
911 973
913 975
916 936
921 940
923 971
924 997
926 985
927 930
930 931
936 938
946 967
946 992
954 982
959 975
965 974
968 991
968 998
970 992
971 985
978 996
984 998
988 996
