0 115
0 116
0 144
0 793
0 808
0 961
0 983
1 71
1 189
1 271
1 325
1 424
1 540
1 635
1 683
1 758
1 759
1 954
2 93
2 226
2 281
2 377
2 675
2 766
2 813
2 827
2 879
3 492
3 506
3 569
4 212
4 221
4 916
5 288
5 454
5 556
6 112
6 959
7 54
7 332
7 349
7 503
8 44
8 164
8 384
8 471
8 526
8 554
8 984
9 76
9 119
9 165
9 222
9 335
9 403
9 591
9 691
9 774
9 886
10 162
10 168
10 402
10 721
10 729
10 750
10 895
11 506
11 537
11 567
11 568
11 786
11 923
12 79
12 290
12 404
12 916
13 18
13 365
13 544
13 593
13 703
14 572
14 575
14 949
14 959
15 38
15 192
15 218
15 477
16 136
16 351
16 978
17 485
17 703
17 855
18 191
18 367
18 377
18 524
19 128
19 188
19 271
19 337
19 422
19 566
19 704
19 799
19 854
20 89
20 196
20 444
20 571
20 600
20 700
20 741
20 793
20 794
20 870
21 25
21 122
21 435
21 604
21 648
21 677
21 733
21 883
22 139
22 228
22 409
22 501
22 528
22 615
22 956
23 152
23 155
23 165
23 264
23 440
23 696
23 830
23 842
24 45
24 91
24 99
24 126
24 366
24 621
24 671
24 674
24 730
24 740
24 828
25 124
25 248
25 598
25 806
25 829
26 142
26 171
27 215
27 571
27 622
27 934
28 184
28 308
28 463
29 264
29 503
29 837
29 865
29 887
29 962
30 378
30 769
30 819
30 993
31 37
31 56
31 87
31 110
31 220
31 280
31 440
31 447
31 713
31 772
31 799
31 863
31 871
32 202
32 271
32 604
32 735
33 126
33 177
33 226
33 440
34 179
34 260
34 513
34 783
34 886
34 935
35 253
35 458
35 979
36 47
36 85
36 205
36 423
36 584
36 783
36 890
36 968
37 157
37 191
37 831
37 920
37 938
37 950
38 383
38 842
38 987
39 60
39 118
39 199
39 302
39 877
39 883
40 240
40 440
40 580
41 647
41 799
42 58
42 194
42 204
42 507
42 508
42 554
42 726
42 780
42 805
42 842
42 907
43 44
43 151
43 293
43 421
43 532
43 700
44 198
44 409
44 559
44 584
44 642
44 695
44 866
44 888
44 912
44 960
45 99
45 168
45 240
45 726
45 972
46 98
46 666
46 902
46 918
47 59
47 439
47 501
47 677
47 697
47 834
47 893
48 257
48 556
48 882
49 317
49 628
49 968
50 137
50 150
50 290
50 425
50 784
51 131
51 250
51 404
51 432
51 599
51 637
51 660
51 828
51 857
52 139
52 141
52 223
52 310
52 681
52 976
53 118
53 178
53 270
53 738
53 814
53 854
53 944
54 68
54 387
54 573
54 650
54 727
55 61
55 324
55 411
55 433
55 457
55 784
56 480
56 557
56 611
56 983
57 177
57 232
57 305
57 370
57 584
57 617
57 666
57 822
57 827
57 934
58 72
58 797
58 917
59 359
59 443
59 540
59 701
59 866
59 950
60 72
60 243
60 356
60 366
60 570
60 954
61 215
61 216
61 446
61 688
61 834
61 877
62 383
62 487
62 517
62 920
63 123
63 343
63 455
63 498
63 742
63 901
64 130
64 180
64 417
64 596
64 733
64 869
64 889
64 895
64 970
65 483
65 611
65 914
65 986
66 167
66 470
66 477
66 677
67 99
67 362
67 806
68 161
68 310
68 551
68 588
68 809
68 926
69 87
69 294
69 380
69 614
69 643
69 733
70 179
70 199
70 223
70 264
70 308
70 693
70 758
70 944
70 991
71 779
71 910
72 133
72 287
72 700
72 975
73 96
73 516
73 668
73 699
73 818
73 833
73 911
74 219
74 230
74 330
74 687
74 765
74 853
75 193
75 488
75 624
75 689
75 738
75 833
75 873
76 627
76 707
77 291
77 401
77 527
77 995
78 591
79 143
79 174
79 232
79 436
79 520
79 588
79 623
79 790
79 841
79 867
79 968
79 991
80 109
80 736
80 769
80 772
80 778
80 888
81 94
81 146
81 374
81 764
81 947
82 240
82 360
82 608
82 627
82 927
83 175
83 295
83 373
83 472
83 690
84 168
84 738
84 825
84 871
85 201
85 370
85 565
85 566
85 871
85 922
86 295
86 680
86 707
86 801
86 966
86 968
87 143
87 217
87 336
87 529
87 696
87 880
88 309
88 471
88 547
88 609
88 755
89 140
89 511
89 704
89 749
89 874
90 730
90 836
90 925
91 371
91 387
91 396
91 868
92 184
92 307
92 592
92 645
93 171
93 214
94 480
94 582
94 596
94 638
94 675
94 950
95 182
95 302
95 346
95 530
95 554
95 630
95 748
95 943
95 979
96 225
96 669
97 144
97 300
97 386
97 528
97 629
97 671
98 126
98 162
98 352
98 641
98 742
98 845
98 873
99 386
99 766
100 188
100 333
100 915
101 301
101 362
101 560
101 831
101 846
101 878
102 104
102 224
102 283
102 414
102 437
102 573
102 607
102 743
102 836
102 997
103 344
103 569
103 679
103 744
104 172
104 276
104 283
104 377
104 401
104 723
104 763
104 786
105 352
105 559
105 811
106 131
106 398
106 459
106 876
106 894
106 916
107 276
107 421
107 432
107 800
108 716
108 732
108 745
108 944
108 959
109 469
109 636
109 732
109 903
109 986
110 303
110 611
110 641
110 905
111 423
111 539
111 652
111 880
112 476
112 817
112 853
112 931
113 180
113 403
113 711
113 760
113 902
114 128
114 187
114 460
114 829
115 256
115 294
115 308
115 324
115 536
115 584
115 657
115 769
115 789
116 184
116 705
116 990
117 340
117 435
117 541
117 692
117 793
117 959
118 153
118 389
118 431
118 554
118 701
118 755
118 813
119 354
119 655
119 807
119 973
120 523
120 673
120 907
121 254
121 476
121 606
121 826
121 868
122 413
122 514
122 620
122 819
122 822
123 399
123 482
124 313
124 410
124 433
124 470
124 513
124 823
125 298
125 466
125 741
125 878
125 918
126 246
126 409
126 445
126 587
126 611
126 809
127 190
127 312
127 451
127 494
127 552
127 794
127 976
128 302
128 318
128 774
128 941
128 946
128 982
129 273
129 294
129 306
129 361
129 481
129 818
130 489
130 787
130 878
131 159
131 248
131 443
131 576
131 910
132 198
132 330
132 483
132 502
132 553
133 152
133 184
133 258
133 319
133 571
133 607
133 662
133 686
133 805
133 945
133 965
134 317
134 457
135 290
135 559
135 622
135 629
135 770
135 780
135 835
136 321
136 368
136 421
136 622
136 919
137 210
137 427
137 507
137 935
137 946
137 993
138 154
138 343
138 452
138 528
138 533
138 581
138 786
138 935
138 978
139 264
139 299
139 623
139 755
139 903
139 933
140 154
140 486
140 822
140 823
141 196
141 787
142 626
142 757
142 852
142 873
142 950
143 308
143 397
143 428
143 825
143 908
144 415
144 947
144 995
145 221
145 278
145 444
145 633
145 822
145 928
146 216
146 611
146 850
146 916
147 200
147 211
147 753
147 801
148 218
148 355
148 542
148 785
149 265
149 648
149 797
149 802
150 579
150 722
151 212
151 566
151 908
152 247
152 452
153 412
153 698
153 718
154 526
154 561
154 665
154 692
154 981
155 233
155 550
155 582
155 612
155 709
155 717
155 844
156 278
156 627
156 662
156 686
157 198
157 243
157 423
157 519
157 903
158 207
158 324
158 371
158 427
158 586
158 597
158 841
159 204
159 293
159 318
159 844
160 438
160 532
160 606
160 626
160 973
161 207
161 402
161 420
161 490
161 622
161 623
162 208
162 619
162 633
162 635
162 866
163 393
163 671
164 403
164 581
164 626
164 749
164 767
165 219
165 305
165 378
165 461
165 641
165 659
165 763
165 830
165 967
166 525
166 622
166 839
166 841
166 870
166 936
167 221
167 474
168 550
168 566
168 580
168 620
168 750
168 775
168 937
168 963
168 982
169 285
169 360
169 476
170 268
170 391
170 530
170 670
171 215
171 260
171 365
171 388
171 573
171 714
172 257
172 332
172 333
172 356
172 507
172 674
173 255
173 822
174 430
174 465
174 588
174 651
174 658
175 334
175 422
175 689
175 939
176 390
176 474
176 560
176 781
177 517
177 589
178 307
178 462
178 660
178 723
178 989
179 348
179 553
179 695
179 771
179 988
180 306
180 311
180 547
180 629
180 855
180 933
181 250
181 303
181 439
181 504
181 519
181 555
181 816
182 309
182 492
182 547
183 302
183 517
183 689
183 860
183 885
183 902
184 285
184 506
184 578
184 812
185 332
185 405
185 543
185 723
185 782
185 925
186 223
186 253
186 325
186 369
186 465
186 490
186 757
187 260
187 320
187 579
187 662
187 800
187 857
188 574
188 796
189 898
190 660
190 926
190 960
191 240
191 321
191 344
191 490
191 646
191 666
191 734
191 904
192 248
192 430
192 508
192 708
192 714
192 833
192 965
193 286
193 351
193 682
193 885
193 964
193 967
193 970
193 976
194 198
194 304
194 328
194 338
194 342
194 391
194 414
195 472
195 595
195 805
195 865
195 909
196 449
196 454
196 731
196 838
197 276
197 489
197 509
197 704
197 768
197 954
197 989
198 212
198 690
198 754
198 856
198 938
199 222
199 427
199 435
199 436
199 463
199 604
199 730
199 947
200 265
200 408
200 524
200 548
200 796
200 872
201 464
201 816
201 973
202 323
202 358
202 776
203 324
203 511
203 591
203 592
203 850
203 891
204 289
204 494
204 572
204 592
204 645
204 763
204 833
205 228
205 254
205 414
205 577
205 617
205 619
205 878
205 908
205 976
206 216
206 283
206 453
206 583
206 922
206 967
207 223
207 960
208 434
208 462
208 519
208 726
208 795
208 973
209 293
209 397
209 609
209 862
209 961
210 443
210 494
210 861
210 928
211 263
212 237
212 327
212 330
212 385
212 459
212 533
212 910
212 969
212 977
213 417
213 425
213 584
213 640
213 708
213 903
214 466
214 554
214 638
214 649
214 794
214 998
215 402
215 574
215 651
215 848
215 909
216 302
216 398
216 594
216 697
216 776
217 289
217 387
217 412
217 568
217 954
217 979
218 227
218 228
218 350
218 402
218 545
218 630
219 333
219 677
219 872
220 260
220 379
220 398
220 775
221 382
221 459
221 591
221 613
221 704
221 706
221 821
222 324
222 329
222 347
222 590
222 602
222 696
222 738
222 791
222 806
222 812
222 887
222 929
223 389
223 401
223 478
223 577
223 624
223 768
223 810
223 931
224 501
224 526
224 591
224 678
224 748
224 757
224 810
224 866
224 909
224 957
225 241
225 350
225 416
225 549
226 526
226 530
226 548
226 575
226 643
226 719
226 739
226 864
226 869
227 237
227 409
227 414
227 507
227 508
227 806
227 816
228 320
228 445
228 449
228 508
228 577
228 725
228 870
229 300
229 338
229 405
229 860
229 941
230 350
230 352
230 390
230 439
230 440
230 696
230 721
230 870
231 232
231 311
231 339
231 495
231 934
232 268
232 333
232 429
232 621
232 926
233 255
233 280
233 313
233 380
233 792
233 895
233 965
234 419
234 474
234 629
234 806
235 320
235 345
235 358
235 485
235 661
235 868
235 888
236 270
236 273
236 399
236 474
236 652
236 746
236 762
236 817
236 820
236 876
236 939
236 971
237 308
237 391
237 410
237 614
237 655
237 675
237 857
237 871
237 890
237 983
238 253
238 342
238 426
238 696
238 816
238 866
238 935
238 949
239 290
239 474
239 662
239 906
239 962
240 270
240 429
240 511
240 784
240 920
240 926
240 941
241 372
242 244
242 675
242 770
243 349
243 392
243 476
243 497
243 542
243 644
243 681
243 747
243 762
243 852
244 445
244 453
244 480
244 495
244 584
245 679
245 939
246 265
246 401
246 445
246 453
246 530
246 627
246 951
246 983
247 479
247 682
247 747
247 861
247 899
248 299
248 382
248 449
248 968
249 267
249 299
249 821
250 260
250 639
250 689
250 951
250 984
251 269
251 333
251 360
251 439
251 769
251 795
252 396
252 453
252 581
252 714
253 369
253 429
253 601
253 714
253 883
253 895
254 635
254 673
254 886
255 274
255 297
255 318
255 900
256 263
256 850
257 666
257 671
257 888
258 497
258 601
258 707
258 832
259 781
259 835
259 953
260 531
260 537
260 574
260 676
260 961
261 337
261 458
261 513
262 656
262 940
263 373
263 398
263 518
264 552
264 587
264 712
264 908
265 412
265 662
265 815
265 926
266 863
267 322
267 333
267 525
267 564
267 691
268 550
268 552
268 594
268 840
268 924
268 953
268 986
268 997
269 445
269 448
269 693
269 942
270 351
270 400
270 520
270 783
270 919
271 285
271 386
271 551
271 763
271 803
271 961
272 335
272 583
272 638
272 825
273 392
273 484
273 690
273 902
274 315
274 487
274 642
274 656
274 670
274 884
274 951
275 836
275 977
275 979
276 347
276 645
277 592
278 507
278 599
278 767
278 824
278 857
279 297
279 405
279 427
279 568
279 674
279 707
279 758
279 769
280 876
281 448
281 459
281 501
281 578
282 381
282 435
283 345
283 497
283 581
283 630
283 793
283 951
284 704
284 826
284 969
285 390
285 418
285 820
285 839
285 964
286 515
286 833
286 951
287 521
287 544
287 953
288 363
288 386
288 605
288 635
288 769
289 363
289 455
289 741
289 784
289 864
289 875
289 968
290 465
290 782
290 870
290 909
291 450
291 477
291 666
291 687
291 734
291 908
292 307
292 520
292 532
292 598
292 661
292 737
292 739
292 740
292 795
292 949
293 353
293 362
293 412
294 575
294 956
295 306
295 879
295 977
296 598
296 900
297 426
297 637
298 608
298 611
298 872
298 946
298 977
299 349
299 453
299 512
299 690
299 720
299 752
299 963
299 977
299 992
300 321
300 420
300 715
301 498
301 514
301 591
301 775
302 343
302 389
302 423
302 518
302 620
302 728
303 443
303 493
303 616
303 864
304 439
304 463
304 583
304 610
304 823
305 333
305 389
305 632
305 694
305 780
305 920
305 975
306 386
306 402
306 597
306 644
306 993
307 564
307 576
307 753
307 833
308 359
308 626
308 702
308 766
308 778
308 824
308 870
309 339
309 563
309 576
309 637
310 492
310 602
310 896
311 647
311 807
311 936
312 447
312 523
312 569
312 574
312 728
312 999
313 464
313 485
313 734
313 984
314 571
314 621
314 796
315 905
316 491
316 772
316 987
317 573
317 770
318 600
318 764
318 869
319 336
319 458
319 476
319 778
319 791
319 979
320 416
320 639
320 711
320 817
320 898
321 369
321 377
321 439
321 664
321 729
321 827
321 848
321 959
322 827
322 860
323 413
323 525
323 556
323 581
323 695
323 778
323 868
324 344
324 355
324 480
324 632
324 874
324 979
324 984
325 381
325 402
325 454
325 737
325 845
326 377
326 414
326 499
326 512
327 476
327 532
327 732
327 849
327 946
327 953
327 998
328 722
328 773
328 787
328 975
330 385
330 550
330 571
330 687
330 865
331 602
331 925
332 758
332 920
332 964
333 629
333 645
333 865
333 932
334 443
334 679
334 747
334 801
334 861
334 887
335 367
335 505
335 810
336 429
336 687
336 747
336 751
336 984
337 370
337 438
337 509
337 519
337 586
337 694
337 722
337 763
337 784
337 886
338 680
338 742
338 887
338 979
339 400
339 443
339 847
339 850
340 401
340 510
340 541
340 602
340 618
340 691
340 820
340 823
340 848
340 998
341 524
341 538
341 571
341 753
341 829
341 924
341 974
342 542
342 973
343 396
343 572
343 647
343 851
343 997
344 364
344 648
344 840
344 858
345 349
345 506
345 617
345 657
345 831
345 950
346 359
346 554
346 636
347 714
347 832
348 525
348 599
348 639
348 716
348 739
348 856
348 886
348 961
349 529
349 826
350 562
350 579
350 652
350 817
350 869
352 373
352 494
352 536
352 583
352 693
352 858
352 884
352 905
352 966
352 989
353 467
353 653
353 799
354 517
354 887
354 932
355 591
356 717
356 766
356 915
357 374
357 399
357 497
357 592
357 661
357 677
357 832
358 499
358 549
358 588
359 395
360 931
361 403
361 886
362 390
362 634
362 894
362 905
363 999
364 414
364 558
364 725
364 886
365 654
365 716
365 892
365 930
366 385
366 579
366 660
366 993
367 477
367 592
367 774
367 847
367 880
368 481
368 509
368 608
368 952
369 455
369 692
369 753
369 944
370 541
370 781
371 603
371 623
371 703
371 713
371 769
371 949
372 526
372 634
372 938
373 375
373 595
374 554
374 609
374 699
375 456
375 576
375 683
375 931
375 950
376 466
376 502
376 611
376 705
376 716
376 740
376 848
377 953
378 413
378 505
378 509
378 555
378 588
378 736
378 777
378 798
379 421
379 591
379 637
379 673
379 701
379 861
380 630
380 637
380 811
380 858
380 977
382 435
382 446
382 496
382 644
382 745
382 959
383 391
383 745
383 823
383 880
383 979
384 385
384 891
384 901
385 605
385 689
385 827
385 981
386 644
386 747
386 926
386 986
387 894
387 939
388 449
388 503
388 580
389 517
389 614
389 618
389 691
389 725
389 794
390 492
390 515
390 539
391 666
391 683
391 956
391 994
392 668
392 740
392 855
393 639
393 752
393 854
393 860
394 432
394 798
394 964
395 413
395 532
395 665
395 745
396 502
396 586
396 666
397 697
397 974
398 414
398 420
398 431
398 482
398 487
398 708
398 884
399 471
399 486
399 612
400 687
400 940
400 961
400 970
401 514
401 702
401 775
401 807
402 484
402 682
402 714
402 780
402 910
402 975
403 425
403 527
403 552
403 557
403 970
404 648
404 663
404 905
405 447
405 575
405 823
405 892
406 648
406 977
407 850
407 913
407 981
409 753
410 477
410 762
411 480
411 895
412 430
412 587
412 602
412 654
412 741
412 990
413 467
413 831
413 842
413 861
414 502
414 603
414 818
414 859
414 933
414 937
415 442
415 809
416 717
416 786
416 851
416 888
417 540
417 561
417 590
417 730
417 746
418 725
418 817
419 455
419 655
419 708
419 720
419 826
419 957
420 529
420 555
420 596
420 622
420 968
422 495
422 627
422 662
422 928
423 517
423 613
424 721
424 729
424 786
425 518
425 949
426 581
426 734
426 846
427 541
427 580
427 841
427 975
428 839
429 435
429 442
429 476
429 664
429 693
429 809
430 713
430 762
430 969
431 541
431 608
431 636
432 442
433 524
433 631
433 754
434 627
434 698
434 727
434 850
434 913
435 553
435 624
435 914
436 471
436 629
436 811
437 562
437 755
437 914
438 546
438 560
438 609
438 777
438 861
439 516
439 549
439 598
439 660
440 532
440 556
441 482
441 918
441 970
441 995
442 479
442 651
442 815
442 828
442 873
443 553
443 802
443 977
445 717
445 768
445 920
446 666
446 762
446 809
446 989
447 938
447 970
448 520
448 596
448 614
448 646
448 771
449 614
450 472
450 495
450 516
450 950
451 998
452 668
452 886
453 546
453 553
453 653
453 676
453 680
453 799
453 962
454 468
455 560
455 750
455 886
456 459
456 538
456 677
457 515
457 731
457 931
458 469
458 496
458 857
458 920
458 986
459 713
460 496
460 567
460 701
460 907
461 480
461 521
461 555
462 468
462 474
462 526
462 574
462 589
462 595
462 869
462 895
463 474
463 504
463 563
463 761
463 978
464 569
465 759
465 969
466 505
466 883
467 492
468 776
469 513
469 615
469 667
469 891
469 953
470 512
470 662
470 992
471 505
471 571
471 688
471 701
471 746
471 809
471 984
471 989
472 528
472 534
472 946
473 671
473 676
473 903
474 481
474 796
475 601
475 871
476 616
476 804
476 888
477 540
477 677
477 959
477 977
478 656
478 758
478 762
478 876
478 964
479 503
479 539
479 557
479 754
479 939
480 562
480 915
480 923
480 974
482 536
482 869
482 937
483 507
483 609
483 878
483 947
484 532
484 670
484 694
484 918
484 983
485 642
485 702
486 633
486 786
487 669
487 860
487 898
488 615
488 988
489 628
490 651
490 872
491 581
491 653
491 985
492 524
492 546
492 746
492 823
493 803
493 997
494 682
494 752
494 800
494 821
494 876
494 911
495 763
496 519
496 615
496 773
496 900
496 971
497 565
497 907
498 767
498 813
498 890
498 951
499 888
499 933
499 964
499 997
500 973
501 836
501 933
501 959
503 607
503 654
503 845
504 538
504 600
504 606
504 660
504 759
505 531
505 655
505 699
505 750
505 864
505 914
506 730
507 633
507 707
507 716
507 741
507 805
507 840
508 722
508 940
509 597
509 981
510 705
510 766
510 834
511 769
512 708
513 673
514 867
514 889
514 895
515 858
515 907
515 910
516 628
516 984
517 543
517 607
517 756
517 810
518 637
518 652
518 782
519 551
519 607
519 676
519 732
520 652
520 777
521 647
521 948
522 597
522 722
522 898
522 948
522 989
523 541
523 927
524 780
524 948
525 619
525 692
525 696
525 785
525 806
525 856
525 865
525 895
525 908
526 878
527 960
527 979
528 581
528 657
528 719
528 869
529 747
530 551
530 736
530 969
531 589
531 643
531 686
531 818
532 606
532 700
532 870
532 894
534 549
534 812
534 976
535 819
535 896
535 961
535 984
536 767
536 795
536 862
536 915
536 924
537 663
538 864
538 885
539 595
539 602
540 779
541 590
541 735
541 859
542 577
542 647
542 827
542 898
542 932
542 986
543 793
543 845
543 942
544 878
544 913
545 946
545 997
546 554
546 887
547 599
547 637
547 976
548 693
548 722
548 794
548 826
548 867
548 945
549 710
549 850
550 780
550 950
551 738
551 869
551 983
552 610
552 898
554 905
555 913
555 940
555 983
556 660
556 699
556 754
557 947
558 767
558 908
559 725
560 705
560 809
560 877
560 913
561 686
562 577
563 587
563 757
563 923
563 977
565 633
565 746
565 832
565 840
566 865
567 955
567 981
568 983
569 610
569 729
569 799
569 803
570 849
570 919
570 945
573 586
574 582
574 757
574 763
574 876
575 863
576 684
576 701
576 711
576 960
577 914
578 605
578 637
578 700
579 706
579 746
579 824
579 928
580 664
580 819
581 700
581 926
582 649
582 741
582 960
583 767
583 771
583 894
583 943
583 950
584 639
584 657
584 874
584 942
585 674
585 676
585 825
585 960
586 633
586 634
586 969
587 816
587 888
588 716
588 717
588 756
588 772
588 857
590 738
590 772
591 688
591 693
591 702
591 853
591 915
591 922
592 641
592 912
592 923
592 924
593 636
593 887
595 833
595 972
596 636
596 736
596 890
596 960
597 640
597 909
597 924
598 665
598 811
599 778
599 810
600 621
600 654
600 813
600 816
602 723
602 802
602 883
602 963
603 853
603 975
603 995
604 803
605 866
607 833
608 811
608 816
609 640
609 860
609 962
610 756
611 902
612 704
612 705
612 871
612 902
612 924
613 644
613 710
613 740
615 855
616 734
616 737
617 916
617 929
618 629
618 667
618 848
618 910
619 875
619 878
620 722
620 761
620 785
620 865
621 635
621 877
622 743
623 818
624 724
624 769
624 937
624 948
624 996
625 627
625 695
625 945
625 980
626 805
626 826
626 992
627 700
627 962
628 654
628 729
628 934
628 966
629 916
630 976
631 708
631 997
632 738
632 866
633 693
633 806
634 763
634 960
635 840
636 763
637 759
638 746
638 911
639 685
640 733
641 678
641 695
641 754
641 887
642 685
642 756
642 764
642 915
642 930
642 959
642 968
643 778
643 921
644 903
645 802
645 920
646 798
646 801
646 893
647 699
647 755
648 706
649 821
650 724
650 740
650 761
651 725
651 825
651 898
651 949
652 731
652 795
653 840
653 940
653 982
655 696
655 867
655 920
655 929
656 932
656 947
657 944
658 975
659 705
659 917
660 685
660 742
660 776
661 827
661 832
661 903
662 843
662 889
664 763
664 815
664 825
664 839
664 852
665 699
666 684
666 790
667 732
667 974
668 793
669 731
669 962
670 723
670 755
670 769
670 854
672 842
673 785
673 831
673 947
673 995
674 763
675 775
677 713
677 821
677 864
678 912
678 983
679 742
679 819
679 856
680 714
681 746
681 876
682 812
683 724
683 877
684 801
685 887
686 749
686 924
688 792
688 904
688 916
689 802
691 708
691 828
691 921
691 941
692 705
692 737
692 757
692 799
692 823
692 910
692 925
694 729
695 867
696 910
697 747
698 992
699 950
699 969
700 992
701 845
701 852
702 855
702 868
702 891
703 725
703 750
703 757
705 860
706 908
708 843
709 755
709 794
710 883
710 963
711 851
713 795
714 858
715 993
716 801
717 758
718 850
718 966
718 971
720 742
720 799
720 838
721 731
721 781
721 838
721 883
721 934
721 995
722 872
723 905
724 750
724 881
725 811
725 934
726 806
727 865
727 930
727 988
728 851
728 959
729 820
729 892
730 920
730 995
731 825
731 943
732 891
732 979
733 745
733 767
733 947
733 986
733 994
734 764
734 959
735 850
735 901
736 976
737 989
738 924
739 747
739 780
740 930
742 841
743 747
743 929
744 904
745 983
747 946
748 761
748 780
748 797
748 851
748 894
749 934
750 897
751 803
752 778
752 780
752 911
753 902
753 942
754 850
755 831
756 775
757 930
759 810
759 951
761 894
762 944
763 768
764 973
766 785
766 853
766 882
766 889
767 968
768 926
768 971
769 822
771 790
771 810
771 953
771 958
771 964
771 981
771 983
772 862
772 899
772 979
774 851
775 940
775 968
775 971
777 803
777 843
777 974
778 787
778 960
779 789
779 813
779 902
779 999
782 855
783 827
783 855
784 806
785 896
786 787
786 890
787 847
787 878
788 789
788 903
790 887
790 895
790 910
791 983
792 872
793 817
797 844
798 806
799 827
799 828
799 941
800 852
800 885
801 808
801 837
801 871
802 993
803 838
803 859
803 868
803 877
804 940
805 878
806 911
806 961
806 981
807 867
808 958
809 847
809 875
809 971
810 977
810 978
815 961
817 949
818 929
819 881
819 900
819 983
820 887
821 839
822 873
822 922
823 836
824 939
825 931
827 878
827 908
827 972
827 974
830 887
831 948
832 854
832 862
834 932
834 957
834 966
836 863
836 885
837 851
840 863
841 886
842 906
842 938
843 870
844 861
845 849
845 855
845 956
848 950
851 888
852 973
852 985
855 948
855 970
856 953
857 872
858 967
858 990
860 885
860 980
862 877
863 937
864 925
864 982
865 948
865 950
867 924
867 978
868 948
869 896
869 976
869 986
871 874
872 966
874 991
875 994
876 968
877 903
878 908
878 970
879 903
879 953
880 949
881 897
887 923
889 937
891 901
891 990
892 916
892 996
894 960
895 995
897 975
898 905
905 912
905 915
905 979
908 958
909 971
912 915
913 977
914 991
918 925
919 994
923 989
926 976
929 985
930 995
934 936
935 961
936 974
937 955
939 972
940 963
940 987
943 998
944 946
944 966
945 991
946 959
946 992
956 991
980 984
981 999
993 999
