0 142
0 163
0 176
0 419
0 487
0 520
0 762
0 765
0 795
0 819
0 871
1 246
1 415
2 135
2 673
2 772
2 895
2 966
3 30
3 987
4 131
4 214
4 283
4 394
4 578
4 921
5 257
5 332
5 606
5 994
6 55
6 312
6 585
6 597
6 618
7 79
7 127
7 150
7 303
7 358
7 372
7 426
7 478
7 612
7 888
8 197
8 276
8 466
8 722
9 44
9 69
9 315
10 334
10 538
10 601
10 728
11 16
11 32
11 33
11 101
11 172
11 507
11 614
11 970
12 42
12 63
12 421
12 496
12 865
12 924
13 511
13 551
13 641
13 752
13 878
13 897
14 25
14 161
14 192
14 278
14 705
14 903
14 971
14 972
15 86
15 91
15 252
15 798
15 930
15 934
15 980
16 76
16 378
16 664
16 861
17 188
17 285
17 690
17 769
18 30
18 40
18 132
18 209
18 269
19 91
19 316
19 484
19 774
19 863
20 179
20 333
20 429
20 481
20 762
20 816
21 103
21 223
21 251
21 550
21 726
21 829
22 77
22 207
22 368
22 373
22 446
22 506
22 510
22 566
22 596
22 603
22 724
23 168
23 177
23 201
23 270
23 587
23 612
23 856
23 887
24 293
24 317
24 367
24 797
24 808
24 957
25 78
25 86
25 613
25 638
25 662
25 780
25 925
26 119
26 180
26 309
26 367
26 404
26 412
26 705
26 919
26 921
27 122
27 352
27 426
27 552
27 735
27 805
27 927
28 130
28 279
28 280
28 861
29 70
29 247
29 439
29 849
30 90
30 306
30 463
30 519
30 626
30 840
31 187
31 214
31 472
31 615
31 949
31 978
32 103
32 182
32 251
32 334
32 389
32 415
32 525
32 528
32 585
32 683
32 961
32 988
33 545
33 568
33 635
33 862
34 579
34 974
35 176
35 327
35 406
35 439
35 464
35 470
35 563
36 113
36 246
36 362
36 615
36 631
36 712
36 744
37 230
37 268
37 336
37 715
37 721
37 823
37 900
37 922
38 198
38 223
38 508
38 841
38 963
39 173
39 296
39 381
39 433
39 464
39 613
39 952
39 962
39 970
40 410
40 457
40 600
40 856
40 885
40 995
41 195
41 200
41 211
41 267
41 369
41 457
41 802
42 184
42 321
42 344
42 448
42 492
43 439
43 533
43 644
44 149
44 250
44 532
44 548
44 560
44 671
44 887
45 281
45 449
45 576
45 924
46 205
46 380
46 530
46 560
46 785
46 927
47 122
47 748
47 824
48 123
48 750
48 960
49 203
49 283
49 354
49 397
49 479
49 621
49 684
49 695
49 731
50 302
50 418
50 483
50 593
50 622
50 697
50 809
50 909
51 374
51 469
51 971
52 166
52 373
52 436
52 455
52 600
53 191
53 345
53 425
53 511
53 637
53 677
54 103
54 280
54 431
54 538
54 603
54 823
54 920
55 477
55 603
55 834
55 835
56 93
56 303
56 397
56 857
57 230
57 434
57 476
57 555
57 887
57 958
57 977
58 69
58 360
58 473
58 564
58 850
58 857
58 961
59 133
59 521
59 577
59 691
59 697
59 843
60 111
60 178
60 200
60 450
60 454
60 718
60 898
61 155
61 205
61 251
61 522
61 555
62 112
62 201
62 653
62 719
62 956
63 164
63 208
63 751
63 843
63 909
64 89
64 126
64 250
64 599
64 731
64 939
65 87
65 113
65 257
65 445
65 472
65 540
65 637
65 838
66 336
66 473
66 601
66 823
67 93
67 397
67 474
67 661
67 666
68 179
68 192
68 213
68 652
68 686
68 824
68 831
69 112
69 318
69 326
69 352
69 362
69 950
70 77
70 128
70 351
70 353
70 453
70 488
70 845
70 855
71 136
71 263
71 273
71 347
71 404
71 418
71 476
71 565
71 715
71 783
72 127
72 239
72 315
72 388
72 415
72 872
72 911
72 973
73 201
73 231
73 472
73 681
73 925
73 938
74 146
74 568
74 802
74 820
75 154
75 248
75 269
75 542
75 625
75 902
76 277
76 278
76 279
76 464
76 466
76 609
76 823
77 228
77 273
77 510
77 603
77 755
78 261
78 416
78 832
79 118
79 152
79 174
79 208
79 280
79 375
79 426
79 645
79 766
79 824
79 976
80 337
80 350
80 426
80 528
80 645
80 944
80 970
81 393
81 485
81 634
81 655
81 745
81 846
81 893
82 218
82 425
82 658
83 217
83 236
83 338
83 361
83 462
83 538
83 627
83 796
84 155
84 305
84 384
84 832
84 920
85 105
85 139
85 217
85 297
85 304
85 528
85 621
85 782
85 854
85 927
86 195
86 269
86 339
86 541
86 611
86 670
86 722
87 419
87 598
87 732
87 849
88 234
88 292
88 444
88 482
88 594
88 914
89 146
89 288
89 467
89 651
89 796
90 335
90 366
90 478
90 571
90 700
90 902
90 964
90 987
90 991
91 103
91 318
91 419
91 512
91 546
91 590
92 206
92 296
92 459
92 645
92 819
92 874
92 977
93 347
93 459
93 505
93 642
93 733
93 915
94 198
94 679
94 715
94 972
94 989
95 194
95 456
95 810
95 942
95 989
96 280
96 367
96 836
96 970
97 287
97 422
98 509
98 596
98 636
98 809
99 466
99 520
99 823
99 831
99 848
100 273
100 288
100 361
100 447
100 498
100 624
100 690
100 870
100 918
101 141
101 208
101 894
101 951
101 959
101 989
102 368
102 473
102 914
103 130
103 403
103 445
103 469
103 477
103 777
104 232
104 289
104 380
105 123
105 148
105 172
105 494
105 774
106 325
106 562
106 588
106 795
106 933
107 328
107 367
107 443
107 558
107 576
107 717
107 802
107 890
107 978
108 527
108 622
108 639
108 717
108 730
108 848
108 900
109 236
109 272
109 339
109 756
110 175
110 517
111 311
111 555
111 869
111 901
111 906
112 262
112 458
112 693
112 749
112 789
112 916
113 128
113 811
113 843
113 926
114 245
114 304
114 389
114 408
114 412
114 517
114 530
114 823
114 832
114 889
115 181
115 504
115 600
116 233
116 252
116 380
116 675
116 693
116 848
116 918
117 773
117 809
117 854
117 975
118 276
118 416
118 448
118 485
118 762
118 944
119 144
119 259
119 281
119 912
120 368
120 431
120 521
120 531
120 588
120 621
121 330
121 477
121 608
121 712
121 886
121 894
121 934
122 228
122 542
122 655
122 793
123 230
123 977
124 310
124 476
124 482
125 492
125 619
125 727
125 852
125 914
125 918
126 596
126 699
126 885
127 141
127 277
127 339
127 347
127 378
127 531
127 557
127 604
127 924
127 950
128 155
128 266
128 357
128 529
128 580
128 840
129 282
129 543
129 634
129 753
129 782
129 805
129 844
130 504
130 524
130 777
130 835
130 925
130 998
131 296
131 543
131 566
131 682
131 700
131 973
132 201
132 270
132 330
132 549
132 731
132 802
132 897
133 535
133 689
133 746
133 994
134 344
134 350
134 369
134 536
134 670
134 683
134 715
135 499
135 677
135 774
135 799
135 881
135 970
136 193
136 218
136 333
136 524
136 538
137 154
137 742
137 839
137 982
138 143
138 483
138 674
138 852
138 999
139 526
139 618
139 885
140 247
140 289
140 331
140 338
140 353
140 425
140 443
140 638
140 824
140 910
140 922
140 928
141 226
141 390
141 514
141 897
141 932
142 277
142 361
142 461
142 785
143 290
143 293
143 416
143 418
143 488
143 876
143 883
143 884
144 196
144 328
144 398
144 501
144 544
144 635
144 766
144 988
145 221
145 288
145 331
145 357
145 470
145 507
145 570
145 587
145 704
145 716
146 236
146 262
146 303
146 311
146 352
146 398
146 526
146 757
146 772
146 835
147 342
147 753
147 769
148 374
148 631
148 984
149 159
149 209
149 282
149 424
149 498
149 505
149 692
149 710
149 843
149 854
149 904
149 944
150 385
150 583
151 237
151 483
151 502
151 556
151 568
151 801
152 374
152 646
152 731
152 776
153 213
153 481
153 599
153 968
153 972
154 460
154 482
154 767
154 768
155 280
155 399
155 485
155 489
155 626
155 678
155 820
155 977
156 757
156 805
156 964
157 173
157 237
157 401
157 536
157 568
157 645
157 710
157 904
157 964
158 468
158 864
158 940
159 174
159 205
159 246
159 254
159 277
159 296
159 419
159 458
159 664
160 461
160 469
160 577
160 670
160 851
161 467
161 568
161 655
161 877
162 194
162 200
162 556
162 558
162 688
162 884
163 229
163 319
163 440
163 629
163 732
163 867
163 918
164 540
165 271
165 351
165 441
165 576
165 733
166 246
166 423
166 444
166 540
167 287
167 299
167 781
167 840
168 257
168 292
168 325
168 339
168 777
168 778
168 857
169 273
169 366
169 715
169 724
169 805
169 919
170 257
170 346
170 417
170 553
170 606
170 760
171 276
171 937
171 945
172 310
172 368
172 385
172 812
172 989
173 189
173 247
173 273
173 280
173 290
173 371
173 934
174 628
175 288
175 397
175 555
175 570
175 621
175 675
175 734
175 824
175 882
175 898
176 195
176 330
176 350
176 922
177 229
177 352
177 469
177 538
177 615
177 846
178 917
178 946
179 756
180 243
180 789
181 299
181 694
181 830
182 283
182 379
182 726
183 521
183 542
183 679
183 840
184 493
184 609
184 643
185 318
185 408
185 513
186 227
186 239
186 386
186 655
186 837
187 420
187 484
187 815
187 967
188 208
188 853
189 239
189 259
189 362
189 423
189 525
189 593
189 825
189 933
189 990
190 267
190 420
190 515
190 560
190 983
191 209
191 693
191 951
191 986
192 245
192 466
192 473
192 582
192 650
192 752
192 760
192 817
192 874
192 888
193 237
193 418
193 779
193 850
193 935
193 987
194 418
194 465
194 540
194 674
195 379
195 829
195 960
196 293
196 833
197 643
197 827
197 894
197 930
198 284
198 342
198 384
198 385
198 586
198 861
199 272
199 333
199 390
199 924
200 355
200 397
200 503
200 665
201 210
201 261
201 338
201 520
201 611
201 678
201 701
201 974
202 330
202 528
202 690
202 716
202 880
203 254
203 297
203 574
203 675
204 240
204 989
205 322
205 624
205 704
205 719
205 763
205 945
206 257
206 267
206 506
206 631
206 641
206 712
206 939
207 305
207 308
207 681
207 704
207 783
207 931
208 306
208 585
208 731
208 768
208 786
208 977
209 251
209 265
209 272
209 322
209 590
209 740
209 771
209 847
210 313
210 331
210 374
210 411
210 957
210 968
211 578
211 628
211 767
211 877
211 905
211 921
211 990
212 244
212 252
212 542
212 566
212 798
213 520
213 711
213 777
213 801
213 896
214 290
214 292
214 663
214 785
214 797
214 975
215 267
215 368
215 470
215 594
215 860
215 976
216 276
216 305
216 404
216 459
217 337
217 387
217 485
218 349
218 381
218 587
218 955
219 548
219 629
220 563
220 754
220 804
221 301
221 314
221 390
221 871
221 928
221 965
222 351
222 373
222 564
222 646
222 837
223 430
223 714
223 768
223 883
224 240
224 612
224 897
224 956
224 983
225 270
225 468
226 549
226 753
226 909
227 469
227 908
228 320
228 414
228 621
228 939
229 282
229 430
229 538
229 719
229 761
229 803
229 887
230 279
230 332
230 351
230 568
230 610
230 622
230 743
230 764
231 311
231 581
231 730
231 742
231 822
231 949
232 238
232 369
232 792
233 350
233 464
233 500
233 841
234 720
234 778
234 839
234 878
234 966
234 972
235 339
235 587
235 655
235 686
235 694
235 754
235 763
236 368
236 478
236 846
236 981
237 290
237 670
238 356
238 594
238 873
238 991
239 277
239 549
239 575
239 640
239 657
239 688
239 719
239 876
240 367
240 489
241 326
241 653
241 659
241 694
241 695
241 774
241 863
241 868
241 925
241 998
242 313
242 372
242 401
242 568
242 576
242 954
243 723
243 999
244 403
244 447
244 516
244 763
244 804
244 839
244 905
245 380
245 492
245 659
246 770
246 950
246 958
247 379
247 496
247 650
247 676
247 737
247 751
248 274
248 546
248 686
248 867
248 939
249 252
249 340
249 467
249 519
249 572
249 687
249 748
249 818
249 846
249 867
249 876
249 915
250 392
250 450
250 689
250 786
250 810
251 390
251 705
251 768
251 792
252 660
252 672
252 841
252 999
253 358
253 373
253 394
253 418
253 629
253 651
253 709
253 731
253 898
254 449
254 553
254 640
254 725
254 948
254 981
255 495
256 698
256 759
257 332
257 379
257 652
257 727
257 744
257 983
258 565
258 736
258 951
258 976
259 378
259 783
259 896
259 899
260 481
260 687
260 785
260 786
260 958
260 980
261 443
261 898
261 983
262 380
262 498
262 840
262 862
263 359
263 368
263 373
263 698
263 810
264 420
264 433
264 455
264 506
265 290
265 376
265 403
265 498
265 739
265 965
266 399
266 480
266 537
266 736
267 352
267 413
267 501
267 529
268 388
268 429
268 643
268 992
269 385
269 505
269 573
269 715
269 995
271 361
271 458
271 463
271 660
271 840
271 907
271 987
271 988
272 277
272 331
272 421
272 445
273 621
274 508
274 720
274 777
274 810
274 817
275 613
275 630
276 312
276 363
276 366
276 447
276 491
276 702
276 726
276 805
276 857
276 994
277 312
277 317
277 490
277 499
277 630
277 755
277 976
278 544
278 589
278 667
278 744
278 815
279 373
279 747
279 804
280 333
280 425
280 504
280 656
280 873
280 944
281 448
281 569
281 756
282 468
282 718
282 943
283 389
283 390
283 461
283 528
283 614
283 635
283 743
283 763
284 445
284 552
284 922
284 955
285 754
285 941
286 722
286 723
286 991
288 899
288 947
289 504
289 875
289 894
290 410
290 540
290 917
291 476
291 756
291 869
291 884
291 961
292 372
292 414
292 595
292 863
292 883
292 991
293 325
293 432
293 797
293 824
294 507
294 523
294 556
295 330
295 507
295 780
296 539
296 997
297 481
297 526
297 542
297 662
298 302
298 461
298 474
298 687
299 520
299 580
299 599
299 711
299 983
300 327
300 336
300 373
300 419
300 474
300 591
300 710
301 320
301 341
301 736
301 754
301 807
301 994
302 360
302 370
302 373
302 484
302 531
302 545
302 842
303 346
303 425
303 518
303 605
303 911
304 557
304 886
305 308
305 325
305 576
305 859
305 871
305 898
305 917
307 360
307 617
307 665
307 725
307 742
307 756
308 372
308 431
308 497
308 643
308 741
308 782
309 706
309 717
309 909
309 946
310 643
310 670
310 834
310 838
311 356
311 468
311 505
312 395
312 905
313 719
313 782
313 794
313 880
313 915
314 321
314 581
314 614
315 415
315 590
315 786
315 812
315 833
315 835
315 868
316 422
316 608
317 323
317 398
317 820
317 826
317 880
318 437
318 590
318 754
318 866
319 513
319 622
319 896
319 923
320 447
320 580
320 735
320 820
320 918
320 953
321 386
321 534
321 631
321 885
321 889
321 955
321 982
322 384
322 587
322 762
322 927
322 989
323 393
323 474
323 655
323 727
323 781
323 907
324 425
324 699
324 781
324 983
325 372
325 401
325 503
325 533
325 606
325 621
325 623
325 668
326 358
326 475
326 627
326 843
327 436
327 494
327 524
327 528
327 567
327 672
327 733
327 781
327 896
327 984
328 403
328 483
328 568
328 597
328 623
328 745
328 841
329 650
329 785
330 389
330 809
330 999
331 494
331 585
331 855
331 962
331 997
332 442
332 465
332 703
332 749
333 625
334 391
334 442
335 437
335 512
335 730
336 427
336 895
336 898
337 362
337 557
337 969
338 827
339 729
339 807
339 903
339 998
340 456
340 458
340 629
341 475
341 534
341 762
341 764
341 901
342 576
342 707
343 348
343 405
343 474
343 518
343 593
343 642
343 747
343 793
343 912
343 969
343 971
343 995
344 395
344 421
344 712
344 927
345 482
345 797
345 997
346 602
346 687
346 689
346 856
346 966
347 437
347 696
347 826
348 367
348 810
348 966
349 694
349 963
350 426
351 652
351 671
352 550
352 747
352 872
352 884
352 924
353 530
353 613
354 435
354 559
354 628
354 733
355 538
355 635
355 957
356 624
356 765
356 818
356 936
357 834
357 856
358 463
358 500
358 695
358 747
358 798
358 859
359 373
359 434
359 541
359 612
359 962
360 378
360 661
360 679
360 861
361 750
361 853
361 914
362 408
362 437
362 668
362 755
362 848
362 923
363 416
363 557
363 560
363 623
363 821
363 889
363 905
364 565
364 764
364 772
364 863
365 692
366 667
366 775
367 391
367 417
367 491
367 557
367 638
367 816
367 925
368 563
368 765
368 798
368 986
369 370
369 615
369 908
369 974
369 990
370 433
370 722
370 794
370 872
370 926
370 978
371 511
371 632
371 667
371 778
372 452
372 509
372 805
372 973
372 979
372 990
374 584
375 481
375 489
375 512
375 631
375 723
375 851
376 419
376 567
376 801
377 477
377 539
377 619
377 697
377 736
377 743
378 381
378 506
378 833
379 444
379 477
379 482
379 489
379 628
379 868
379 899
380 427
380 548
380 823
381 399
381 496
381 690
381 708
382 513
382 572
382 700
382 772
383 394
383 500
383 567
383 580
383 694
383 853
383 855
384 420
384 808
385 477
385 478
386 427
386 467
386 524
386 718
386 754
386 873
386 918
386 937
386 977
387 446
387 530
387 776
388 421
388 737
388 871
389 645
389 836
389 972
390 546
390 641
390 735
391 501
391 588
391 979
391 999
392 764
392 829
393 490
393 554
393 683
393 697
393 721
393 799
393 923
394 453
394 491
394 574
394 637
394 692
394 788
394 928
394 981
395 441
395 473
395 691
395 808
395 917
396 637
396 730
396 778
396 861
396 911
396 960
396 993
397 430
397 468
397 583
397 646
397 655
397 668
397 801
398 515
399 629
399 747
399 924
400 424
400 688
401 644
401 949
402 464
402 655
402 762
402 865
403 689
403 770
403 790
404 462
404 525
404 628
404 716
404 949
405 557
405 587
405 765
405 790
406 407
406 426
406 631
406 775
407 706
407 771
407 917
408 632
408 709
408 754
409 413
409 549
409 582
409 595
409 706
409 856
409 908
410 634
411 431
411 636
411 892
412 463
412 509
412 564
412 694
412 881
413 599
413 661
413 707
413 815
414 811
415 523
415 544
415 700
415 928
415 992
416 525
416 540
416 929
416 979
417 594
417 613
417 634
418 520
418 894
418 911
418 945
418 963
418 977
419 607
419 881
419 918
420 516
420 724
420 888
420 948
421 565
421 835
422 716
423 613
423 644
423 698
423 703
423 814
423 899
424 836
424 982
425 496
425 609
425 890
426 459
426 523
426 579
426 644
426 672
426 824
426 934
427 714
427 740
427 827
428 505
428 892
429 452
429 851
430 590
430 652
430 712
431 492
431 611
431 882
432 776
432 972
433 479
433 712
433 725
433 829
433 863
433 906
434 723
434 771
434 922
435 555
435 630
435 983
436 482
436 853
437 462
437 620
437 744
437 754
437 779
437 865
438 601
438 846
438 922
439 512
439 780
440 645
440 646
440 744
440 845
440 953
441 476
441 718
442 571
442 621
442 927
443 475
443 572
443 667
444 517
444 669
444 709
444 723
444 860
445 457
445 645
445 711
445 804
445 809
445 910
445 954
446 917
447 499
447 820
448 482
448 497
448 884
449 942
451 557
451 560
451 667
451 736
451 963
452 495
452 548
452 636
452 679
452 907
452 911
452 991
453 590
453 647
454 671
454 781
454 786
454 799
454 963
455 568
455 771
455 863
455 909
456 574
456 954
457 569
457 888
458 472
458 499
458 790
458 804
459 568
459 686
459 972
460 561
460 583
460 669
460 919
461 497
461 574
461 585
461 626
461 636
461 640
461 671
461 935
462 519
462 580
462 754
462 929
463 535
463 633
464 465
464 532
464 635
464 796
464 991
465 608
465 615
465 701
465 753
466 530
467 543
467 594
467 609
467 716
467 844
467 926
468 700
469 481
469 482
469 537
470 561
470 654
470 957
471 877
472 668
472 723
472 787
472 833
472 844
472 947
473 531
473 608
473 677
474 531
474 687
475 565
475 713
475 942
476 832
477 486
477 504
477 537
477 625
477 648
477 684
477 784
477 885
478 563
478 676
478 947
478 961
479 662
479 701
479 915
480 812
480 873
480 921
481 779
481 913
482 583
483 607
483 729
483 816
483 928
484 625
484 636
484 639
484 828
484 917
485 738
485 819
486 806
487 550
487 567
487 661
488 647
488 670
488 695
489 758
489 988
490 537
490 580
490 949
491 854
491 921
492 534
492 535
492 647
492 972
493 670
493 752
494 637
494 692
494 694
494 906
494 985
495 578
495 597
495 811
495 823
495 926
496 594
496 674
496 818
496 885
497 727
497 970
498 548
498 565
498 611
498 777
498 854
498 866
498 942
499 580
499 875
499 944
499 987
500 555
500 839
500 982
501 694
501 943
502 696
502 927
502 928
504 700
504 824
504 861
504 903
504 990
505 791
505 945
505 958
506 549
506 672
506 963
506 989
506 996
507 517
507 907
507 996
508 533
508 564
508 626
508 671
508 744
508 854
508 936
509 556
509 794
509 888
510 540
510 773
511 518
511 555
511 680
511 905
512 790
513 667
514 515
514 865
514 893
514 901
514 937
514 953
514 994
515 905
516 710
516 958
516 966
517 542
517 741
517 860
517 887
518 658
518 942
518 952
519 662
519 813
520 766
521 719
521 741
521 874
521 925
522 540
522 645
522 657
522 956
523 604
523 649
523 661
523 765
523 838
523 868
523 884
524 711
524 959
524 984
525 671
525 925
525 972
526 593
526 887
527 757
528 702
528 782
528 870
528 973
530 827
530 846
530 960
531 774
531 822
532 655
532 844
532 858
532 883
532 952
533 538
533 545
533 830
533 881
533 940
534 626
534 823
534 891
534 961
535 755
535 978
536 756
536 794
536 887
536 918
536 921
537 696
537 879
538 746
538 758
538 810
538 831
538 906
539 578
539 763
539 779
539 845
539 962
540 569
540 632
540 674
540 761
540 898
540 989
541 585
541 691
541 930
542 643
543 589
543 790
544 674
544 697
545 795
545 813
546 550
546 786
546 986
547 630
547 788
548 673
548 682
548 739
548 938
549 636
549 793
549 802
549 985
550 667
550 670
551 575
551 755
552 672
552 691
552 759
553 777
553 795
553 977
554 673
554 779
555 767
555 979
556 578
556 628
556 680
556 742
557 640
557 861
557 889
558 607
558 664
558 675
558 751
559 611
559 955
560 699
561 792
561 801
561 912
562 563
562 788
562 799
562 812
562 870
562 913
563 572
563 681
563 704
563 809
563 921
564 669
564 672
564 813
564 848
564 897
564 945
564 955
564 972
565 623
565 657
565 825
565 871
565 976
566 640
566 644
566 856
566 881
567 614
568 569
568 671
568 838
568 904
569 638
569 720
569 985
570 797
570 947
570 953
571 617
571 821
571 845
571 862
572 996
574 579
574 704
574 725
574 790
576 822
577 834
580 799
580 842
580 939
581 654
581 807
581 880
582 663
582 673
582 675
582 827
582 913
582 931
583 680
583 718
583 890
583 898
584 667
584 836
584 949
586 590
586 889
588 750
590 799
590 833
591 844
592 855
593 638
593 693
593 935
594 602
594 980
595 840
595 920
596 727
596 829
596 885
597 662
599 720
599 721
601 676
601 845
601 911
602 946
603 692
603 703
603 760
603 973
604 609
604 788
605 770
605 900
606 676
606 758
606 793
607 696
607 844
607 932
608 904
608 976
609 802
610 725
610 734
610 870
610 879
612 762
612 808
612 820
613 674
613 677
613 784
613 816
613 992
614 731
614 824
616 724
616 847
616 925
616 945
616 988
617 647
617 911
618 686
618 757
618 766
618 979
619 681
619 750
619 769
619 813
619 816
619 999
620 639
620 640
620 818
621 708
621 930
622 642
623 668
623 675
623 728
624 758
624 794
624 897
625 680
626 715
626 925
626 957
627 628
627 777
627 971
628 983
629 657
629 666
629 903
629 997
631 647
631 776
631 916
632 862
632 988
633 795
633 800
633 885
634 648
634 671
634 731
634 737
634 882
634 974
634 979
634 983
635 803
635 876
636 644
636 885
636 886
636 924
636 932
637 714
637 892
637 902
637 963
638 724
638 889
639 751
639 792
641 739
641 774
645 720
645 791
645 832
645 863
646 674
646 709
646 771
646 773
646 998
647 667
647 827
647 909
649 840
650 676
650 759
650 971
651 713
651 800
652 977
653 865
655 966
655 979
656 672
656 700
656 799
659 870
662 689
663 869
663 963
664 824
664 867
664 918
665 746
665 847
665 948
666 783
667 804
667 811
667 929
667 976
668 764
668 897
669 719
669 821
669 913
669 922
670 782
670 920
671 788
671 830
672 800
672 856
672 958
673 687
673 751
673 849
674 730
676 767
676 836
677 713
678 699
678 904
678 926
679 682
679 702
679 852
680 773
680 943
680 945
680 954
680 975
681 928
682 857
683 711
683 942
684 828
684 831
684 933
685 778
685 799
685 959
685 979
686 709
687 775
687 931
688 708
688 936
688 940
688 976
689 722
690 830
690 873
690 894
691 969
692 746
693 786
693 788
693 905
693 916
694 858
695 856
695 989
695 990
696 873
697 853
697 922
698 731
698 913
698 965
698 986
699 781
701 713
701 739
701 759
703 886
703 995
705 751
705 803
705 929
706 776
706 842
706 865
706 969
706 993
707 751
707 796
707 837
707 996
708 744
708 939
709 885
709 893
709 912
709 936
710 855
710 871
711 912
711 924
712 853
712 890
712 973
713 870
714 790
714 816
714 924
715 956
717 853
717 923
717 946
718 834
718 933
719 791
720 722
720 861
720 878
721 748
722 778
722 941
723 859
723 966
725 765
725 930
725 937
726 980
727 830
727 957
728 866
729 770
729 941
729 942
729 972
730 804
730 892
731 815
731 901
731 968
733 784
734 761
735 985
737 837
737 940
738 776
738 855
740 755
740 814
740 844
741 806
741 927
741 983
744 863
744 903
745 754
746 839
746 906
746 944
747 920
748 832
749 854
749 937
749 940
750 933
751 831
751 875
752 925
753 834
753 899
753 918
753 965
753 991
754 951
755 957
756 765
756 912
757 797
757 829
757 836
757 974
759 905
761 792
761 866
762 792
763 826
763 829
763 907
764 832
765 843
765 940
767 883
767 943
768 916
769 961
770 805
770 807
771 787
771 960
772 794
775 784
775 796
775 918
776 781
777 897
778 950
778 957
778 991
780 818
781 812
781 939
781 987
782 869
783 896
784 786
785 910
785 947
785 985
786 790
787 819
787 899
788 814
789 903
789 935
790 792
790 890
790 971
791 913
793 808
793 823
795 810
795 851
795 938
795 978
796 878
797 970
798 917
799 975
800 802
800 817
800 886
801 835
804 846
804 980
807 811
807 878
808 900
808 936
808 982
809 847
811 849
812 832
813 873
813 953
814 862
815 932
816 918
818 836
818 861
820 911
822 843
822 858
822 866
823 938
825 886
826 854
826 958
826 985
828 833
828 928
829 903
830 895
831 854
831 880
832 982
834 846
834 974
835 884
835 910
835 952
835 976
836 883
836 976
836 992
837 975
838 914
840 935
840 953
840 966
841 901
841 927
842 847
842 945
844 862
845 874
845 903
845 931
845 962
850 913
850 990
850 992
851 890
853 907
854 972
859 923
863 947
864 885
865 875
865 941
865 950
867 927
869 913
872 886
872 994
874 911
875 897
875 970
876 889
876 899
877 920
878 891
882 931
883 940
884 956
885 995
888 920
889 892
889 939
890 918
890 973
892 994
893 902
894 951
896 977
897 906
898 919
898 927
901 940
901 961
903 928
908 984
909 973
910 951
915 997
916 927
920 997
934 990
935 947
936 985
938 987
939 994
940 973
942 976
945 973
946 972
947 969
950 963
951 992
952 978
968 992
970 980
971 980
