0 100
0 147
0 160
0 712
0 822
0 927
0 944
1 105
1 111
1 244
1 312
1 361
1 504
1 689
2 3
2 24
2 78
2 170
2 184
2 230
2 236
2 431
2 565
2 571
2 628
2 710
2 746
2 835
2 877
2 892
2 982
3 469
3 793
3 819
4 187
4 201
4 435
4 546
5 20
5 30
5 99
5 154
5 163
5 299
5 380
5 592
5 667
6 197
6 225
6 242
6 571
6 879
7 172
7 287
7 370
7 372
7 519
7 591
7 745
7 884
8 15
8 144
8 632
8 900
9 214
9 432
9 461
9 556
9 559
9 873
9 893
10 16
10 18
10 354
10 445
10 497
10 622
10 670
10 816
10 862
11 132
11 439
11 448
11 484
11 490
11 495
11 506
11 515
11 554
11 675
11 723
11 773
12 16
12 92
12 949
12 993
13 396
13 550
13 664
13 788
13 828
13 995
14 133
14 393
14 409
14 469
14 501
14 567
14 660
14 665
15 430
15 558
15 641
15 649
15 891
15 957
16 825
16 850
16 891
17 337
17 449
17 878
18 301
18 302
18 385
18 395
18 444
18 449
18 512
18 540
18 759
19 22
19 44
19 117
19 201
19 381
19 545
19 617
19 633
19 948
19 987
20 503
20 662
20 721
20 757
20 808
21 341
21 537
21 603
22 249
22 655
22 726
22 832
22 867
22 966
23 179
23 255
23 393
23 477
23 867
24 145
24 353
24 391
24 412
24 471
24 478
24 520
25 59
25 215
25 273
25 507
25 530
25 551
25 567
26 543
26 666
26 756
26 774
27 44
27 216
27 218
27 296
27 365
27 706
27 796
28 131
28 353
28 370
28 640
28 739
28 968
29 975
30 119
30 129
30 173
30 377
30 386
30 794
30 900
31 288
31 300
31 445
31 720
32 72
32 158
32 383
32 486
32 552
32 604
32 673
32 810
33 143
33 381
33 559
33 683
33 867
33 889
34 310
34 343
34 486
34 649
34 984
35 38
35 81
35 648
35 842
35 849
35 909
36 249
36 269
36 293
36 365
36 474
36 496
36 562
36 762
36 865
36 945
37 105
37 129
37 139
37 209
37 289
37 605
37 757
37 765
37 797
37 992
38 202
38 278
38 502
38 907
38 948
39 364
39 383
39 385
39 610
39 837
39 925
40 47
40 89
40 260
40 326
40 404
40 730
40 833
41 133
41 337
41 347
41 405
41 446
41 678
41 800
41 801
41 807
41 997
42 355
42 567
42 596
42 712
42 793
42 900
43 142
43 469
43 505
43 838
44 432
44 627
44 948
44 996
45 58
45 204
45 283
45 489
45 531
45 584
45 732
45 755
45 767
46 147
46 350
46 532
46 802
46 871
47 365
47 452
47 592
47 857
47 941
47 974
48 131
48 234
48 673
48 739
48 975
49 119
49 284
49 729
49 878
50 61
50 259
50 662
50 730
50 859
51 798
51 938
52 274
52 304
52 310
52 370
52 604
52 682
52 852
53 229
53 373
53 523
53 727
53 897
54 145
54 293
54 305
54 348
54 736
54 776
54 948
55 63
55 73
55 215
55 311
55 487
55 649
55 660
55 690
55 880
55 902
56 389
56 555
56 680
56 999
57 296
57 412
57 495
57 517
57 768
57 869
57 984
58 413
58 553
59 308
59 356
59 680
59 706
59 850
59 991
60 239
60 402
60 456
60 788
60 854
60 857
60 948
61 128
61 190
61 408
61 414
61 510
61 798
61 847
62 78
62 121
62 147
62 227
62 256
62 278
62 436
62 697
62 996
63 342
63 343
63 721
63 809
63 934
64 83
64 105
64 142
64 373
64 389
64 560
64 824
64 893
65 234
65 543
65 645
65 704
65 803
66 87
66 171
66 254
66 409
66 628
66 691
66 895
66 898
67 275
67 469
67 513
67 852
68 184
68 319
68 403
68 631
68 866
68 956
68 960
68 985
69 783
69 883
69 915
70 127
70 136
70 503
70 675
70 843
71 140
71 162
71 429
71 460
71 699
71 847
72 251
72 421
72 591
72 628
72 705
73 303
73 753
73 766
74 103
74 137
74 146
74 362
74 374
74 384
74 710
74 724
74 823
75 270
75 325
75 351
75 638
75 692
75 769
76 176
76 463
76 870
77 159
77 175
77 177
77 210
77 597
78 312
78 469
78 479
78 527
78 807
79 274
79 531
79 570
79 680
79 717
80 223
80 240
80 462
80 734
80 874
80 955
81 286
81 527
81 592
81 842
81 865
81 897
82 116
82 614
82 649
83 198
83 403
83 481
84 275
84 303
84 666
84 830
85 716
85 822
85 864
85 892
85 977
86 240
86 421
86 728
86 852
87 245
87 286
87 342
87 432
87 470
87 501
87 541
87 802
87 902
87 985
88 164
88 290
88 749
88 942
88 982
89 151
89 333
89 362
89 367
89 419
89 590
89 627
89 663
89 779
90 122
90 266
90 450
90 662
90 766
90 987
91 184
91 210
91 272
91 528
92 109
92 268
92 323
92 678
93 258
93 309
93 706
94 265
94 297
94 550
94 570
94 747
94 892
94 923
94 951
94 996
95 143
95 262
95 342
95 599
95 712
95 761
95 775
95 837
95 886
96 150
96 151
96 199
96 227
96 678
96 689
97 288
97 545
97 911
97 919
98 576
98 611
98 763
99 492
99 543
99 679
99 736
99 931
100 643
100 655
100 878
100 891
100 938
101 299
101 624
101 625
101 656
101 666
101 704
101 861
101 930
101 979
102 353
102 412
102 878
103 593
103 790
103 886
104 195
104 259
104 453
104 608
104 995
105 323
105 683
105 696
105 755
105 756
105 757
105 855
106 384
106 611
106 681
106 890
107 174
107 227
107 739
107 980
108 247
108 866
109 135
109 271
109 463
109 763
109 802
110 219
110 323
110 453
110 502
110 596
110 636
110 755
110 867
110 885
110 927
110 972
111 361
111 376
111 437
111 448
111 502
111 635
111 647
111 650
111 995
112 268
112 311
112 403
112 406
112 441
112 489
112 536
112 759
112 768
112 826
113 191
113 230
113 414
113 609
113 739
113 819
114 130
114 182
114 357
114 440
114 900
115 189
115 236
115 410
115 740
116 252
116 289
116 538
116 706
116 745
116 878
116 890
116 933
117 345
117 398
117 414
117 706
117 752
117 795
118 599
119 333
119 842
119 959
120 122
120 409
120 849
121 348
121 655
122 191
122 456
122 552
122 555
122 645
122 784
122 786
123 497
123 642
123 944
124 194
124 336
124 578
124 797
125 181
125 581
125 602
126 487
126 576
126 748
126 852
127 188
127 224
127 274
127 365
127 914
127 934
128 207
128 315
128 564
128 666
128 905
128 957
129 465
129 641
130 476
130 521
131 967
132 180
132 183
132 240
132 281
132 314
132 441
132 939
133 200
133 386
133 455
134 364
134 391
134 530
134 619
134 874
134 921
135 193
135 282
135 408
135 421
135 672
135 915
135 956
136 316
136 358
136 404
137 249
137 342
137 371
137 562
137 588
137 597
137 843
138 461
138 555
138 622
138 665
138 743
138 891
138 985
139 611
139 809
139 902
139 958
140 178
140 198
140 312
140 441
140 635
140 644
140 698
140 751
140 757
140 848
141 467
141 870
141 924
141 927
142 497
142 529
142 549
142 639
142 734
142 767
143 382
144 190
144 460
144 662
144 997
145 300
145 307
145 341
145 448
145 681
145 834
146 611
146 768
146 835
146 969
147 252
147 309
147 482
147 583
148 389
148 498
148 532
148 746
148 802
148 858
149 508
149 558
149 722
149 906
150 166
150 187
150 259
150 287
150 382
150 436
150 595
150 970
151 258
151 409
151 791
151 942
151 970
152 226
152 244
152 330
152 585
152 676
152 878
152 949
153 326
153 354
153 509
153 605
153 701
153 925
154 482
154 483
154 642
154 923
155 360
155 780
156 665
156 713
157 170
157 342
157 580
157 779
157 899
158 350
158 482
158 729
158 832
159 165
159 303
159 454
160 170
160 179
160 201
160 449
160 519
160 846
160 967
161 373
161 387
161 765
161 785
161 806
161 821
161 894
161 911
162 331
162 463
163 266
163 312
163 607
163 843
163 845
163 916
164 232
164 266
164 267
164 393
164 546
164 640
164 658
164 862
164 972
165 225
165 299
165 439
165 520
165 695
165 827
166 351
166 700
166 905
167 628
167 672
167 841
167 925
167 978
168 193
168 451
168 738
168 883
168 917
168 984
169 193
169 294
169 311
169 368
169 603
169 717
169 806
170 176
170 440
170 471
170 736
170 740
170 961
171 234
171 259
171 266
171 496
171 660
172 302
172 416
172 517
172 633
172 818
172 834
173 358
173 600
173 657
173 794
173 795
173 909
174 213
174 235
174 393
174 600
174 635
174 640
174 696
174 761
174 787
174 944
174 967
175 177
175 184
175 398
175 465
175 748
176 262
176 337
176 682
176 767
176 776
176 865
177 286
177 750
177 868
178 340
178 785
178 964
178 986
179 629
179 688
179 754
179 777
180 367
180 409
180 500
180 924
181 398
181 797
182 376
182 378
182 519
182 646
182 744
183 218
183 671
183 757
183 839
184 476
184 617
185 461
185 864
185 963
186 531
187 203
187 512
187 516
187 930
187 983
188 215
188 272
188 746
189 396
189 640
189 662
189 737
190 312
190 326
190 484
190 928
191 217
191 273
191 427
191 472
191 519
191 531
191 535
191 789
191 806
191 862
192 302
192 407
192 426
193 321
193 429
193 563
193 939
194 225
194 497
194 695
194 918
195 198
195 324
195 473
195 794
195 917
196 383
196 432
196 445
196 556
196 698
197 695
197 714
197 922
197 933
198 519
198 579
198 888
199 414
199 593
199 926
200 306
200 526
200 655
201 307
201 798
201 804
201 938
202 220
202 227
202 243
202 851
202 853
202 885
202 944
203 240
203 285
203 315
203 354
203 366
203 567
203 615
203 673
203 782
204 472
204 505
204 526
204 630
204 799
204 990
205 273
205 290
205 510
205 550
205 767
206 260
206 289
206 370
206 379
206 433
206 604
206 977
207 562
207 658
207 775
207 848
208 435
208 996
209 292
209 470
209 610
209 875
209 914
210 610
210 627
210 651
210 687
210 695
210 827
210 877
210 902
211 229
211 391
211 453
211 583
211 940
211 964
211 974
212 281
212 346
212 396
212 623
212 732
212 979
212 996
213 293
213 357
213 394
213 488
213 625
213 749
213 904
214 276
214 463
214 540
214 583
214 584
214 823
214 884
214 954
215 284
215 555
215 958
215 986
216 273
216 555
217 771
217 784
217 820
217 842
217 920
218 265
218 437
218 459
218 539
218 576
218 805
218 815
218 819
218 951
218 980
219 317
219 568
219 638
219 639
219 643
220 355
220 831
220 869
220 974
221 883
222 280
222 290
222 377
222 399
222 661
222 866
222 878
223 562
223 678
223 796
223 820
223 935
224 658
224 695
224 741
225 425
225 571
225 637
225 738
225 739
226 440
226 688
226 783
226 881
226 883
226 932
226 935
227 428
227 430
227 468
227 982
228 326
228 343
228 412
228 526
228 686
228 915
228 980
228 981
228 988
229 255
229 257
229 442
229 654
229 690
229 701
229 733
229 739
229 955
230 250
230 462
230 564
230 955
231 469
231 822
231 991
232 234
232 361
232 755
232 847
233 312
233 472
233 497
233 536
233 887
233 979
234 634
234 922
235 519
235 626
235 636
235 698
235 737
235 879
235 948
236 738
236 907
236 914
237 389
237 401
237 592
237 713
237 793
238 755
238 786
238 840
238 883
238 903
239 387
239 757
240 269
240 676
241 330
241 480
241 813
242 250
242 309
242 320
242 363
242 522
242 655
242 873
242 945
242 965
243 473
243 518
243 585
243 646
243 685
244 568
244 682
244 744
244 754
244 799
245 435
245 843
246 276
246 539
246 541
246 732
247 766
247 816
247 931
248 299
248 512
248 609
248 961
248 970
248 975
249 886
249 888
249 945
250 429
251 266
251 479
251 494
251 495
251 519
251 743
251 783
251 797
251 819
251 895
251 974
252 285
252 435
252 688
253 925
253 950
254 285
254 384
254 674
254 723
254 788
254 858
254 916
255 285
255 359
255 380
255 906
255 909
256 285
256 324
256 333
256 399
256 590
256 698
257 260
257 319
257 432
257 605
257 774
257 822
257 857
257 948
257 994
258 268
258 412
258 709
258 863
258 906
258 908
258 938
259 509
259 651
259 785
259 958
260 283
260 458
260 686
260 956
260 999
261 359
261 385
261 534
262 665
262 744
262 941
263 494
263 545
263 771
264 450
264 499
264 502
264 595
264 611
264 620
264 637
265 346
265 367
265 492
265 575
265 645
266 432
266 651
267 537
269 319
269 946
269 951
269 966
270 375
270 584
270 896
270 900
271 299
271 611
272 317
272 328
272 449
272 503
272 584
272 885
273 298
273 586
273 938
274 365
274 427
274 554
274 617
274 682
274 789
274 924
274 948
274 978
275 282
275 343
275 399
275 413
275 528
275 559
275 650
276 449
276 645
276 720
276 723
276 827
277 593
277 654
277 762
277 943
278 316
278 481
278 567
278 630
278 714
278 724
278 795
278 891
279 334
279 459
279 660
279 949
280 839
281 325
281 461
281 599
281 638
281 651
281 661
281 734
281 831
282 353
282 389
282 628
282 690
282 739
282 928
283 348
283 365
283 385
283 927
283 980
284 321
284 426
284 678
285 358
286 287
286 499
286 563
286 858
287 290
287 358
287 419
287 503
287 559
287 743
287 761
287 777
287 801
287 911
287 914
287 994
288 718
288 756
288 892
289 689
289 695
289 934
291 294
291 421
291 458
291 474
291 940
292 599
292 796
292 999
293 705
293 742
293 994
294 574
294 627
295 428
295 460
295 509
295 604
295 707
295 877
296 422
296 458
296 567
296 615
296 713
296 727
296 754
296 770
296 820
296 986
297 453
297 550
297 646
297 697
297 817
297 963
298 628
298 655
298 761
298 935
299 609
299 858
299 900
299 919
300 402
300 549
300 655
300 691
300 693
300 761
300 908
301 409
301 644
301 710
301 948
302 620
302 631
302 667
302 738
302 872
303 485
303 504
303 552
303 557
303 579
303 703
303 832
304 372
304 437
304 823
305 556
305 558
305 578
305 789
305 813
306 351
306 409
306 420
306 838
306 857
307 486
307 566
307 913
307 928
308 457
308 526
308 790
308 806
308 939
309 569
309 784
309 897
310 482
310 489
310 845
310 936
311 796
311 927
312 495
312 797
313 460
313 475
313 554
314 364
314 455
314 722
314 877
314 883
315 582
316 511
316 676
316 748
316 791
317 379
318 572
318 577
318 643
318 711
318 714
318 932
318 984
319 427
319 706
320 401
320 421
320 590
320 882
321 618
321 916
321 934
321 944
321 971
322 350
322 397
322 464
322 560
322 746
322 770
322 885
322 930
322 971
322 979
322 987
323 385
323 475
323 706
323 828
323 885
324 454
324 530
324 736
324 936
324 991
325 722
325 804
325 824
325 876
326 384
326 600
326 608
327 467
327 948
327 986
328 477
328 500
328 614
328 975
328 987
329 497
329 503
330 690
330 744
330 863
330 992
331 491
331 690
331 691
331 698
331 953
332 670
332 869
333 440
333 454
333 626
333 750
334 351
334 575
334 782
334 838
335 496
335 526
335 842
336 397
336 502
336 507
336 553
336 646
336 756
336 783
336 918
337 551
337 560
337 614
337 886
337 956
338 349
338 627
339 668
339 735
339 772
339 838
339 868
339 943
340 345
340 352
340 501
340 515
340 846
340 987
341 375
341 533
341 672
341 773
342 552
342 798
343 387
343 417
343 543
343 680
343 923
343 950
344 377
344 491
344 604
344 750
344 760
344 825
345 611
345 786
345 834
345 907
346 383
346 407
346 610
346 679
346 794
346 822
347 524
347 761
347 846
348 706
349 516
349 624
349 818
350 432
350 465
350 771
350 924
351 504
351 703
351 838
352 494
352 627
352 794
353 825
353 835
353 837
353 880
354 784
355 727
355 855
355 984
356 446
356 503
356 678
356 837
356 881
357 455
357 539
357 541
357 597
357 754
358 491
358 638
359 504
359 732
359 914
360 683
360 697
360 701
360 730
360 892
360 969
361 367
361 797
361 872
362 673
362 674
362 740
362 757
362 761
362 774
362 799
362 844
362 914
363 555
363 827
364 437
364 463
364 545
364 762
364 890
364 942
365 380
365 411
365 517
365 742
365 940
365 958
366 717
366 722
366 828
367 405
367 474
368 450
368 454
368 540
368 705
368 857
369 429
369 606
369 659
369 678
369 948
370 560
370 877
371 844
371 852
371 904
372 626
372 671
372 673
372 675
372 754
372 836
372 861
373 405
373 417
373 544
373 579
373 709
373 821
373 899
373 967
374 569
374 608
374 652
374 727
374 869
374 909
375 497
375 505
375 695
375 815
375 896
376 417
376 556
376 661
376 687
376 707
376 817
376 886
377 641
377 856
377 879
378 525
378 698
378 705
378 767
378 815
379 397
379 460
379 829
379 889
379 922
380 425
380 443
380 485
380 500
380 527
380 554
380 785
380 869
381 490
381 589
381 601
381 613
381 688
381 913
382 538
382 759
382 861
382 985
383 549
383 643
384 448
384 688
384 900
385 597
385 675
386 438
386 447
386 842
387 481
387 546
387 811
387 835
388 759
388 772
389 462
389 464
390 468
390 477
390 481
390 542
390 846
390 881
390 959
391 540
391 592
391 640
391 864
391 945
392 507
392 526
392 596
392 723
393 864
394 416
394 446
394 679
395 486
395 555
395 599
395 781
395 990
396 461
396 692
396 812
397 756
398 408
398 777
398 922
399 424
399 488
399 534
399 544
399 608
399 639
399 848
399 865
400 410
400 823
400 848
400 888
400 981
401 424
401 486
401 508
401 835
401 946
402 881
403 447
404 449
404 595
405 412
405 523
405 655
405 689
405 840
406 681
407 624
407 837
407 875
407 930
407 941
407 986
407 996
408 583
408 910
408 997
409 633
409 664
409 715
409 756
409 757
409 798
409 977
410 487
411 454
411 492
411 770
411 997
412 476
412 596
413 582
413 633
413 734
414 705
414 819
414 888
415 826
415 889
415 910
416 490
416 600
416 900
416 980
417 614
417 771
417 938
418 656
418 837
418 876
419 462
419 512
419 638
419 693
419 759
420 570
420 623
420 652
420 729
421 651
421 723
421 786
422 649
422 753
422 898
422 959
423 879
424 452
424 500
424 761
424 799
424 816
424 872
425 442
425 678
425 728
425 788
426 459
426 709
426 764
426 968
427 433
427 522
427 585
427 720
427 948
428 534
428 933
428 940
429 786
430 524
430 778
430 882
430 995
431 507
431 616
431 810
431 811
431 825
431 908
432 513
432 814
433 559
433 769
433 778
434 476
434 628
434 945
434 964
435 546
435 592
435 782
436 528
436 736
436 809
436 947
437 661
437 765
437 933
437 988
438 577
438 653
438 728
438 994
439 522
439 607
439 687
440 748
440 855
441 636
441 674
442 457
442 467
442 493
442 803
442 817
443 680
443 947
444 559
444 681
444 842
445 504
445 506
445 707
445 714
447 527
447 657
447 667
447 747
447 834
447 869
448 731
448 848
448 928
449 621
449 879
449 938
449 992
450 481
450 560
450 790
451 775
452 461
452 491
452 652
452 678
452 943
452 981
453 757
453 891
453 925
454 532
454 579
454 597
454 806
454 904
454 970
454 988
455 509
455 596
455 734
455 899
456 517
456 902
457 490
457 629
458 543
458 730
458 849
458 939
459 622
459 811
460 551
460 597
460 608
460 753
460 779
460 838
460 892
460 924
461 689
461 736
461 845
461 909
463 620
463 768
464 469
464 474
464 481
464 641
464 705
464 777
464 797
464 807
464 932
465 611
465 778
465 948
466 546
467 607
467 863
467 911
468 556
468 561
468 664
468 702
468 715
468 759
469 543
469 741
469 818
470 643
470 681
470 809
471 818
472 496
472 569
472 664
472 686
472 764
472 773
472 841
472 917
473 502
473 552
473 778
473 804
473 814
473 899
474 922
474 964
475 568
477 486
477 700
477 839
477 936
478 774
479 796
480 496
480 884
481 608
481 817
481 854
481 891
481 928
481 966
482 805
482 809
482 883
482 887
483 607
483 707
483 947
484 575
484 768
484 966
485 498
485 891
485 934
485 955
485 985
486 519
486 522
486 833
487 526
487 698
487 729
487 893
488 650
488 992
489 540
489 588
489 668
489 779
489 806
489 816
490 550
490 715
490 960
491 623
491 691
492 978
492 986
494 777
494 988
495 613
495 707
495 740
495 764
495 965
495 969
496 768
497 594
497 653
497 660
497 671
497 705
497 748
497 852
498 784
498 935
498 970
499 684
499 739
499 741
499 801
499 811
500 563
500 566
500 648
500 662
500 826
500 965
501 534
501 789
501 892
502 552
503 561
504 757
504 915
505 506
505 573
505 840
506 520
506 560
506 626
506 723
506 750
506 942
508 606
508 618
508 723
508 937
508 979
509 579
510 576
510 608
510 727
510 742
510 817
510 832
511 842
512 575
512 584
512 668
512 685
512 698
512 719
512 749
512 953
513 628
514 525
514 887
514 995
515 643
515 657
515 927
516 565
516 782
516 821
516 993
517 650
517 802
517 809
518 671
518 703
519 591
519 660
520 643
521 760
521 944
521 945
522 523
522 530
522 676
522 877
522 924
522 944
522 950
523 864
523 865
524 703
525 683
525 788
525 824
526 539
526 768
527 662
527 975
527 976
528 699
528 800
528 802
528 936
528 970
528 977
529 732
529 775
529 837
530 902
530 907
530 949
531 816
531 887
532 602
532 743
532 905
533 619
533 659
533 742
533 841
533 969
534 572
535 837
535 879
535 947
536 835
536 939
537 665
537 868
539 619
539 976
540 563
540 714
540 723
540 976
541 566
541 632
541 743
541 781
542 695
542 733
543 886
544 853
546 572
546 961
547 914
548 647
548 786
548 952
549 811
549 993
550 630
550 636
550 662
550 735
550 937
551 682
551 819
551 865
551 951
552 583
552 881
552 948
552 974
554 759
554 897
554 919
554 989
555 748
555 875
555 919
556 642
556 643
557 788
557 828
558 577
558 731
559 580
559 651
559 806
559 874
560 661
560 814
560 889
561 647
561 677
562 716
564 621
564 720
564 874
566 703
566 746
566 933
566 947
567 805
567 837
569 709
569 781
570 602
570 675
570 695
570 878
570 891
570 926
571 788
572 772
572 798
572 931
573 960
574 758
575 973
576 578
576 684
576 902
577 673
577 775
578 625
578 958
580 600
580 801
580 834
580 991
581 611
582 621
582 730
582 783
582 822
583 776
584 598
584 677
584 708
584 840
584 985
585 990
586 737
586 847
586 852
586 857
586 935
587 894
588 687
589 828
590 696
590 822
590 923
592 596
592 714
592 947
593 697
593 830
593 963
595 816
596 786
597 722
597 793
598 600
598 659
598 769
598 875
598 955
599 700
599 785
599 800
600 822
600 906
600 940
601 720
602 937
603 922
604 660
604 771
604 854
605 655
606 662
606 693
606 753
606 914
607 871
608 914
608 993
609 830
610 813
610 930
611 649
611 726
612 699
612 779
612 848
613 902
614 794
616 649
616 877
617 703
617 821
617 857
617 871
617 913
618 702
618 777
619 866
619 910
619 946
621 776
621 921
622 862
622 901
625 678
625 684
625 825
625 893
626 673
626 771
626 804
626 851
627 671
627 675
628 690
629 859
629 940
630 729
630 844
630 890
631 747
631 860
631 918
631 938
631 974
632 735
633 647
633 903
633 948
634 725
634 894
634 924
635 650
635 669
635 769
636 831
637 928
637 949
637 999
638 728
638 886
639 663
639 704
639 787
639 875
640 740
640 768
640 787
640 982
641 942
641 966
641 979
642 733
643 684
643 802
643 928
644 715
645 679
645 939
646 687
647 672
647 912
648 845
648 956
648 998
649 717
649 740
650 696
650 777
650 853
652 807
652 865
652 983
655 664
656 903
658 871
659 931
660 747
660 944
660 951
661 768
661 891
662 923
662 967
664 871
664 898
664 912
664 988
667 991
668 783
668 806
668 834
668 862
668 943
669 768
669 772
669 844
669 861
669 957
671 918
671 996
673 768
673 905
674 717
674 886
674 988
676 721
676 809
676 845
677 818
677 943
678 943
678 995
679 797
679 989
680 735
680 743
680 899
680 941
681 691
682 800
683 752
684 823
684 876
684 998
685 723
685 786
685 827
685 860
686 697
686 889
686 927
686 985
687 934
687 969
688 814
688 863
689 853
689 997
690 935
691 811
691 821
692 728
692 989
693 794
693 831
693 967
694 705
694 956
695 849
695 994
696 700
696 974
697 969
699 854
699 914
699 984
701 791
701 863
702 946
703 819
703 849
703 869
703 950
704 823
705 811
706 807
706 904
707 738
707 895
708 747
708 770
708 981
708 995
709 844
709 970
710 836
710 920
711 860
711 947
712 741
712 994
713 726
713 919
714 902
714 937
715 785
715 953
716 722
716 801
716 802
716 828
717 735
717 809
717 983
718 729
719 848
719 970
720 817
720 903
721 785
722 746
722 928
723 798
723 825
723 909
724 842
725 784
726 853
726 919
726 952
728 940
729 982
730 743
731 845
731 959
731 963
732 968
733 774
733 902
734 951
735 781
735 905
737 812
737 840
738 828
738 838
738 958
739 784
740 909
742 769
742 833
742 866
743 783
743 902
743 978
745 926
746 846
747 946
747 947
747 960
748 759
748 794
748 872
749 946
750 752
750 776
751 880
752 842
753 834
754 887
754 938
754 968
755 791
755 961
757 953
757 971
758 777
758 799
758 842
758 973
759 810
759 841
760 815
760 864
761 950
763 886
764 830
764 909
766 820
766 828
770 800
770 915
770 924
772 862
772 936
772 960
772 997
773 934
775 944
776 920
777 829
777 872
778 975
779 938
779 995
781 806
781 967
781 998
782 814
783 885
784 816
786 944
788 834
788 852
788 902
789 819
789 832
790 804
791 801
791 839
791 912
792 900
792 913
794 967
795 990
796 871
798 953
798 996
799 885
799 890
799 892
799 994
800 846
801 884
801 890
801 933
802 983
804 994
806 898
806 937
806 966
809 826
812 853
812 883
812 914
814 926
815 955
818 913
819 991
820 975
821 877
822 905
823 866
823 879
823 887
823 904
823 971
823 978
825 944
826 930
826 954
827 894
827 970
828 896
829 876
830 977
831 856
831 948
831 967
833 929
834 926
835 848
835 895
835 927
836 933
841 903
841 909
844 992
845 882
845 924
846 946
850 877
851 862
851 951
854 961
855 917
856 929
857 994
858 895
859 881
859 902
860 992
863 920
867 925
869 955
870 994
871 932
875 932
876 890
876 908
878 984
878 986
879 984
882 985
885 989
886 913
888 921
889 971
890 941
891 904
892 950
896 932
898 958
899 997
900 976
902 966
904 954
904 973
904 999
905 976
906 956
906 995
911 922
917 938
918 937
919 979
922 953
922 962
923 992
924 960
929 990
930 989
931 967
934 994
936 950
937 963
943 963
944 993
945 961
948 968
949 985
958 997
964 978
968 970
986 998
