1 0
2 0
2 1
3 227
3 6
3 69
4 100
4 217
4 145
5 251
5 274
5 1
6 289
6 45
6 169
7 6
7 198
7 64
8 30
8 2
8 29
9 43
9 137
9 84
10 226
10 264
10 258
11 250
11 115
11 183
12 251
12 56
12 65
13 206
13 113
13 195
14 104
14 161
14 174
15 146
15 39
15 221
16 33
16 76
16 256
17 92
17 81
17 1
18 17
18 294
18 249
19 278
19 197
19 201
20 197
20 57
20 80
21 252
21 126
21 116
22 68
22 292
22 263
23 180
23 156
23 146
24 58
24 247
24 10
25 54
25 26
25 284
26 124
26 75
26 287
27 287
27 177
27 94
28 216
28 74
28 274
29 39
29 157
29 275
30 163
30 50
30 64
31 7
31 132
31 237
32 106
32 190
32 105
33 277
33 95
33 187
34 67
34 14
34 232
35 212
35 167
35 66
36 34
36 174
36 44
37 109
37 249
37 139
38 69
38 238
38 183
39 110
39 21
39 273
40 269
40 19
40 54
41 79
41 20
41 228
42 44
42 124
42 135
43 65
43 233
43 90
44 240
44 6
44 205
45 277
45 150
45 67
46 12
46 41
46 53
47 63
47 99
47 12
48 54
48 152
48 226
49 150
49 135
49 188
50 192
50 69
50 8
51 74
51 18
51 134
52 122
52 13
52 255
53 268
53 51
53 97
54 31
54 199
54 101
55 115
55 25
55 222
56 83
56 214
56 55
57 135
57 146
57 123
58 272
58 240
58 119
59 193
59 288
59 32
60 117
60 6
60 266
61 140
61 146
61 83
62 153
62 266
62 293
63 11
63 25
63 289
64 42
64 190
64 59
65 167
65 204
65 27
66 192
66 185
66 29
67 140
67 38
67 87
68 255
68 54
68 115
69 169
69 181
69 137
70 136
70 63
70 230
71 257
71 23
71 117
72 5
72 82
72 192
73 118
73 276
73 117
74 161
74 178
74 3
75 149
75 197
75 18
76 104
76 74
76 41
77 66
77 48
77 119
78 50
78 108
78 235
79 168
79 261
79 236
80 143
80 231
80 85
81 268
81 95
81 28
82 120
82 69
82 149
83 153
83 156
83 238
84 40
84 252
84 5
85 79
85 147
85 127
86 137
86 286
86 3
87 173
87 294
87 119
88 123
88 120
88 178
89 179
89 131
89 109
90 289
90 104
90 291
91 224
91 60
91 280
92 200
92 257
92 282
93 33
93 283
93 140
94 13
94 16
94 209
95 62
95 219
95 245
96 122
96 21
96 67
97 65
97 191
97 48
98 190
98 65
98 130
99 114
99 5
99 111
100 282
100 95
100 71
101 129
101 134
101 8
102 172
102 153
102 119
103 182
103 43
103 171
104 259
104 186
104 15
105 288
105 164
105 55
106 198
106 48
106 230
107 80
107 85
107 39
108 197
108 41
108 214
109 145
109 163
109 175
110 148
110 2
110 25
111 264
111 292
111 232
112 43
112 119
112 128
113 73
113 261
113 76
114 222
114 88
114 40
115 85
115 26
115 233
116 159
116 214
116 253
117 128
117 59
117 21
118 93
118 67
118 9
119 30
119 195
119 26
120 58
120 195
120 266
121 185
121 99
121 2
122 202
122 233
122 139
123 149
123 183
123 283
124 35
124 186
124 55
125 57
125 234
125 221
126 291
126 215
126 297
127 53
127 140
127 103
128 279
128 137
128 258
129 282
129 162
129 244
130 267
130 18
130 231
131 165
131 86
131 202
132 121
132 235
132 109
133 246
133 17
133 119
134 113
134 233
134 282
135 62
135 192
135 222
136 205
136 164
136 198
137 202
137 286
137 261
138 234
138 111
138 171
139 222
139 271
139 162
140 4
140 72
140 87
141 64
141 110
141 294
142 91
142 233
142 263
143 162
143 87
143 153
144 253
144 250
144 237
145 225
145 29
145 35
146 45
146 37
146 264
147 289
147 287
147 4
148 231
148 52
148 76
149 268
149 255
149 272
150 281
150 250
150 272
151 224
151 128
151 288
152 134
152 173
152 156
153 196
153 180
153 86
154 82
154 144
154 127
155 111
155 256
155 207
156 199
156 10
156 55
157 41
157 75
157 247
158 204
158 160
158 280
159 84
159 264
159 16
160 274
160 260
160 111
161 231
161 188
161 254
162 171
162 284
162 5
163 20
163 258
163 192
164 284
164 159
164 167
165 29
165 96
165 255
166 82
166 298
166 235
167 122
167 241
167 10
168 23
168 55
168 19
169 165
169 164
169 3
170 251
170 139
170 117
171 104
171 96
171 82
172 224
172 6
172 175
173 291
173 19
173 9
174 91
174 260
174 158
175 259
175 30
175 228
176 66
176 165
176 120
177 167
177 14
177 98
178 44
178 95
178 167
179 271
179 119
179 269
180 122
180 178
180 69
181 1
181 255
181 183
182 203
182 72
182 249
183 4
183 243
183 94
184 46
184 299
184 276
185 94
185 180
185 18
186 71
186 285
186 243
187 101
187 273
187 217
188 123
188 154
188 252
189 106
189 144
189 165
190 84
190 119
190 86
191 284
191 222
191 56
192 267
192 43
192 209
193 194
193 41
193 55
194 103
194 246
194 148
195 249
195 150
195 43
196 165
196 252
196 202
197 135
197 12
197 13
198 163
198 121
198 55
199 237
199 286
199 247
200 215
200 190
200 226
201 276
201 239
201 23
202 152
202 112
202 36
203 184
203 34
203 240
204 129
204 213
204 165
205 146
205 165
205 237
206 10
206 16
206 174
207 45
207 26
207 134
208 154
208 14
208 240
209 218
209 244
209 21
210 144
210 187
210 294
211 43
211 290
211 69
212 133
212 39
212 108
213 146
213 188
213 51
214 185
214 106
214 133
215 289
215 181
215 298
216 211
216 289
216 136
217 129
217 236
217 277
218 252
218 14
218 250
219 30
219 24
219 138
220 17
220 31
220 294
221 224
221 162
221 155
222 151
222 156
222 245
223 73
223 203
223 29
224 243
224 128
224 88
225 177
225 33
225 269
226 151
226 286
226 280
227 50
227 299
227 182
228 142
228 156
228 213
229 273
229 189
229 5
230 224
230 201
230 136
231 142
231 92
231 170
232 80
232 217
232 103
233 295
233 296
233 88
234 36
234 101
234 230
235 166
235 279
235 293
236 34
236 253
236 54
237 46
237 242
237 113
238 124
238 5
238 91
239 175
239 170
239 37
240 46
240 217
240 152
241 77
241 244
241 199
242 190
242 33
242 173
243 48
243 206
243 244
244 158
244 216
244 174
245 178
245 143
245 152
246 56
246 190
246 179
247 236
247 128
247 39
248 246
248 145
248 6
249 190
249 124
249 51
250 246
250 30
250 241
251 87
251 180
251 142
252 170
252 191
252 147
253 19
253 45
253 137
254 156
254 193
254 151
255 2
255 183
255 66
256 219
256 44
256 88
257 31
257 286
257 197
258 217
258 178
258 129
259 298
259 151
259 256
260 133
260 237
260 193
261 147
261 139
261 260
262 263
262 197
262 77
263 270
263 94
263 142
264 22
264 109
264 267
265 226
265 294
265 194
266 15
266 85
266 174
267 7
267 150
267 46
268 295
268 0
268 124
269 112
269 28
269 289
270 5
270 235
270 26
271 27
271 299
271 202
272 165
272 291
272 123
273 70
273 123
273 212
274 72
274 191
274 185
275 113
275 23
275 71
276 49
276 55
276 48
277 136
277 282
277 290
278 144
278 44
278 264
279 270
279 63
279 201
280 99
280 52
280 263
281 295
281 142
281 273
282 69
282 236
282 182
283 219
283 181
283 263
284 24
284 208
284 210
285 243
285 18
285 158
286 42
286 294
286 180
287 292
287 113
287 184
288 239
288 151
288 157
289 295
289 4
289 94
290 223
290 118
290 82
291 212
291 268
291 63
292 146
292 192
292 290
293 199
293 198
293 25
294 115
294 49
294 251
295 65
295 47
295 154
296 228
296 128
296 249
297 13
297 255
297 129
298 46
298 133
298 0
299 107
299 91
299 104
