0 258
0 348
0 748
0 850
1 74
1 228
1 417
1 480
1 651
1 674
1 737
2 7
2 543
2 799
2 840
2 954
3 308
3 327
3 566
3 677
3 767
4 133
4 201
4 243
4 398
4 479
4 504
4 598
4 661
5 28
5 108
5 126
5 334
5 763
5 851
6 57
6 60
6 357
6 435
6 522
6 672
6 685
6 836
7 143
7 452
7 526
7 631
7 730
7 810
7 817
7 843
7 876
7 929
8 324
8 389
8 407
8 408
8 728
8 795
8 873
8 938
9 379
9 473
9 543
9 544
9 808
9 847
9 860
9 954
10 826
11 317
11 361
11 675
11 785
12 490
13 14
13 77
13 282
13 404
13 473
13 494
13 515
13 788
14 717
14 761
14 872
14 873
15 124
15 275
15 328
15 332
15 335
15 508
15 591
15 605
16 504
16 505
16 514
16 959
17 54
17 60
17 223
17 338
17 494
17 859
17 892
17 949
18 133
18 138
18 232
18 237
18 449
18 499
18 667
18 922
19 196
19 295
19 315
19 773
19 794
19 874
20 330
20 563
20 976
21 252
21 603
21 690
21 896
22 41
22 353
22 512
22 516
22 539
22 687
22 922
23 123
23 218
23 447
23 815
24 71
24 94
24 191
24 229
24 303
24 528
24 786
25 635
25 742
25 785
25 805
25 960
25 969
26 40
26 206
26 237
26 259
26 407
26 502
26 970
27 186
27 196
27 422
27 463
27 856
27 986
28 245
28 586
28 673
28 678
28 814
29 190
30 143
30 203
30 311
30 334
30 352
30 397
30 662
30 716
30 735
30 988
31 58
31 117
31 204
31 277
31 338
31 423
31 618
31 705
31 708
32 736
32 781
33 242
33 347
33 350
33 645
33 792
33 839
33 874
33 913
33 931
34 281
34 378
34 683
34 876
34 885
34 957
35 57
35 334
35 349
35 446
35 542
35 928
36 234
36 301
36 839
37 189
37 310
37 370
37 419
37 717
37 861
37 882
38 100
38 463
38 530
38 875
38 969
39 254
39 405
39 888
40 51
40 492
40 653
40 697
40 765
41 306
41 363
41 499
41 558
41 759
42 419
42 421
42 476
42 869
43 113
43 164
43 394
43 559
43 666
43 699
43 772
44 115
44 419
44 599
44 613
44 639
44 640
44 718
45 436
45 688
45 733
45 964
46 316
46 449
46 475
46 691
46 719
46 735
46 762
46 848
46 879
47 479
47 642
47 702
47 856
48 54
48 92
48 180
48 330
48 762
48 771
48 803
48 961
49 58
49 153
49 274
49 503
49 842
49 904
49 982
50 250
50 284
50 411
50 682
50 699
50 892
51 91
51 169
51 225
51 247
51 286
51 324
51 406
51 452
51 510
51 518
51 522
51 631
51 656
51 713
51 907
51 947
52 153
52 185
52 291
52 483
52 529
53 160
53 240
53 280
53 411
53 436
53 718
53 736
53 832
53 948
53 963
54 279
54 403
54 515
54 703
55 62
55 653
55 851
56 115
56 335
56 382
56 390
56 426
56 466
56 674
56 789
56 803
56 833
57 193
57 270
57 343
57 374
57 743
57 840
57 920
57 934
57 990
58 109
58 320
58 361
58 685
58 950
59 451
59 533
60 104
60 213
60 318
60 563
60 971
61 150
61 166
61 252
61 265
61 360
61 645
61 725
61 753
61 927
62 63
62 495
62 546
62 758
62 998
63 585
63 639
63 666
63 929
63 984
64 69
64 107
64 114
64 125
64 174
64 228
64 259
64 452
64 586
64 684
64 703
64 965
64 984
65 75
65 267
65 430
65 731
66 363
66 389
66 485
66 595
67 307
67 510
67 563
67 612
67 726
67 815
67 885
67 893
68 295
68 403
68 587
68 643
68 800
69 465
69 498
69 577
69 616
69 649
69 781
69 790
69 799
70 338
70 503
70 531
70 596
70 676
70 956
70 960
71 236
71 649
71 666
71 737
71 771
71 940
72 495
72 569
72 861
73 778
73 864
74 169
74 220
74 282
74 535
74 539
74 740
74 975
75 114
75 293
75 621
75 840
75 850
75 929
76 177
76 302
76 447
77 189
77 243
77 601
77 709
78 295
78 546
78 720
79 373
79 550
79 689
80 165
80 402
80 457
80 475
80 708
80 841
80 880
81 166
81 182
81 190
81 226
81 433
81 512
81 560
81 774
81 872
82 303
82 422
82 430
82 804
82 848
82 880
83 107
83 439
83 975
84 489
84 586
84 716
84 748
84 814
84 844
85 313
86 682
87 287
87 335
87 498
87 673
87 728
87 952
88 542
88 555
88 578
88 855
88 989
89 640
89 820
89 823
89 825
90 132
90 181
90 266
90 330
90 369
90 384
90 433
90 624
90 694
90 934
91 154
91 161
91 479
91 660
91 942
91 946
92 126
92 154
92 222
92 266
93 251
93 260
93 506
93 713
93 835
93 844
94 131
94 225
94 412
95 482
95 494
95 508
95 554
95 852
95 976
95 980
96 247
96 249
96 416
96 458
97 183
97 247
97 328
97 477
97 825
97 843
98 259
98 296
98 383
98 678
98 733
98 909
99 626
99 777
99 966
100 138
100 147
100 982
101 113
101 442
101 655
101 758
102 139
102 219
102 228
103 371
103 441
103 468
103 587
103 721
103 791
103 809
104 253
104 407
104 443
104 677
105 185
105 190
105 322
105 483
105 487
105 757
105 821
105 948
106 169
106 501
106 540
106 553
106 791
106 901
107 454
107 641
107 786
107 813
107 935
108 457
108 463
108 825
108 860
108 874
109 174
109 213
109 575
109 671
109 813
109 913
110 135
110 139
110 342
110 572
110 948
111 155
111 177
111 212
111 241
111 557
111 690
111 922
112 199
112 235
112 333
112 415
112 577
112 582
112 602
112 730
112 794
113 218
113 305
113 372
113 625
113 906
114 382
114 951
115 255
115 442
115 695
115 785
115 825
116 132
116 426
116 438
116 787
117 337
117 416
117 718
117 781
117 880
117 908
118 479
118 609
118 643
118 793
118 817
118 890
118 896
119 547
119 565
119 641
119 920
120 170
120 421
120 505
120 608
120 627
120 631
120 699
121 158
121 382
121 638
121 676
122 199
122 449
122 664
122 756
122 833
122 917
123 170
123 548
123 610
123 738
123 920
124 156
124 466
124 855
124 925
125 178
125 195
125 213
125 639
125 688
125 941
126 536
126 679
126 879
126 931
127 138
127 637
127 750
128 196
128 811
129 439
129 462
129 545
129 573
129 674
129 717
129 718
130 381
130 418
130 448
130 586
130 680
131 297
131 379
131 381
131 492
131 873
131 913
132 508
132 525
132 612
132 938
133 167
133 374
133 426
133 568
133 719
133 880
134 137
134 232
134 738
134 826
134 870
134 893
135 195
135 648
135 731
135 733
135 977
136 210
136 354
136 360
136 437
136 571
136 737
136 755
136 875
137 164
137 224
137 351
137 362
137 581
137 652
137 967
137 977
138 153
138 187
138 372
138 410
138 752
138 834
138 981
139 191
139 239
139 659
139 671
139 698
139 803
139 805
139 839
139 987
140 204
140 327
140 415
140 431
140 484
140 561
140 605
140 818
141 361
141 372
141 494
141 509
141 531
141 589
141 656
141 704
141 765
141 796
142 164
142 209
142 382
142 632
142 792
142 801
142 968
143 211
143 618
143 689
143 757
143 816
143 842
143 849
143 986
144 246
144 321
144 349
144 532
144 611
144 880
144 966
145 164
145 370
145 372
145 974
146 181
146 203
146 207
146 365
146 600
147 169
147 213
147 378
147 630
147 712
147 756
147 767
147 939
148 573
148 590
148 641
148 859
149 171
149 249
150 336
150 563
150 626
150 799
150 966
151 180
151 264
151 633
151 723
151 895
151 965
151 966
152 320
152 385
152 524
152 979
152 990
153 202
153 477
153 518
153 644
153 718
153 738
153 912
154 247
154 352
154 728
154 742
154 782
154 862
155 326
155 576
155 641
155 785
155 941
156 476
156 812
156 821
157 365
157 552
158 327
158 469
158 673
159 612
159 685
159 699
159 808
159 958
159 963
159 977
159 989
160 515
160 559
160 677
161 194
161 432
161 437
161 522
161 863
162 289
162 757
162 765
162 854
162 896
163 246
163 719
163 788
163 814
163 854
164 278
164 462
164 567
164 618
164 977
165 473
165 805
165 953
166 304
166 471
166 903
167 176
167 344
167 394
167 562
167 641
167 684
167 737
167 783
167 944
168 316
168 421
168 564
168 797
168 909
168 967
169 218
169 308
169 593
169 607
169 649
169 973
170 353
170 391
170 465
170 487
170 581
170 887
170 899
171 450
171 544
171 550
171 678
171 720
171 798
171 990
172 634
173 295
173 330
173 412
173 529
173 812
173 910
174 189
174 200
174 218
174 236
174 424
174 833
174 876
175 227
175 291
175 435
175 642
176 261
176 335
176 345
176 476
176 539
176 637
176 659
176 663
176 740
176 776
177 256
177 524
177 557
177 660
177 679
177 760
177 876
178 492
178 712
178 878
178 926
179 355
179 401
179 749
179 945
180 210
180 434
180 557
180 609
180 661
180 698
181 314
181 421
181 628
181 859
182 387
182 390
182 980
183 635
183 790
183 844
183 927
184 304
184 453
184 605
184 712
184 785
185 223
185 530
185 590
185 605
185 635
185 822
185 913
186 382
186 761
187 249
187 562
187 773
187 775
187 881
187 914
187 918
187 996
188 267
188 408
188 431
188 470
188 706
188 765
188 798
188 812
188 933
189 361
189 492
189 667
189 810
191 324
191 390
191 625
191 670
191 853
191 969
192 209
192 230
192 308
192 550
193 320
193 450
193 566
193 726
193 936
194 421
194 557
194 781
194 833
194 898
194 940
194 950
195 216
195 430
195 523
195 706
195 947
196 791
196 960
197 245
197 300
197 452
197 486
197 620
197 978
198 463
198 519
198 607
198 651
198 700
198 709
198 899
199 424
199 714
199 795
199 911
200 845
200 934
201 447
201 539
201 904
202 288
202 569
202 598
202 700
203 362
203 632
203 766
203 824
204 357
204 525
204 545
204 597
204 958
205 410
205 793
205 971
206 408
206 684
207 219
207 420
207 451
207 613
207 645
207 723
207 724
208 329
209 335
209 506
209 584
209 611
209 826
209 861
209 886
209 978
210 406
210 676
210 683
210 767
210 838
210 867
210 880
210 966
211 365
211 558
211 762
212 490
212 495
212 731
212 959
212 978
213 337
213 538
213 614
213 621
213 711
214 611
214 623
214 711
214 804
214 843
214 896
215 417
215 421
215 901
216 236
216 419
216 444
216 693
216 977
217 326
217 371
217 403
217 616
217 788
217 812
218 267
218 376
218 447
219 223
219 427
219 453
219 482
220 384
220 458
220 618
220 993
221 250
221 675
221 789
221 855
222 281
222 444
222 477
222 479
222 511
222 522
222 677
222 770
222 895
222 931
222 972
223 492
223 501
223 505
223 529
223 531
223 755
223 876
224 243
224 415
224 978
225 662
226 241
226 277
226 545
226 580
226 651
226 799
226 876
226 994
227 341
227 443
227 468
228 368
228 454
228 729
228 735
228 809
228 927
229 454
229 593
229 619
229 675
229 739
230 406
230 443
230 516
231 305
231 408
231 471
231 593
231 925
232 289
232 344
232 586
232 723
232 945
233 265
233 425
234 305
234 495
234 532
234 592
234 714
235 347
235 880
235 902
236 279
236 544
236 856
236 960
237 402
238 247
238 586
238 784
239 287
239 318
239 725
240 251
240 254
240 431
240 618
240 744
240 904
241 588
242 445
242 601
242 765
242 852
243 291
243 293
243 376
243 591
244 449
244 479
245 658
245 982
245 985
246 631
246 659
246 706
246 788
247 305
247 381
247 689
247 740
247 759
248 377
248 514
248 842
248 867
248 963
248 980
249 567
249 813
249 867
249 934
250 406
250 436
250 498
250 633
250 830
250 851
250 959
251 535
251 618
251 648
251 975
252 663
252 829
253 329
253 864
253 878
253 952
254 292
254 496
254 836
254 910
254 921
254 989
255 652
257 517
257 561
257 849
257 903
257 952
258 273
258 402
258 565
258 800
259 295
259 436
259 923
260 298
260 630
260 887
260 960
261 454
261 875
262 276
262 314
262 925
262 942
262 952
263 277
263 550
264 295
264 541
265 374
265 428
265 567
265 665
266 280
266 419
266 488
266 528
266 551
266 703
266 817
266 945
266 964
267 502
267 927
267 973
268 307
268 457
269 330
269 439
269 452
269 604
270 471
270 540
270 662
270 809
270 954
271 273
271 315
271 531
272 695
272 718
272 735
272 821
273 430
273 496
273 636
273 694
273 699
273 893
274 514
274 830
274 904
274 912
274 915
275 388
275 474
275 589
275 949
276 346
276 717
276 736
276 887
276 956
277 539
277 903
278 387
278 511
278 531
278 562
278 635
278 643
278 948
278 958
278 988
279 720
280 547
280 647
280 739
280 746
280 874
281 309
281 461
281 669
281 749
281 925
282 469
282 702
282 733
282 778
283 364
283 368
283 443
283 470
283 491
283 607
283 651
283 823
284 443
284 461
284 508
284 666
284 706
284 787
284 915
285 447
285 470
285 520
285 747
285 759
285 806
285 921
286 510
286 643
286 843
287 333
287 607
287 751
287 767
287 871
287 879
287 903
287 991
288 381
288 462
288 507
289 490
289 609
289 762
290 648
290 735
290 823
290 876
291 398
291 440
291 787
291 913
292 321
292 436
293 357
293 439
293 620
293 787
293 793
293 806
294 538
294 759
294 903
294 928
295 719
295 723
295 889
295 949
297 531
297 929
298 606
298 871
298 920
298 923
299 431
299 532
299 672
299 824
299 936
300 326
300 492
300 762
300 793
300 804
301 470
301 603
301 672
301 827
301 910
301 969
302 362
302 433
302 547
302 702
302 872
302 932
303 372
303 639
303 741
303 832
304 493
304 763
304 766
305 812
306 332
306 431
306 447
306 511
306 528
306 952
307 716
307 871
307 934
308 364
308 440
308 602
308 613
308 655
308 726
308 817
308 952
309 375
309 469
309 572
309 790
309 932
310 459
310 628
310 690
310 792
311 450
311 459
311 567
311 688
311 835
311 955
312 392
312 482
312 637
312 824
313 511
313 604
313 699
313 852
313 922
314 378
314 624
314 734
315 474
315 586
315 673
315 727
315 757
316 325
316 696
316 912
317 494
317 868
317 878
318 620
318 891
318 893
318 988
319 507
319 523
319 585
319 817
319 818
319 834
319 987
320 472
320 807
320 914
320 965
321 337
321 468
321 613
321 666
321 868
321 889
322 396
322 488
322 546
322 548
322 667
322 958
323 774
323 829
323 898
323 943
324 397
324 446
324 566
325 353
325 595
325 660
325 803
325 816
325 828
325 890
326 610
326 737
326 773
326 832
326 886
327 422
327 604
327 712
328 464
328 574
328 598
328 644
328 816
328 886
328 920
328 969
329 591
329 643
329 720
329 756
330 378
330 697
330 741
330 790
330 815
331 912
331 991
332 371
332 473
332 477
332 660
332 944
332 990
333 351
333 622
333 827
333 973
334 540
334 675
334 758
334 867
334 903
334 957
334 961
335 471
335 746
335 750
336 470
336 591
336 669
336 901
337 403
337 761
338 802
339 362
339 469
339 487
339 893
339 989
340 786
340 853
340 883
340 942
340 962
341 438
341 974
342 458
342 555
342 585
342 637
342 788
342 817
342 872
343 496
343 512
343 769
343 861
344 357
344 399
344 810
345 898
345 987
346 388
346 413
346 817
346 933
347 474
347 693
347 777
347 962
348 729
348 955
349 423
349 544
349 907
349 982
351 364
351 447
352 404
352 488
352 727
352 980
353 492
353 800
353 935
353 937
354 360
354 653
354 836
354 846
354 896
355 431
355 479
355 597
355 651
355 800
355 927
356 642
356 896
357 651
357 684
357 810
357 865
358 556
358 650
358 924
358 989
359 393
359 560
359 581
359 588
359 598
359 692
359 734
359 950
360 657
360 801
361 409
361 420
361 683
361 692
361 905
362 367
362 413
362 425
362 680
362 843
362 856
362 859
363 533
363 548
363 594
363 758
363 882
364 376
364 384
364 727
364 731
364 776
364 943
364 993
365 522
365 634
365 676
365 750
365 967
366 870
366 951
367 675
367 881
368 771
368 813
369 562
369 601
369 632
369 639
369 740
369 797
370 379
370 497
370 557
370 734
371 636
371 740
371 907
372 430
372 526
372 577
372 624
372 689
372 694
373 526
373 614
373 771
374 383
374 546
374 704
375 555
375 704
375 755
375 766
375 901
376 662
376 731
376 734
376 778
376 806
376 826
376 861
377 414
377 565
377 581
377 587
377 749
377 774
377 919
378 492
378 625
378 673
379 498
379 558
379 645
379 912
379 965
379 981
380 411
380 726
380 732
380 953
381 544
381 616
381 894
381 962
382 462
382 575
382 634
382 776
383 458
383 515
383 552
383 929
384 605
384 643
384 670
384 676
384 767
384 859
385 567
385 654
385 746
385 809
385 954
386 464
386 499
386 601
386 967
387 647
387 869
388 427
388 637
388 643
388 753
388 773
388 967
389 462
389 559
389 934
390 600
390 757
390 958
391 395
391 641
392 732
393 414
393 494
393 633
393 657
393 788
393 949
394 692
395 468
395 506
395 552
395 874
395 906
396 678
396 700
396 998
397 594
397 675
397 684
397 927
398 945
399 470
399 684
399 701
399 773
399 870
400 491
400 654
401 869
402 422
402 525
402 613
402 686
402 706
402 977
403 561
403 596
403 722
403 951
404 469
404 592
404 628
404 725
404 752
404 834
405 994
405 999
406 913
406 936
406 945
406 950
407 881
408 480
409 707
409 783
409 968
409 986
410 531
410 742
411 593
411 809
412 640
412 692
412 962
413 438
413 510
413 907
414 897
415 874
415 946
415 964
416 505
416 507
416 568
416 739
416 743
416 806
417 606
417 632
417 725
417 893
418 815
418 957
419 537
419 575
419 611
419 733
419 870
419 981
420 470
420 753
421 547
421 562
421 848
421 906
422 490
422 669
422 947
424 442
424 749
424 811
424 913
424 946
425 594
425 695
425 846
425 982
426 646
426 984
427 977
427 995
429 450
429 476
429 583
429 608
429 655
429 710
429 947
430 585
430 639
430 767
430 828
431 447
431 524
431 849
431 895
431 965
432 599
433 618
433 646
434 625
434 777
434 801
435 804
435 929
437 885
438 534
438 744
438 750
438 900
439 665
439 768
439 830
440 466
440 735
440 911
441 468
441 783
441 829
441 990
442 606
442 720
442 771
442 822
442 992
443 725
443 788
443 936
443 982
444 541
445 662
445 754
445 827
446 548
446 944
446 971
446 980
447 617
447 684
447 993
447 999
448 460
448 817
448 845
448 980
448 988
449 508
449 574
449 669
450 809
451 721
451 751
452 480
452 585
452 775
453 455
453 460
453 646
453 669
453 709
453 756
453 811
453 856
454 918
454 987
454 991
455 508
456 585
456 647
456 890
457 924
458 956
459 996
460 777
460 789
461 531
461 881
462 609
462 624
462 662
462 840
462 854
463 739
464 526
464 626
464 700
464 738
464 964
465 953
466 837
466 842
466 886
467 496
467 700
467 811
467 822
469 489
469 541
469 627
469 765
469 801
469 808
470 585
470 877
471 492
471 742
472 505
472 729
473 798
475 733
475 822
475 863
476 682
476 772
476 895
476 935
476 940
477 602
477 649
477 834
477 959
478 854
479 718
479 865
480 586
480 650
481 545
481 752
481 999
482 490
482 532
482 640
482 663
483 747
483 928
484 522
484 677
485 501
485 698
487 956
487 961
488 651
488 685
488 835
488 857
488 860
488 938
488 951
489 515
489 730
489 894
490 654
491 696
491 762
491 807
491 865
492 765
492 906
493 497
493 609
493 625
493 988
494 681
494 682
494 812
494 858
495 571
495 743
495 851
495 880
496 764
496 810
497 697
497 957
498 563
498 663
498 797
499 671
499 830
499 871
499 995
500 619
500 634
500 669
500 671
500 835
500 905
500 917
502 617
502 665
502 703
502 916
503 516
503 525
503 548
503 688
503 745
503 806
503 983
504 575
504 677
504 902
505 685
506 659
506 660
506 688
506 858
506 959
507 666
507 729
507 856
508 542
508 655
509 513
509 541
509 871
509 908
510 673
510 693
510 804
511 593
511 617
511 682
512 811
513 556
513 561
513 649
513 844
513 891
514 525
514 750
514 895
514 997
515 558
515 963
516 958
516 985
517 579
517 643
517 791
517 996
518 737
518 853
518 980
519 573
519 679
519 914
520 559
520 646
520 766
520 767
521 561
521 777
521 782
522 532
522 664
522 707
522 719
522 821
523 680
523 794
523 959
524 618
524 831
524 961
525 705
525 837
525 883
525 905
525 992
526 560
526 569
526 851
527 677
527 755
527 839
527 942
527 945
528 854
529 616
529 825
529 861
529 917
529 984
530 540
530 901
531 546
531 590
531 709
532 559
532 768
535 875
535 941
536 724
536 877
536 964
537 555
537 654
537 783
537 938
538 593
538 818
538 824
539 817
540 726
540 759
540 911
540 961
541 733
542 911
543 569
543 703
543 717
543 879
544 582
544 966
546 688
546 952
547 728
547 789
547 826
547 870
548 865
549 678
549 773
550 645
550 900
551 624
551 673
551 791
552 612
552 731
552 963
555 696
555 775
555 808
555 846
555 893
556 782
558 736
558 746
559 763
559 766
559 873
559 875
559 914
560 773
560 792
560 795
561 591
561 733
561 756
561 827
561 901
562 753
564 565
564 617
564 641
565 798
565 985
566 905
567 569
567 705
567 815
567 854
567 949
568 874
569 738
569 794
569 993
570 853
570 902
570 916
570 972
570 979
571 740
571 909
572 615
572 784
572 910
572 976
573 680
573 727
573 959
574 731
575 692
575 701
575 787
575 917
576 579
577 850
578 645
578 780
578 869
579 717
579 839
579 936
581 785
581 980
582 671
582 755
582 841
582 876
583 604
583 616
583 765
583 803
583 823
583 836
584 604
584 640
584 737
584 977
585 605
585 636
585 867
586 776
586 893
587 710
588 652
588 767
589 907
590 591
590 733
591 681
591 795
592 608
592 829
592 861
592 866
593 689
594 764
595 659
595 907
595 978
596 783
597 766
597 940
598 897
598 952
599 816
599 876
599 903
600 884
601 677
601 697
602 918
602 975
603 729
603 878
603 884
604 857
605 717
605 836
606 747
607 662
609 656
609 742
609 959
610 778
610 810
610 830
610 881
610 924
611 820
612 766
612 795
613 616
613 796
613 827
613 991
614 692
614 727
614 770
615 824
615 966
616 840
616 851
616 925
616 979
617 672
618 687
618 740
618 858
618 861
618 947
619 821
620 706
620 834
620 865
621 661
621 793
621 982
622 942
623 872
624 699
624 839
625 758
625 782
625 917
625 936
625 950
626 641
626 697
626 767
627 795
627 901
628 768
628 916
628 979
629 694
629 725
629 791
629 857
630 692
630 739
630 803
630 812
630 932
631 704
631 738
631 863
631 875
631 990
632 749
632 860
632 902
632 974
633 845
633 959
634 789
634 940
636 648
636 873
637 951
637 965
639 890
640 806
641 656
641 886
642 669
643 646
643 732
643 806
643 884
643 922
643 959
644 760
644 875
645 910
646 722
647 816
648 695
648 954
649 903
649 988
650 770
651 748
652 981
653 741
653 795
653 860
654 732
654 916
654 924
654 970
655 983
656 718
656 719
656 756
656 802
656 871
658 730
658 956
659 682
659 744
659 824
661 823
661 891
661 907
661 916
662 804
662 833
662 900
662 913
663 818
663 823
664 695
664 884
664 887
664 978
664 988
665 678
665 939
665 949
667 680
667 699
667 717
668 687
668 965
669 680
669 947
670 734
670 869
670 872
670 894
670 991
671 973
672 899
672 977
673 820
673 933
674 771
675 953
676 770
676 786
676 790
677 835
678 827
678 948
678 965
679 863
680 967
682 854
682 891
682 933
683 991
684 735
684 857
684 987
685 833
686 726
686 760
687 781
689 772
689 956
691 897
691 958
692 722
692 799
693 749
694 843
695 718
695 816
695 889
696 731
696 832
696 881
696 890
697 755
697 800
697 980
698 824
699 901
699 903
699 931
699 945
702 785
703 727
703 771
703 805
703 930
703 977
705 759
706 901
707 859
707 969
708 847
708 879
709 969
710 893
711 749
712 813
712 942
713 739
713 826
713 952
714 715
715 932
716 820
717 740
717 766
717 901
717 987
718 721
718 760
718 855
719 736
719 763
719 975
720 816
720 884
720 912
721 731
721 814
723 805
723 813
723 959
724 880
725 892
725 976
726 851
726 952
727 763
727 926
727 944
728 751
728 820
728 869
729 840
729 874
729 995
730 811
730 887
730 899
730 942
731 755
731 845
732 877
733 796
733 817
733 948
733 949
734 989
734 996
735 824
735 958
736 801
737 741
737 887
738 789
738 795
738 862
739 915
740 789
741 758
741 800
741 827
741 829
741 884
742 794
742 803
742 882
743 794
743 952
744 925
746 756
746 807
746 822
747 891
750 823
750 920
750 969
751 931
752 902
753 937
754 791
754 843
754 858
754 864
754 871
755 873
757 952
757 982
758 953
758 965
758 992
759 826
760 848
760 921
763 782
763 807
763 936
764 784
764 850
765 782
765 989
766 862
767 768
767 923
768 858
768 978
768 988
769 826
769 865
769 957
770 783
770 785
770 975
771 976
772 850
772 870
772 955
773 910
775 952
775 958
775 986
777 912
779 967
779 975
779 978
781 874
781 976
782 859
783 828
783 913
784 873
787 794
788 942
789 910
791 835
791 845
791 862
791 887
791 916
792 812
792 940
793 930
793 970
794 917
796 982
797 898
798 870
798 961
799 928
800 861
804 919
805 912
807 849
807 873
808 888
810 827
812 822
812 891
812 994
813 826
813 996
814 863
814 890
814 893
816 824
816 876
817 871
818 824
818 852
819 917
819 973
820 931
820 948
823 975
824 984
825 852
825 912
825 984
826 920
827 846
828 835
828 941
830 858
832 867
832 906
833 938
834 838
835 883
836 913
836 919
837 961
838 907
839 946
840 952
841 914
843 854
843 857
843 879
843 956
844 954
845 890
846 920
847 954
847 974
851 857
851 939
853 964
856 909
856 958
857 959
858 929
859 963
859 978
860 897
861 869
861 884
862 900
863 903
863 908
864 871
864 872
864 968
866 977
870 932
870 967
872 994
873 943
873 995
874 965
875 957
876 883
876 912
881 989
882 908
883 969
886 973
888 905
889 901
890 935
890 977
892 991
896 960
896 974
897 935
898 962
899 901
899 940
901 958
901 995
905 929
906 917
906 929
909 955
909 966
910 958
912 922
912 944
913 959
915 981
916 993
919 935
921 935
921 999
925 968
929 969
932 979
938 962
946 979
948 980
955 979
956 983
962 989
964 986
969 990
970 971
981 992
