0 10
0 68
0 179
0 312
0 503
0 687
0 821
1 6
1 56
1 84
1 309
1 484
1 490
1 681
1 773
1 809
1 919
2 13
2 218
2 343
2 481
3 47
3 280
3 435
3 634
3 656
3 755
3 778
3 893
3 929
4 622
4 641
4 897
5 258
5 667
6 71
6 95
6 111
6 415
6 438
6 562
6 793
7 43
7 194
7 263
7 911
8 19
8 139
8 159
8 196
8 200
8 502
8 582
8 676
8 685
8 808
9 389
9 688
9 820
10 358
10 367
10 632
10 723
10 956
11 20
11 50
11 577
11 825
11 965
11 972
12 40
12 73
12 175
12 188
12 219
12 526
12 534
12 755
13 367
13 429
13 952
14 60
14 167
14 183
14 450
14 556
14 867
14 881
14 887
14 988
15 54
15 390
15 816
15 822
16 35
16 43
16 254
16 607
16 830
17 668
17 700
17 899
18 210
18 308
18 393
18 438
18 615
18 868
18 939
19 88
19 158
19 160
19 257
19 327
19 733
19 842
20 193
20 573
20 693
20 887
20 949
21 420
21 539
21 916
21 927
21 994
22 215
22 228
22 497
22 533
22 543
22 739
22 904
22 987
23 58
23 254
23 298
23 316
23 436
23 487
23 543
23 652
23 664
23 770
23 850
24 275
24 282
24 736
24 747
24 805
24 957
25 100
25 525
25 526
25 569
25 730
25 752
26 221
26 930
27 66
27 357
27 392
27 679
28 96
28 443
28 725
28 755
28 795
29 274
29 275
29 380
29 985
30 159
30 234
30 297
30 834
30 934
31 309
31 414
31 484
31 496
31 568
32 188
32 240
32 667
32 909
32 924
32 933
32 949
33 602
33 691
33 762
33 789
33 800
34 188
34 251
34 474
34 497
34 518
34 714
35 361
35 481
35 673
35 744
36 196
36 217
36 226
36 342
36 827
36 894
36 969
37 132
37 242
37 298
37 351
37 706
37 795
38 143
38 162
38 182
38 729
39 252
39 621
39 817
39 858
40 43
40 373
40 555
40 654
40 669
40 728
41 301
41 417
41 925
42 121
42 310
42 542
42 588
42 783
42 985
43 421
43 472
43 506
43 532
43 740
43 745
43 967
44 109
44 206
44 281
44 396
44 504
44 566
44 577
45 189
45 319
45 334
45 374
45 812
45 883
46 104
47 98
47 879
47 939
48 182
48 362
48 453
48 891
49 87
49 200
49 343
49 460
49 913
50 60
50 377
50 645
50 900
51 649
51 677
52 143
52 266
52 770
52 843
53 121
53 148
53 361
53 642
53 966
54 315
54 353
54 986
55 109
55 264
55 818
56 125
56 232
56 618
56 949
56 968
57 247
57 586
57 680
57 859
58 143
58 478
58 594
58 598
58 641
58 686
58 933
58 998
59 88
59 341
59 407
59 465
59 493
59 528
59 632
60 152
60 476
60 756
60 770
60 843
60 939
60 993
61 117
61 126
61 166
61 244
61 316
61 416
61 553
61 598
61 808
62 206
62 409
62 812
62 976
63 229
63 319
63 346
63 550
63 612
63 682
64 96
64 237
64 437
64 527
64 933
65 138
65 200
65 265
65 461
65 494
65 518
65 573
66 517
66 615
66 751
66 877
66 927
67 241
67 628
67 800
67 802
67 986
68 388
68 644
68 697
68 770
69 232
69 563
70 155
70 307
70 334
70 429
70 507
70 611
70 737
70 795
70 926
70 964
71 356
71 442
71 598
71 607
71 635
71 681
71 778
71 794
71 844
72 164
72 264
72 377
72 429
72 798
72 999
73 74
73 702
73 752
74 140
74 918
75 122
75 410
75 437
75 510
75 618
75 653
75 666
75 677
76 103
76 495
76 521
76 853
77 107
77 159
77 245
77 629
77 835
77 950
77 986
78 119
78 243
78 307
78 314
78 742
79 775
80 152
80 409
80 597
80 906
80 970
81 826
82 187
82 696
82 972
83 230
83 245
83 297
83 415
83 569
83 629
84 574
84 663
84 777
84 882
84 894
84 945
84 976
85 97
85 149
85 461
85 577
85 684
85 737
86 177
86 376
86 908
87 149
87 186
87 208
88 108
88 128
88 173
88 478
89 143
89 179
89 530
89 851
90 199
90 293
90 450
91 120
91 260
91 451
91 506
91 522
91 762
91 811
91 847
92 432
92 448
92 552
93 185
93 205
93 548
93 608
94 187
94 432
94 523
94 530
94 532
94 605
94 852
94 929
94 947
95 232
95 595
96 105
96 125
96 214
96 237
96 440
96 611
96 637
96 678
96 911
97 148
97 152
97 270
97 304
97 311
97 506
97 581
97 593
97 651
97 983
98 454
98 557
98 715
98 717
98 938
98 964
99 885
99 929
99 948
100 108
100 191
100 478
100 496
100 673
100 922
100 929
100 946
101 135
101 570
101 579
101 673
101 948
102 131
102 267
102 331
102 395
102 564
102 693
102 804
103 909
103 999
104 170
104 311
104 692
104 744
104 836
105 331
105 574
105 681
105 732
105 741
106 617
106 911
106 951
106 962
107 193
107 344
107 394
107 502
107 575
107 587
107 673
107 978
108 381
108 453
108 490
108 509
108 573
108 678
108 957
108 969
109 126
109 147
109 262
109 350
109 398
109 646
109 745
109 775
109 877
109 947
110 200
110 351
110 417
110 487
110 816
110 844
111 252
111 279
111 328
111 816
111 949
112 122
112 125
112 389
112 491
112 542
112 715
112 748
112 869
112 979
113 159
113 255
113 256
113 591
113 611
114 117
114 189
114 377
114 427
115 159
115 501
115 607
115 639
115 755
115 929
115 951
116 136
116 268
116 283
116 301
116 423
116 583
116 662
116 693
117 326
117 479
117 496
117 525
117 685
117 751
117 796
117 845
118 157
118 257
118 365
118 390
118 611
118 615
118 907
118 937
119 427
119 539
120 200
120 468
120 574
120 653
120 712
120 768
121 249
121 346
121 455
121 474
122 142
122 258
122 645
122 709
122 779
123 130
123 499
123 918
124 244
124 671
124 702
124 751
124 796
125 379
125 462
125 476
125 705
126 207
126 236
126 432
126 814
126 815
126 934
126 994
127 156
127 269
127 572
127 575
127 672
127 920
128 530
129 144
129 483
129 527
129 796
129 816
129 861
130 154
130 201
130 364
130 486
131 294
131 326
131 446
131 512
131 914
132 179
132 381
132 406
132 956
133 156
133 165
133 181
133 299
133 433
133 482
133 777
134 319
134 443
134 493
134 646
134 778
134 813
134 980
135 160
135 294
135 608
135 651
135 935
136 877
136 950
136 963
137 572
137 667
138 177
138 519
138 553
138 954
139 392
139 474
139 586
139 681
140 189
140 384
140 462
140 491
140 683
140 757
140 772
140 999
141 275
141 302
141 333
141 334
141 345
141 831
141 930
142 170
142 239
142 336
142 352
142 455
142 597
142 620
142 926
142 940
143 267
143 698
143 953
144 278
144 309
144 431
144 471
144 521
144 581
144 689
144 728
144 783
145 531
145 565
145 830
145 859
146 258
146 617
146 629
146 855
146 894
146 956
147 148
147 283
147 835
147 959
148 330
148 683
148 755
148 820
148 857
149 195
149 539
149 639
149 648
149 851
149 990
150 185
150 411
150 475
150 479
150 721
150 792
150 886
151 278
151 472
151 673
151 744
152 575
153 845
154 267
154 565
154 622
154 738
154 758
154 998
155 180
155 293
155 393
155 561
155 601
155 735
155 738
156 310
156 516
157 464
157 508
157 520
157 556
158 159
158 768
158 923
158 946
159 170
159 187
159 542
159 686
160 276
160 638
160 817
161 257
161 471
161 560
161 988
162 402
162 699
162 703
162 720
162 741
162 771
162 776
162 866
162 989
163 652
163 661
164 174
164 181
164 286
164 930
164 953
164 970
164 976
165 255
165 693
166 708
166 878
167 458
167 494
167 671
167 703
168 254
168 468
168 585
168 612
168 626
168 744
168 861
168 930
169 170
169 338
169 452
169 700
170 302
170 410
170 641
170 982
170 985
171 334
171 702
172 272
172 315
172 424
172 457
172 907
172 943
173 233
173 486
173 603
173 868
174 244
174 334
174 430
174 573
174 790
174 824
174 869
175 264
175 818
175 820
176 285
176 806
176 847
176 862
176 937
177 335
177 560
177 658
177 730
177 785
177 823
177 973
178 447
178 828
178 946
179 272
179 398
179 815
179 848
180 307
180 908
181 188
181 286
181 537
181 677
181 892
182 203
182 472
182 652
182 827
183 280
183 425
183 681
183 724
183 897
184 302
184 518
184 635
184 970
185 464
185 728
186 426
186 478
186 575
186 907
186 914
187 266
187 381
187 637
187 748
187 767
187 779
187 824
188 459
188 496
189 206
189 212
189 252
189 426
189 489
189 555
190 192
190 574
190 692
190 763
191 353
191 445
191 496
191 536
191 643
191 967
192 264
192 319
192 344
192 666
192 674
192 731
193 282
193 403
193 444
193 578
193 592
193 619
194 367
194 421
194 604
195 324
195 420
195 837
196 207
196 268
196 832
196 933
197 396
197 702
197 768
197 824
197 946
198 315
198 388
198 496
199 463
199 762
199 836
199 968
200 943
201 343
201 383
201 442
201 671
201 710
201 731
201 783
202 293
202 294
202 444
202 533
202 567
202 613
203 226
203 271
203 281
203 518
203 614
203 863
204 283
204 776
204 906
204 984
205 269
205 331
205 413
205 526
205 629
206 282
206 316
206 471
206 695
206 789
206 826
206 876
206 949
207 280
207 300
207 303
207 593
207 655
207 931
208 233
208 257
208 663
208 866
209 416
209 444
209 596
209 621
209 850
209 888
210 283
210 435
210 506
210 769
210 863
210 925
210 936
211 608
211 614
211 883
212 309
212 416
212 464
212 633
212 636
212 656
212 783
213 270
213 343
213 777
213 966
213 970
214 340
214 478
214 666
214 699
214 748
214 885
215 223
215 275
215 478
215 576
215 732
215 883
216 281
216 539
217 222
217 353
217 437
217 453
217 527
217 554
217 793
218 667
218 906
218 911
219 555
219 833
219 919
219 994
220 231
220 289
220 345
220 629
220 705
220 858
220 870
220 887
220 932
221 237
221 289
221 295
221 337
221 414
221 419
221 456
221 533
221 660
222 261
222 324
222 470
222 491
222 676
222 701
222 860
222 892
223 585
223 700
223 757
223 782
223 854
223 887
223 997
224 292
224 423
224 433
224 494
224 830
224 994
225 657
225 700
225 760
225 802
225 853
225 962
226 267
226 269
226 329
226 391
226 676
227 266
227 398
227 571
227 819
228 700
229 553
230 336
230 443
230 682
230 878
231 329
231 393
231 452
231 719
231 754
231 862
232 283
232 285
232 506
232 519
232 564
232 600
232 679
232 723
232 955
233 314
233 353
233 433
233 510
233 628
233 657
233 844
233 934
234 665
235 315
235 426
235 484
235 739
235 782
235 792
235 997
236 327
236 448
236 454
236 515
236 649
236 690
237 364
237 496
237 644
237 791
237 792
237 833
237 942
237 992
238 527
238 939
238 943
239 323
239 597
239 709
240 354
240 398
240 415
240 470
240 676
240 728
240 802
240 825
240 939
240 945
241 338
241 745
241 819
241 908
241 939
242 278
242 368
242 524
243 416
243 466
243 517
244 327
244 639
244 718
244 756
244 938
245 349
245 855
245 982
246 709
246 873
246 937
247 993
248 316
248 429
248 671
248 808
249 255
249 338
249 681
249 870
250 266
250 953
250 954
250 971
251 864
251 896
252 310
253 409
253 594
253 623
253 758
253 965
254 259
254 322
254 357
254 438
254 771
254 839
255 498
255 713
256 887
256 959
257 485
257 886
259 286
259 314
259 345
259 521
259 723
259 728
259 745
259 815
259 904
259 960
260 378
260 465
260 643
261 325
261 403
261 628
261 698
261 749
261 805
261 810
261 843
262 320
262 804
262 849
263 926
263 941
263 990
264 371
265 273
265 289
265 329
265 487
265 627
265 710
265 819
266 378
266 704
266 850
266 886
267 939
268 349
268 539
268 634
268 638
268 823
268 851
268 895
268 956
269 396
269 524
269 913
269 933
270 310
270 346
270 445
270 487
270 725
270 743
271 387
271 409
271 427
271 775
271 781
271 943
272 363
272 387
272 578
272 806
272 928
272 955
272 967
273 352
273 505
273 543
273 670
273 675
273 852
273 868
273 905
273 914
274 442
274 782
274 904
274 970
275 445
275 450
275 521
275 607
275 684
275 705
275 748
275 898
276 555
276 822
276 835
276 842
277 304
277 341
277 421
277 440
277 774
277 972
278 297
278 327
279 328
279 505
279 540
279 580
279 828
280 331
280 336
280 350
280 532
280 562
281 374
281 468
281 660
281 676
281 800
281 852
282 369
282 762
282 805
282 842
283 582
283 773
283 791
284 490
284 611
284 621
284 790
284 798
284 946
284 985
285 339
285 349
285 419
285 648
285 758
285 933
286 308
286 612
286 615
286 676
286 844
286 952
287 394
287 708
287 777
288 419
288 437
288 457
288 971
289 533
289 660
289 803
289 932
289 975
290 318
290 820
291 308
291 525
291 901
292 331
292 366
292 383
292 443
292 562
292 589
292 620
292 745
293 383
293 472
293 545
293 781
293 786
293 883
294 350
294 406
294 541
294 580
294 617
294 856
294 889
295 378
295 958
296 353
296 694
296 873
297 316
297 327
297 364
297 542
297 940
298 311
298 570
298 615
298 727
299 329
299 552
299 580
300 341
300 832
300 870
300 883
300 961
300 962
301 447
301 490
301 592
301 722
301 766
302 338
302 489
302 610
302 878
303 345
303 453
303 606
303 630
303 674
303 744
303 776
303 957
304 548
304 626
305 373
305 453
305 478
305 633
305 909
305 988
306 327
306 664
307 467
307 604
307 783
307 885
308 500
308 548
308 630
308 858
308 871
308 944
309 367
309 407
309 596
309 651
310 377
310 557
310 629
310 910
311 334
311 397
311 474
311 637
312 448
312 452
312 467
312 735
312 908
313 355
313 421
313 598
313 704
313 925
314 337
315 336
315 438
315 512
315 530
315 910
316 527
316 615
316 730
316 898
316 984
317 379
317 400
317 677
317 700
318 322
318 666
319 340
319 473
319 621
319 677
320 361
320 371
320 548
320 591
320 954
320 968
321 326
321 331
321 472
321 477
321 579
321 598
321 691
321 845
321 878
321 944
321 951
322 375
322 505
322 514
322 612
322 788
322 805
323 418
323 571
323 601
323 635
323 788
323 818
324 391
324 456
324 463
324 500
324 546
324 667
324 866
324 889
325 558
325 597
325 822
326 370
326 752
327 362
327 578
327 693
327 724
328 517
328 557
328 743
328 818
328 866
328 905
329 425
329 588
329 767
330 337
330 462
330 608
330 827
331 339
331 626
331 743
332 397
332 443
332 521
332 667
332 803
333 624
333 668
333 690
333 768
333 784
333 870
334 411
334 478
334 637
334 776
334 899
335 360
335 827
335 929
335 985
336 419
336 612
336 829
337 345
337 398
337 523
337 628
337 723
337 729
337 813
338 498
338 627
339 447
339 663
339 717
341 362
341 453
341 487
341 516
341 617
341 647
341 795
342 465
342 909
343 451
343 678
343 708
343 802
344 681
344 854
345 481
345 557
345 727
345 743
346 410
346 457
346 575
346 844
346 995
347 434
347 464
347 982
347 993
348 480
348 489
348 501
348 625
349 480
349 500
349 706
349 772
350 656
350 675
350 964
351 459
351 462
351 473
351 558
351 605
351 745
351 868
352 370
352 384
352 393
353 695
353 703
353 750
353 803
353 845
354 365
354 552
354 762
354 880
355 470
355 541
355 679
355 733
356 525
356 587
356 598
356 599
356 758
356 788
356 817
356 858
356 941
356 943
356 951
357 545
357 973
358 470
358 756
359 490
359 515
359 554
360 363
360 499
360 557
360 867
360 913
361 608
361 765
361 875
362 438
362 447
362 908
362 996
363 650
363 790
363 952
364 410
364 492
364 935
365 535
365 649
365 777
365 965
366 731
366 759
366 902
366 932
367 409
367 520
367 551
368 374
368 641
368 694
368 720
368 763
368 813
369 487
369 508
369 713
369 735
369 752
369 756
370 391
370 555
370 571
370 599
370 640
370 980
371 660
371 732
371 901
371 906
372 610
372 850
373 485
373 697
373 875
373 966
374 489
374 509
374 646
375 545
375 645
375 820
375 874
375 889
375 945
376 558
376 585
376 802
377 487
377 758
377 819
378 468
378 528
378 547
378 607
378 991
379 479
379 522
379 738
379 747
379 750
379 805
380 426
380 818
381 460
381 676
382 424
382 497
382 608
382 908
383 598
383 806
383 955
384 460
384 472
384 599
384 837
384 862
384 930
385 685
386 395
386 500
386 613
386 640
386 666
386 901
387 457
387 605
387 645
387 797
387 887
388 466
388 814
388 819
390 486
390 577
390 602
390 657
390 787
390 818
390 879
390 976
391 475
391 615
391 644
391 854
391 877
392 442
392 848
392 893
393 466
393 910
393 967
394 421
394 488
394 527
394 663
394 733
394 909
395 451
395 966
395 975
396 414
396 510
396 690
396 902
397 868
398 423
398 480
398 771
398 871
398 898
399 481
399 884
400 570
400 702
400 766
400 975
401 504
401 932
402 428
402 503
402 955
403 506
403 835
403 855
403 879
404 511
404 526
404 546
404 599
404 655
404 790
405 552
405 956
406 427
406 714
406 839
407 986
408 544
408 589
408 624
408 702
408 816
408 900
409 859
410 569
410 600
410 604
410 653
411 800
412 560
412 862
412 878
413 455
413 482
413 569
413 620
414 572
414 610
414 679
414 917
415 534
415 557
415 633
415 728
415 861
415 976
416 434
416 885
417 639
417 835
417 888
417 894
418 636
419 734
419 798
420 427
420 615
420 809
420 869
421 528
421 720
421 943
422 427
422 452
422 464
422 867
422 991
423 433
423 615
423 694
423 798
423 911
423 992
424 526
424 718
424 731
425 526
425 579
425 752
425 784
425 792
425 835
425 983
426 434
426 756
426 905
427 651
428 720
428 861
428 956
429 939
430 932
430 964
431 820
431 837
432 456
432 564
432 866
432 967
433 597
433 615
433 887
434 459
434 598
434 602
434 674
434 816
434 953
434 971
434 995
435 587
435 678
436 482
436 500
436 518
436 604
436 926
437 534
437 540
437 725
437 782
438 524
438 578
439 571
439 763
440 558
440 673
440 741
440 743
440 941
441 665
441 794
441 871
442 485
443 687
443 803
443 828
444 453
444 482
444 633
444 731
445 507
445 546
446 762
447 638
447 657
447 996
448 536
448 577
449 558
449 813
449 904
449 978
450 472
450 669
450 692
450 769
450 887
451 684
451 720
451 762
452 588
452 824
453 521
453 819
453 921
453 931
453 973
453 996
454 497
454 701
454 806
455 550
455 558
455 847
456 575
456 610
456 730
456 813
456 865
456 944
456 958
460 601
460 675
460 887
461 534
461 704
461 857
461 924
462 563
462 854
462 894
463 634
463 716
463 754
464 633
464 762
464 891
465 502
465 507
465 586
465 755
465 863
465 867
465 943
466 478
467 650
467 668
467 843
468 657
469 558
469 595
469 686
470 780
470 801
470 921
470 960
471 502
471 508
471 552
473 474
473 814
473 826
473 837
473 896
474 552
474 600
475 507
475 639
475 644
475 662
475 876
475 881
476 584
476 669
476 701
476 713
476 773
477 829
477 884
477 996
478 557
478 563
478 635
478 712
478 858
478 930
479 511
479 572
479 586
479 680
480 616
480 644
480 813
480 966
481 684
481 846
481 864
481 975
481 981
482 583
483 589
483 608
483 619
483 730
483 767
483 901
484 753
484 883
485 699
486 497
486 590
486 766
487 512
487 605
487 658
488 668
488 759
488 858
488 911
489 518
489 643
489 688
489 894
490 923
490 946
490 993
491 574
491 838
491 839
491 902
491 931
491 991
492 558
492 843
492 917
493 580
493 933
494 518
494 552
494 728
494 832
494 922
495 578
495 710
495 844
495 874
496 669
496 775
497 551
497 583
497 638
497 770
497 857
497 858
499 585
500 706
500 773
500 965
501 574
501 603
501 717
501 772
501 903
501 917
502 958
503 507
504 600
504 909
504 937
505 604
505 622
505 685
505 945
506 510
506 633
506 728
506 771
506 825
510 546
510 635
510 872
510 954
510 961
511 526
511 767
512 738
512 808
513 758
514 746
514 767
514 870
515 562
515 570
515 590
515 722
516 688
516 769
516 958
517 598
517 782
517 835
518 577
518 876
518 909
519 619
519 675
519 824
519 904
520 596
520 613
520 911
521 562
521 567
521 574
521 672
521 679
521 708
521 732
521 931
522 698
522 707
522 932
523 687
523 930
523 990
524 535
524 635
524 835
524 935
525 784
525 939
526 597
526 616
526 678
526 750
526 765
526 980
527 583
527 585
527 706
527 752
527 903
528 537
528 810
528 998
529 657
529 811
530 971
531 622
531 690
532 660
532 863
532 886
533 871
534 780
535 929
536 625
536 654
536 900
536 986
537 692
537 784
537 913
537 923
537 980
538 672
538 750
538 947
539 889
540 690
540 843
540 958
541 682
541 709
541 741
542 646
542 734
542 767
542 819
542 856
542 959
543 672
543 923
545 787
545 791
546 767
546 953
547 559
547 880
547 896
547 972
548 593
548 641
548 658
548 757
548 774
548 812
548 851
548 875
548 943
548 973
549 910
549 931
550 581
550 814
551 620
551 876
552 842
553 854
553 939
554 630
554 668
554 837
555 593
555 853
556 577
556 584
556 746
556 794
556 819
556 835
556 864
557 633
557 755
557 779
558 755
558 944
559 786
561 868
561 916
562 764
562 922
563 763
563 805
563 873
563 888
563 892
563 917
563 933
564 626
565 622
565 657
565 819
566 596
567 952
568 610
568 646
568 724
568 726
568 813
568 886
569 638
569 687
569 978
570 611
570 810
571 599
572 821
573 682
573 684
573 953
574 601
575 584
575 586
575 739
575 873
575 894
576 631
576 748
576 782
576 822
576 901
576 986
577 583
578 616
579 585
579 925
581 906
582 890
583 722
583 752
583 773
583 911
583 915
584 663
584 716
586 775
587 654
587 659
588 661
588 759
588 811
589 655
589 843
589 892
589 994
590 652
590 870
590 953
591 601
591 767
591 834
591 839
591 946
591 987
592 684
592 704
592 881
592 890
592 987
593 851
593 954
594 786
594 789
594 889
594 918
594 940
595 700
595 781
595 918
596 648
596 772
597 891
597 989
598 609
598 651
598 926
599 603
599 740
599 857
599 876
600 659
600 995
601 968
603 736
603 869
603 924
604 723
604 854
604 995
605 619
605 824
606 697
606 771
606 956
607 632
607 713
608 775
608 952
608 976
609 887
610 678
610 971
611 957
612 830
612 884
612 926
612 960
613 660
613 724
613 777
614 631
615 928
616 685
616 755
616 909
616 985
617 692
617 714
617 723
617 742
617 900
617 925
618 737
619 670
619 725
619 759
619 796
620 743
620 747
620 824
622 755
622 879
624 657
624 802
625 703
625 717
625 906
625 917
626 711
627 657
627 696
627 713
627 879
627 928
629 813
629 886
630 990
631 639
631 751
631 809
631 822
632 691
632 804
632 866
633 645
633 918
634 742
635 760
635 860
635 938
635 972
636 686
636 781
636 991
637 721
637 941
638 816
639 786
639 845
640 887
640 907
640 945
641 794
641 973
641 980
642 720
642 749
642 887
643 754
643 996
644 711
644 811
644 861
645 812
645 859
645 971
646 766
646 909
648 653
649 676
649 721
649 773
651 969
652 667
652 671
652 707
652 759
653 682
653 864
653 953
654 850
654 857
655 748
655 789
655 878
655 917
656 717
656 805
656 834
656 846
656 865
656 902
657 762
658 790
658 891
658 921
659 710
659 938
659 976
661 749
661 776
661 918
661 955
662 743
662 949
662 965
662 972
663 854
663 866
663 870
664 708
664 801
665 798
668 792
668 891
668 895
669 678
669 710
669 778
669 918
670 778
670 880
671 721
671 850
671 909
671 997
672 706
672 793
672 957
673 784
673 863
673 953
673 974
674 695
675 754
676 884
677 740
677 887
678 844
679 689
679 692
679 997
680 835
681 774
681 939
681 961
682 686
682 777
682 853
682 902
682 984
684 794
684 861
684 895
684 969
685 820
685 860
686 727
686 735
686 762
686 778
686 817
687 713
687 796
688 895
690 696
690 940
691 878
691 974
692 802
692 812
693 783
693 912
695 951
696 751
696 960
697 833
698 904
699 732
699 816
699 887
700 764
700 964
701 800
702 842
703 941
703 973
704 836
704 970
705 741
705 790
706 760
706 775
707 766
707 771
707 879
708 730
708 992
709 728
709 758
710 802
711 775
711 903
711 992
712 713
712 871
712 934
713 735
713 740
713 935
714 788
714 942
714 970
715 764
715 875
715 936
715 996
717 769
717 870
717 922
718 910
719 849
720 773
721 777
721 781
721 795
721 857
721 996
722 899
723 924
723 993
724 954
726 770
727 835
727 996
728 750
728 801
728 928
730 755
730 781
731 774
731 808
731 952
731 967
732 794
732 902
732 938
732 985
734 752
735 854
736 875
738 961
739 839
741 903
742 911
743 744
743 762
743 832
743 862
743 882
744 762
744 776
744 891
745 767
745 886
745 941
746 894
746 968
747 837
747 840
748 825
748 955
748 997
749 865
749 874
750 838
750 915
751 784
751 833
751 902
752 852
752 873
753 771
753 795
753 844
753 889
754 867
754 975
755 810
755 869
755 961
756 795
756 859
757 857
757 891
757 897
759 847
760 906
760 912
761 794
762 767
764 774
764 911
765 908
765 956
766 772
766 811
767 866
768 811
769 855
769 901
769 962
770 807
771 781
771 904
771 982
771 994
772 814
772 979
774 945
774 986
775 844
776 777
776 900
776 906
777 790
778 952
780 856
781 986
783 886
783 899
785 887
785 997
786 956
789 938
790 802
790 809
791 931
792 801
792 812
792 968
793 959
794 821
794 969
795 796
796 823
797 863
798 976
799 860
799 953
802 893
806 860
806 938
807 986
808 829
810 903
811 837
811 883
812 842
812 987
813 970
814 878
815 904
817 959
817 965
818 869
818 898
819 915
821 858
823 936
826 837
827 946
828 841
830 892
831 928
832 892
832 985
834 979
837 970
839 873
840 846
844 857
845 933
846 982
847 888
851 985
851 993
852 880
853 936
854 973
855 869
855 887
855 894
859 939
861 993
863 973
864 910
865 957
865 990
868 919
868 949
869 966
873 892
873 896
874 895
874 912
874 933
875 945
876 907
876 912
878 890
879 956
880 950
880 971
881 903
882 922
882 924
882 992
885 930
885 965
885 996
888 972
889 891
894 911
896 922
898 919
898 931
903 953
905 991
906 989
916 947
919 977
919 990
920 951
920 990
921 939
925 958
925 972
929 945
930 964
933 934
934 984
939 996
943 979
946 990
948 973
949 969
953 984
953 991
956 976
969 975
975 978
976 981
978 983
