0 251
0 753
1 37
1 66
1 148
1 420
1 466
1 521
1 572
2 66
2 185
2 359
2 376
2 576
2 738
2 867
3 32
3 172
3 305
3 595
3 665
3 790
4 170
4 211
4 342
4 503
5 48
5 95
5 247
5 350
6 160
6 556
6 584
6 749
7 43
7 83
7 294
7 335
7 510
7 588
7 616
7 714
7 764
7 795
8 37
8 165
8 227
8 362
8 434
8 458
8 725
8 904
8 962
8 994
9 170
9 282
9 669
9 737
9 809
10 97
10 564
10 695
10 928
11 128
11 158
11 176
11 585
11 601
11 635
11 774
12 90
12 119
12 167
12 464
12 596
12 629
12 780
12 947
12 958
12 990
13 99
13 259
14 192
14 320
14 349
14 438
14 511
14 815
14 904
15 45
15 79
15 102
15 180
15 242
15 359
15 584
15 922
15 963
16 39
16 107
16 193
16 217
16 304
16 378
16 605
16 753
16 782
17 221
17 512
17 925
17 997
18 241
18 949
19 157
19 361
19 373
19 395
19 404
19 548
19 739
19 940
19 974
20 52
20 495
20 525
20 597
20 631
21 223
21 259
21 336
21 832
22 33
22 204
22 274
22 327
22 904
23 67
23 718
23 901
24 412
25 68
25 91
25 131
25 493
25 562
25 648
25 787
26 82
26 113
26 119
26 122
26 229
26 355
26 362
26 591
26 790
26 813
26 933
27 253
27 357
27 451
27 486
27 552
28 167
28 562
28 699
28 931
28 934
28 991
28 997
29 192
29 380
29 603
29 778
29 962
30 76
30 124
30 163
30 613
30 666
30 700
30 726
30 758
31 254
31 314
31 331
31 514
31 608
31 767
31 799
31 838
31 847
32 100
32 225
32 389
32 435
32 646
32 831
33 256
33 295
33 340
33 358
33 571
33 763
33 777
34 67
34 133
34 234
34 285
34 406
34 409
34 504
34 532
34 556
34 632
34 693
34 760
34 791
34 833
34 862
34 931
35 105
35 303
35 347
35 433
35 769
35 816
35 898
36 45
36 104
36 149
36 170
36 188
36 894
37 908
38 319
38 321
38 723
38 790
38 974
39 83
39 231
39 433
39 598
39 997
40 202
40 447
40 461
40 584
40 670
40 854
41 481
41 483
41 711
41 871
42 122
42 133
42 480
42 864
43 99
43 150
43 525
43 758
44 374
45 266
45 366
45 515
45 534
45 549
45 851
45 935
46 368
46 408
46 493
46 621
46 623
46 815
46 825
46 948
46 958
47 243
47 678
48 299
48 620
48 710
48 736
48 769
48 943
49 573
50 128
50 534
50 570
50 924
51 269
51 271
51 287
51 351
51 588
51 956
52 60
52 267
52 571
52 631
52 663
52 716
52 944
52 957
53 216
53 421
53 653
53 662
53 937
53 978
54 129
54 843
55 337
55 494
55 543
55 549
55 748
55 841
56 167
56 288
56 329
56 392
56 444
56 496
56 566
56 613
56 618
57 205
57 300
57 450
57 459
57 965
57 969
58 255
58 313
58 835
58 875
58 940
59 121
59 178
59 182
59 267
59 482
59 915
60 156
60 464
60 898
61 301
61 501
61 748
61 797
62 214
62 329
62 429
62 446
62 672
62 752
63 260
63 299
63 433
63 474
63 585
63 719
63 923
64 98
64 286
64 606
64 646
64 876
65 141
65 198
65 394
65 447
65 630
65 940
65 991
66 79
66 127
66 268
66 359
66 608
66 659
66 940
66 982
67 90
67 770
67 794
67 950
67 958
67 979
68 391
68 597
68 633
68 638
68 788
69 114
69 136
69 183
69 224
69 405
69 467
69 558
69 756
69 797
70 143
70 410
70 438
70 609
70 763
70 765
70 916
70 972
71 320
71 406
71 452
71 573
71 741
71 976
72 111
72 159
72 397
72 431
72 570
72 588
73 95
73 283
73 403
73 559
73 745
73 834
73 991
74 276
74 347
74 362
74 398
74 435
74 626
75 214
75 277
75 389
75 407
75 546
75 616
75 631
75 947
76 175
76 261
76 451
76 478
76 720
77 88
77 118
77 133
77 150
77 219
77 474
77 984
78 83
78 91
78 198
78 250
78 303
78 494
79 276
79 292
79 427
79 709
79 727
79 851
80 102
80 109
80 136
80 144
80 204
81 137
81 158
81 198
81 209
81 522
81 539
81 593
81 814
81 845
82 133
82 285
82 624
82 662
83 162
83 834
84 542
84 834
84 835
85 117
85 209
85 271
85 533
85 606
85 992
85 997
86 287
86 483
86 633
86 650
86 761
87 350
87 503
87 657
87 714
87 758
87 939
88 104
88 214
88 245
88 515
88 679
88 783
88 791
89 394
89 706
89 740
89 807
90 172
90 517
90 545
90 631
91 254
91 333
91 354
91 447
91 715
91 833
91 921
91 933
91 977
91 988
92 188
92 265
92 399
92 745
92 898
93 179
93 335
93 493
93 525
94 267
94 426
94 469
95 148
95 384
95 563
95 577
95 625
95 655
96 152
96 186
96 216
96 255
96 278
96 668
96 700
96 826
96 871
97 589
97 756
97 871
97 957
98 117
98 125
98 143
98 289
98 742
98 900
99 317
99 535
99 913
100 262
100 347
100 349
100 489
100 924
100 984
101 164
101 286
101 386
101 520
102 147
102 202
102 817
102 948
103 387
103 402
103 513
103 659
103 699
103 826
103 938
104 387
104 449
104 608
104 694
104 813
104 815
104 832
105 113
105 117
105 207
105 559
105 560
105 725
106 132
106 218
106 405
106 531
106 743
106 866
107 473
107 555
107 618
107 629
107 783
108 345
108 451
108 469
108 482
108 503
108 515
108 628
108 676
108 691
108 783
109 142
109 257
109 496
109 680
110 171
110 308
110 610
110 639
110 661
110 754
110 764
110 901
110 909
111 185
111 389
111 741
111 770
111 827
111 867
111 989
112 214
112 283
112 706
112 724
112 806
112 872
112 893
113 135
113 345
113 851
114 333
114 382
114 762
114 809
114 925
114 957
115 161
115 313
115 369
115 515
115 552
115 856
116 205
116 324
116 476
116 644
116 705
116 937
116 969
117 377
117 553
117 896
118 129
118 204
118 454
118 498
118 621
118 639
118 816
118 862
118 867
118 935
118 996
119 145
119 263
119 320
119 448
119 471
119 511
119 629
119 680
119 741
120 278
120 309
120 486
120 498
120 506
120 585
120 833
120 977
121 287
121 325
121 418
121 472
121 548
121 662
121 751
121 816
121 895
122 762
122 811
123 168
123 322
123 598
124 342
124 546
124 764
124 814
125 215
125 579
125 702
125 741
125 748
125 781
126 263
126 318
126 470
126 751
126 770
126 864
127 407
127 608
127 671
127 766
127 880
127 919
127 973
128 214
128 341
128 349
128 430
128 993
129 182
129 300
129 851
130 578
130 726
130 868
131 232
131 407
131 495
131 525
131 983
132 137
132 369
132 531
132 608
132 632
132 998
133 147
133 148
133 159
133 209
133 252
133 543
133 664
133 678
133 703
133 969
134 153
134 185
134 316
134 530
134 813
135 376
135 592
135 597
135 686
135 695
136 444
136 610
136 936
137 719
137 999
138 144
138 691
138 838
138 951
138 980
139 939
140 197
140 690
140 901
140 918
141 209
141 236
141 604
141 930
142 435
142 574
142 632
142 687
142 879
143 175
143 190
143 293
143 497
143 783
143 917
143 949
143 968
144 394
144 637
144 671
144 715
144 723
144 779
144 872
144 955
145 249
145 420
145 425
145 481
145 486
145 559
145 586
146 395
146 609
146 653
146 700
146 724
146 804
147 455
147 750
147 820
147 920
148 707
148 778
149 339
149 466
149 568
149 683
149 698
149 794
149 914
150 225
150 597
150 600
150 772
150 849
151 161
151 210
151 232
151 358
151 824
151 897
151 924
151 946
152 160
152 554
152 664
152 711
152 765
152 897
152 916
152 971
153 155
153 163
153 244
153 390
153 499
153 578
153 758
153 901
154 190
154 236
154 295
154 545
154 948
155 293
155 410
155 585
155 624
155 821
156 574
156 691
157 294
157 341
157 556
157 970
157 988
157 998
158 310
158 361
158 926
159 367
159 841
160 175
160 178
160 445
160 795
161 189
161 299
161 377
161 415
161 550
161 607
161 834
161 845
162 367
162 983
163 279
163 493
163 525
163 577
163 859
163 903
163 999
164 186
164 475
164 560
164 850
164 914
165 266
165 320
165 566
165 605
165 705
165 736
166 509
166 643
167 265
167 342
167 440
167 507
167 848
167 905
168 309
168 372
168 658
168 925
168 942
168 943
169 191
169 207
169 587
169 637
169 715
169 720
169 831
170 270
170 300
170 358
170 469
171 285
171 426
171 686
171 762
171 968
172 363
172 669
172 869
173 198
173 488
173 505
173 746
174 183
174 298
174 597
174 733
174 861
175 341
175 387
175 498
175 604
176 234
176 318
176 381
176 456
176 469
176 485
177 307
177 565
177 716
177 724
177 872
178 383
178 855
178 914
178 993
179 667
179 964
179 987
180 237
180 303
180 466
180 667
180 728
180 818
180 877
180 939
181 352
181 637
181 993
182 233
182 273
182 348
182 443
182 562
182 824
183 701
184 668
184 699
184 757
185 460
185 540
185 592
185 654
185 740
185 773
185 852
186 211
186 290
186 379
186 545
187 230
187 479
187 524
187 593
187 598
188 215
188 272
188 292
188 391
188 832
188 834
188 873
189 201
189 403
189 438
189 682
189 877
190 197
190 202
190 271
190 314
190 346
190 441
190 821
190 974
190 994
191 309
191 506
191 735
191 947
192 228
192 346
192 368
192 625
192 970
193 208
193 403
193 418
193 504
193 698
193 833
194 390
194 451
194 615
194 633
194 817
195 659
195 852
195 910
196 570
196 644
196 750
196 993
197 207
197 454
197 853
198 248
198 282
198 360
198 503
198 627
198 656
198 890
199 518
199 582
199 715
199 767
199 960
200 483
200 508
200 855
200 974
201 204
201 276
201 799
201 816
202 486
202 837
202 974
203 299
203 576
203 960
204 468
204 472
204 474
204 544
204 573
204 702
204 729
204 915
205 325
205 609
206 273
206 297
206 903
207 245
207 583
207 733
207 864
208 619
208 691
209 389
209 412
209 740
209 788
210 363
211 295
211 347
211 495
211 759
211 769
211 790
211 794
211 843
211 950
211 968
212 505
212 705
212 822
213 247
213 413
213 507
213 512
213 677
213 682
214 910
214 975
215 475
215 894
215 960
216 309
216 364
216 473
216 734
216 803
217 219
217 350
217 482
217 836
218 484
218 490
218 549
218 653
218 684
218 688
218 896
218 994
219 936
220 302
220 345
220 380
220 603
220 716
220 725
220 754
220 811
221 228
221 721
221 749
221 755
221 795
221 829
222 241
222 471
222 860
222 868
223 514
223 685
224 636
224 814
225 368
225 612
225 744
225 854
225 895
226 802
227 538
227 540
227 574
227 671
227 678
228 251
228 686
228 850
229 666
229 887
229 985
230 327
230 757
231 295
231 420
231 534
231 960
232 237
232 307
232 618
232 632
232 847
232 886
232 966
233 533
233 734
233 798
233 877
234 341
234 535
234 593
234 674
234 726
234 728
234 743
234 765
234 875
234 888
235 979
236 364
236 536
236 588
236 730
236 768
236 891
236 957
236 970
237 367
237 600
237 709
237 726
237 813
237 837
238 639
238 645
238 797
239 806
239 852
239 937
240 480
240 515
240 856
240 924
240 954
241 270
241 316
241 492
241 834
242 376
242 436
242 608
242 805
243 619
243 631
243 975
244 332
244 406
244 771
245 563
246 319
246 514
247 271
247 283
247 510
247 523
247 853
247 922
247 934
248 292
248 515
248 697
249 384
249 451
249 490
249 517
249 630
249 911
250 453
250 792
251 297
251 407
251 537
251 578
251 631
251 712
252 481
252 506
252 798
252 891
252 976
253 376
253 520
253 595
253 819
254 408
254 704
254 750
254 960
255 853
255 900
256 344
256 893
256 940
257 838
257 853
257 931
257 946
257 967
258 488
258 562
258 632
258 634
258 766
259 294
259 422
259 596
260 566
260 633
260 798
260 909
261 546
261 599
261 801
262 448
262 639
262 832
263 273
263 399
263 616
263 632
263 739
263 895
263 972
264 291
264 488
264 507
264 564
264 741
264 817
264 976
264 992
265 565
265 844
265 944
265 946
266 440
266 684
266 784
267 320
267 609
267 854
267 855
268 499
268 582
268 664
268 829
268 907
269 634
269 828
270 422
270 496
270 836
270 944
271 314
271 583
271 726
271 745
271 884
272 280
272 316
272 415
272 631
272 752
272 996
273 419
273 547
273 662
273 952
274 403
274 864
274 927
275 315
275 581
275 724
275 789
275 890
275 914
276 333
276 784
276 948
277 355
277 794
277 884
278 320
278 361
278 477
278 616
278 872
278 879
278 938
279 371
279 553
279 573
279 700
279 956
280 459
280 654
280 658
280 744
280 902
280 904
281 472
281 602
281 941
282 534
282 588
282 823
282 940
282 956
283 471
283 564
283 652
283 818
284 343
284 401
284 680
284 684
284 835
285 296
285 418
285 980
286 642
286 715
286 884
286 956
287 427
287 445
287 452
287 602
287 883
287 906
288 516
288 534
288 559
288 631
288 643
288 761
288 776
289 770
289 816
289 887
289 950
289 954
290 327
290 420
290 919
290 947
291 359
291 535
291 718
291 924
291 996
292 302
292 421
292 436
292 462
292 488
292 687
292 709
292 745
292 754
293 454
293 915
294 505
294 939
295 299
295 459
295 575
295 723
295 766
296 403
296 508
296 636
296 886
298 353
298 546
298 976
299 338
299 376
299 473
299 577
299 834
299 902
299 914
299 944
300 370
300 489
301 502
301 682
302 696
302 713
302 823
302 994
303 686
303 788
303 916
304 493
306 555
306 628
306 700
306 717
307 308
307 439
307 669
307 957
308 568
309 470
309 507
309 532
309 871
309 926
310 432
310 681
310 709
310 946
311 400
311 606
311 667
311 789
312 378
312 523
312 754
312 878
313 460
313 463
313 525
313 580
313 939
313 969
314 488
314 540
314 576
314 742
315 318
315 431
315 456
315 583
315 800
315 885
315 950
316 366
316 470
316 655
316 709
316 890
317 323
317 653
317 763
317 938
318 556
318 661
318 662
319 816
320 453
320 566
320 730
320 992
321 391
321 429
321 966
322 483
322 786
322 986
323 355
323 404
323 605
323 619
323 821
323 852
323 957
324 352
324 452
324 493
324 536
324 574
324 771
324 975
325 433
325 478
326 460
326 704
326 838
326 916
327 362
327 523
327 682
327 947
328 376
328 606
328 754
328 901
328 961
329 436
329 506
329 535
329 626
329 710
329 721
329 942
330 431
330 872
331 429
331 588
331 826
331 904
331 977
332 334
332 486
332 734
332 868
332 908
333 555
333 671
333 783
334 664
334 839
334 890
334 899
334 919
334 981
335 389
335 610
335 660
337 396
337 672
337 745
338 439
338 521
338 849
338 945
339 556
339 686
339 741
339 845
340 399
340 434
340 806
340 928
341 492
341 708
342 418
342 597
342 713
342 718
343 997
344 517
344 888
345 383
345 743
345 954
345 974
346 403
346 482
346 524
346 769
346 832
346 896
347 387
347 816
347 902
348 472
348 602
348 776
348 825
348 989
349 464
349 540
349 860
350 478
350 531
350 546
350 597
350 664
350 753
351 388
351 418
351 491
351 667
351 752
351 792
351 805
351 878
352 420
352 455
352 472
352 490
352 521
352 548
352 789
353 403
353 720
353 734
353 915
354 369
354 500
354 509
354 549
354 781
354 784
355 417
355 947
356 396
356 424
356 493
356 573
356 803
357 533
357 536
358 437
358 864
358 892
358 930
359 409
359 638
359 654
359 732
360 821
360 859
360 970
360 978
361 682
362 512
362 556
362 601
362 711
362 761
362 877
363 380
363 443
363 552
363 696
363 834
363 948
363 955
364 535
365 410
365 454
365 600
365 627
365 914
366 391
366 617
366 727
366 851
366 931
367 424
367 568
367 570
367 625
367 755
367 855
368 741
368 766
369 660
369 779
369 932
370 469
370 921
370 922
371 555
371 670
372 763
372 835
372 836
372 882
373 621
373 667
373 897
373 975
374 747
374 869
375 649
375 682
375 711
375 832
375 849
375 919
376 526
377 503
377 755
377 824
378 541
378 685
378 738
378 739
378 969
379 939
380 432
380 665
381 483
381 660
381 883
381 912
383 408
384 490
384 557
384 650
384 740
384 868
384 932
385 497
385 823
386 575
386 679
386 803
386 912
386 935
387 496
387 651
387 708
388 568
388 580
388 824
389 742
389 781
389 977
390 787
390 991
391 682
391 767
392 517
392 779
392 814
392 959
393 399
393 506
393 510
393 516
393 733
393 781
393 929
394 554
394 556
394 690
394 812
394 929
395 447
395 714
395 807
397 560
397 777
397 799
397 850
397 904
397 906
398 487
398 543
398 705
398 822
399 453
399 501
399 506
399 570
399 966
399 994
400 427
400 518
401 549
401 902
401 915
401 947
402 504
402 921
402 989
403 486
404 405
404 540
404 888
404 905
404 975
405 431
405 490
405 573
405 752
405 871
405 873
406 455
406 521
406 593
406 841
406 873
406 913
407 455
407 700
408 459
408 536
408 579
408 664
408 749
409 639
409 798
409 832
410 484
410 858
410 907
410 948
411 550
411 978
412 508
412 779
412 878
412 970
413 596
413 671
413 991
414 929
415 435
415 483
415 530
415 733
415 861
415 940
415 985
416 700
416 818
417 453
417 492
417 656
417 684
417 970
418 560
419 681
419 710
419 883
420 569
420 744
420 802
420 984
421 798
421 908
422 681
423 617
423 623
423 656
423 766
423 916
423 925
424 588
424 774
424 889
424 923
424 987
424 992
425 553
425 610
425 650
425 674
425 780
425 888
426 720
427 439
427 591
427 665
427 794
427 853
427 861
427 980
428 460
428 529
428 674
428 880
429 535
429 580
429 676
429 936
430 449
430 525
430 725
430 763
431 465
431 549
431 556
431 684
431 883
432 489
432 514
432 552
432 599
432 603
433 735
433 773
434 525
434 556
434 605
434 685
434 820
434 898
435 570
435 686
435 700
435 708
435 958
436 584
436 671
436 699
437 487
437 501
437 548
437 583
437 745
437 776
437 802
437 889
438 776
438 878
439 611
440 527
440 612
440 654
440 683
440 963
441 671
441 746
442 647
442 992
442 997
443 926
444 598
444 812
444 860
445 790
445 800
445 861
446 689
446 713
447 532
447 919
447 965
448 477
448 506
448 698
448 738
448 984
449 489
450 536
450 558
450 616
450 832
450 951
450 958
451 999
452 534
452 709
452 760
452 871
452 938
452 982
452 987
453 702
453 729
453 800
453 840
453 966
454 511
454 625
454 787
454 840
455 463
455 601
455 701
455 803
456 537
456 666
456 680
456 843
456 848
457 576
457 960
458 667
459 549
459 583
459 615
459 645
459 848
459 985
460 565
460 873
461 529
462 963
463 513
463 775
463 818
463 863
463 986
464 538
465 489
465 512
465 574
465 724
465 744
465 887
466 567
466 615
467 763
467 854
468 625
468 753
468 877
468 945
469 540
469 646
469 815
469 870
470 564
470 599
470 611
470 653
471 561
471 669
471 805
472 487
472 807
472 920
472 995
473 540
473 564
473 684
473 758
473 810
473 859
473 894
473 946
474 710
474 727
475 622
475 675
475 901
476 745
476 777
476 779
477 532
477 950
478 588
479 632
479 719
480 601
480 786
480 929
481 985
483 491
483 851
483 887
483 948
484 835
484 893
484 943
485 510
485 615
485 979
485 988
486 706
486 956
487 500
487 632
487 884
487 973
488 751
488 933
489 570
489 792
489 810
489 895
490 512
490 561
490 601
490 661
490 742
490 816
491 775
491 996
492 562
492 956
494 619
494 860
495 622
495 798
495 799
495 804
495 863
495 918
496 585
497 726
497 839
497 988
498 651
498 725
498 845
498 882
499 686
499 771
499 805
499 825
500 722
500 746
500 757
500 934
500 982
501 537
501 720
501 815
502 801
502 941
502 967
503 776
503 777
503 868
503 987
504 631
504 918
505 549
505 860
505 934
506 656
506 743
507 912
507 945
508 734
508 964
508 979
509 524
509 644
510 580
511 732
511 947
512 670
512 900
512 958
513 799
513 978
513 991
514 601
514 762
514 909
515 613
515 805
515 877
516 546
516 701
516 724
517 670
518 602
518 845
518 983
519 781
519 817
521 636
521 673
523 642
523 684
523 916
524 629
524 705
524 734
524 798
524 802
524 885
524 906
525 602
525 777
525 948
526 680
526 684
526 706
526 765
526 992
527 605
527 730
527 807
527 869
528 579
528 598
529 586
529 589
529 612
529 672
529 969
530 622
530 862
531 591
531 849
531 940
532 616
532 679
532 992
533 836
533 857
534 722
534 759
534 994
535 899
536 591
536 878
536 893
537 606
537 998
538 637
538 659
538 795
538 816
539 651
539 735
539 909
539 924
540 615
540 663
541 595
542 710
542 730
543 587
543 636
543 755
543 986
544 601
544 723
544 864
544 882
544 912
544 996
545 614
545 766
545 945
546 676
546 816
547 561
547 761
548 593
548 697
548 889
550 819
551 588
551 640
551 647
551 974
553 829
553 915
554 629
555 575
555 618
555 776
555 935
556 756
556 798
556 881
557 559
557 671
557 749
558 624
558 626
558 658
558 728
559 865
559 907
560 695
560 719
560 739
560 807
560 972
561 903
561 912
561 944
563 729
563 821
563 822
563 892
564 768
565 587
565 591
565 635
565 714
565 815
566 859
566 924
567 648
567 781
567 784
567 954
567 995
567 996
568 974
569 657
569 742
569 920
570 585
570 592
570 629
570 832
570 897
571 686
571 764
571 823
571 858
571 949
572 574
572 839
572 871
572 964
572 993
573 757
573 833
573 979
574 831
574 926
574 949
575 581
576 577
576 630
576 910
577 709
577 771
577 837
578 639
578 865
578 987
579 764
580 879
581 620
581 654
583 713
584 664
584 748
584 783
584 874
585 747
585 906
586 600
586 826
586 856
586 876
587 855
587 878
588 601
588 732
589 831
589 873
590 705
590 897
590 950
591 966
592 653
592 819
592 835
592 966
593 675
593 888
593 897
594 657
594 672
594 855
594 880
595 623
595 666
595 707
595 813
596 873
596 890
597 711
597 944
598 635
598 727
598 821
599 754
599 850
599 858
599 859
600 878
600 934
601 611
601 723
601 742
601 948
602 952
603 674
603 692
603 722
604 679
604 832
605 900
606 998
607 809
607 960
608 655
608 808
608 842
609 666
609 828
610 753
610 799
611 648
611 657
611 932
612 618
612 675
612 764
613 622
613 626
614 624
614 662
614 900
615 792
615 839
615 869
615 932
616 649
616 759
616 986
617 626
618 626
618 679
618 884
619 743
619 764
619 786
619 934
620 622
620 734
620 817
621 739
621 787
622 770
622 848
622 890
623 624
624 695
625 906
626 628
626 778
626 885
627 821
628 700
628 778
628 988
629 685
630 847
631 674
631 699
631 816
631 921
632 815
632 978
634 679
634 711
634 840
636 673
636 946
636 991
637 870
638 695
638 774
641 792
642 920
643 676
643 750
643 783
643 888
643 936
644 660
644 827
644 861
644 923
644 991
644 994
645 833
646 726
646 906
646 907
648 730
648 991
649 723
650 882
651 682
651 711
651 778
651 860
651 895
652 765
653 687
653 872
654 660
654 666
654 809
654 890
655 659
655 717
655 856
655 959
657 668
657 838
657 950
658 941
659 718
659 740
659 987
661 746
661 834
661 903
661 946
662 759
663 747
663 893
665 971
666 673
666 785
666 921
666 933
666 963
667 686
667 704
668 679
669 866
670 674
670 726
672 673
672 814
673 814
673 867
674 842
675 749
675 893
675 969
676 708
676 757
678 865
678 877
679 843
680 732
680 780
680 956
681 765
681 802
682 719
682 790
682 841
682 891
683 805
683 895
684 700
684 938
684 977
686 957
687 720
687 964
687 970
688 692
688 943
688 987
690 719
690 841
690 961
691 774
691 895
692 715
692 876
692 985
693 793
693 816
693 819
694 889
694 930
695 772
695 869
695 901
696 787
696 850
696 864
697 798
697 815
697 957
698 745
698 765
698 956
698 975
703 904
703 925
704 927
705 761
705 773
705 807
705 923
705 937
707 726
708 828
708 990
708 991
709 736
709 971
710 744
710 779
710 787
711 720
711 792
711 821
711 911
712 955
713 744
713 973
716 717
716 805
716 924
717 849
717 954
718 843
718 932
718 964
720 794
720 811
720 938
722 821
722 892
723 748
723 968
724 833
724 846
724 865
726 751
726 793
726 824
727 917
728 803
728 866
728 918
728 936
730 774
731 926
732 809
732 898
732 925
733 982
733 991
734 840
734 918
735 781
735 850
736 846
737 901
737 921
738 739
739 796
739 838
739 851
740 759
740 885
741 861
742 825
744 852
744 920
745 750
745 953
746 808
749 887
749 987
751 787
751 864
753 755
753 947
756 796
756 858
756 918
756 921
756 968
757 935
758 825
758 992
759 989
760 882
760 995
761 962
762 917
763 944
764 864
765 889
767 839
768 783
768 935
768 937
769 869
770 848
771 944
772 827
772 872
774 789
775 959
776 907
777 837
778 903
778 990
779 946
780 951
780 984
781 907
783 998
784 819
784 938
784 959
785 956
786 889
787 964
788 994
790 945
793 879
793 945
794 841
794 908
795 805
795 886
796 952
801 832
801 939
802 843
802 909
803 814
804 825
804 891
804 959
805 879
806 946
807 917
807 977
808 929
809 815
809 837
809 863
809 868
809 988
810 911
810 990
810 995
811 846
812 908
815 829
815 962
816 854
816 918
819 968
820 851
820 925
822 916
824 839
824 938
824 961
825 860
827 860
827 868
827 920
829 975
830 836
830 963
831 841
831 929
832 929
832 972
836 936
837 999
838 938
839 943
842 845
844 898
847 896
848 997
850 932
852 892
852 917
854 866
855 877
855 904
855 994
856 938
856 977
857 858
857 888
858 941
858 974
859 920
859 961
862 973
863 940
863 976
864 908
864 926
867 889
867 987
868 893
874 906
874 972
875 966
876 904
881 892
883 999
888 949
890 939
892 952
892 989
894 985
895 955
897 990
898 901
900 976
902 957
905 953
907 937
908 951
909 999
910 926
913 923
913 979
914 917
915 933
915 977
916 970
916 989
916 998
918 994
920 990
922 945
923 993
925 944
926 928
927 954
928 959
931 959
934 962
936 967
938 939
938 997
939 974
941 976
943 956
955 991
962 966
971 993
974 990
980 993
993 998
