0 77
0 263
0 299
0 418
0 467
0 501
0 588
0 625
0 722
0 755
0 777
1 72
1 183
1 333
1 516
1 532
1 594
1 625
2 102
2 184
2 554
2 649
2 669
2 688
2 803
3 91
3 451
3 574
3 770
3 901
3 993
4 262
4 690
4 733
4 785
5 109
5 297
5 336
5 395
5 406
5 506
5 622
5 653
5 793
5 825
5 826
5 928
6 42
6 434
6 776
6 846
6 974
7 133
7 298
7 355
7 385
7 401
7 402
7 475
7 479
7 484
7 515
7 549
7 596
7 617
7 843
8 324
8 331
8 411
8 527
8 605
8 999
9 125
9 169
9 193
9 450
9 540
9 642
9 765
9 767
9 925
10 96
10 175
10 296
10 330
10 366
10 378
10 499
10 984
11 196
11 207
11 567
11 629
11 667
11 810
11 860
12 15
12 130
12 209
12 298
12 575
12 709
12 716
13 19
13 90
13 119
13 143
13 253
13 327
13 391
13 396
13 435
13 532
13 533
13 547
13 568
13 776
14 51
14 124
14 203
14 209
14 311
14 601
14 666
14 848
15 209
15 365
15 710
15 726
15 898
16 281
16 397
16 542
16 775
17 72
17 90
17 348
17 483
17 762
17 821
17 932
18 351
18 427
18 649
18 753
19 69
19 92
19 205
19 222
19 279
19 587
19 589
19 803
19 899
19 918
20 93
20 180
20 297
20 339
20 437
20 573
20 736
20 823
21 99
21 348
21 415
21 452
21 815
21 892
21 958
21 964
22 42
22 188
22 326
22 420
22 787
22 835
22 978
23 126
23 291
23 557
23 781
23 944
24 54
24 148
24 358
24 467
24 656
24 670
24 756
25 53
25 76
25 249
25 375
25 631
25 789
26 32
26 95
26 316
26 472
26 674
26 834
27 55
27 168
27 906
28 179
28 345
28 412
28 448
28 710
28 848
28 855
28 989
29 500
29 716
29 895
30 227
30 243
30 302
30 356
30 460
30 746
31 82
31 106
31 174
31 478
31 546
31 611
31 855
31 920
31 967
32 147
32 736
32 872
32 901
33 210
33 342
33 355
33 418
33 493
33 861
33 874
34 491
34 570
34 687
35 692
35 721
35 770
35 979
36 137
36 382
36 424
36 553
36 626
36 731
36 771
36 846
36 896
37 188
37 190
37 503
37 728
37 898
37 953
38 298
38 565
38 701
38 794
38 875
39 71
39 204
39 611
39 896
40 340
40 549
41 143
41 277
41 438
41 589
41 616
41 900
41 967
42 80
42 274
42 373
42 379
42 393
42 417
42 625
42 789
43 98
43 109
43 110
43 216
43 425
43 508
43 563
44 173
44 414
45 210
45 259
45 506
45 631
46 265
46 619
46 689
46 702
46 812
46 968
47 326
47 483
47 572
47 613
47 892
47 990
48 129
48 211
48 327
48 994
49 73
49 101
49 127
49 379
49 435
49 548
49 566
49 810
49 963
50 178
50 515
50 714
50 760
50 796
50 808
51 261
51 421
51 433
51 896
51 906
52 108
52 226
52 674
52 837
53 229
53 283
53 352
53 728
53 840
53 943
54 65
54 210
54 868
54 968
55 248
55 369
55 933
56 553
56 584
56 970
56 996
57 308
57 469
57 672
57 856
57 997
58 97
58 144
58 158
58 341
58 602
58 845
58 968
59 135
59 380
59 738
59 842
60 267
60 423
60 506
60 527
60 699
60 702
60 714
60 741
60 762
60 964
61 415
61 484
61 637
61 665
61 814
61 976
62 106
62 278
62 447
62 909
63 103
63 108
63 723
63 753
63 793
64 103
64 225
64 287
64 542
64 748
64 891
64 921
64 994
65 160
65 408
65 667
65 940
65 967
66 82
66 563
66 615
66 780
66 999
67 231
67 476
67 503
67 522
67 636
67 784
67 867
68 338
68 431
68 589
68 691
68 762
68 948
70 622
70 702
70 866
70 893
70 961
71 206
71 242
71 289
71 326
71 564
71 680
71 905
72 198
72 495
72 684
72 723
72 918
72 980
73 134
73 216
73 244
73 618
73 620
73 670
73 682
73 729
73 790
74 309
74 693
74 700
74 830
74 837
75 818
75 929
75 939
75 980
76 474
76 627
76 680
77 448
77 455
77 540
77 747
77 904
78 660
78 995
79 246
79 331
79 730
79 869
80 86
80 300
80 381
80 743
80 783
80 942
81 639
81 687
81 964
82 331
82 579
82 641
82 838
82 918
83 222
83 231
83 281
84 232
84 430
84 564
84 622
84 787
85 124
85 444
85 780
86 825
86 863
86 972
87 293
87 519
87 593
87 856
87 985
88 109
88 434
88 972
88 995
89 270
89 393
89 564
89 677
89 905
89 906
89 918
89 947
89 984
90 178
90 281
90 338
90 742
90 906
90 981
91 165
91 357
91 449
91 523
91 855
92 283
92 384
92 484
92 523
92 697
92 741
92 833
92 847
92 907
93 124
93 452
93 485
93 638
93 722
94 120
94 204
94 341
94 583
95 131
95 370
95 455
95 545
95 574
95 613
95 697
95 714
96 163
96 207
96 465
96 687
96 709
96 798
96 889
97 152
97 326
97 347
97 565
97 696
97 704
97 760
97 785
98 213
98 221
98 602
98 867
99 656
99 674
99 724
99 803
100 161
100 553
100 595
100 621
100 660
100 967
101 159
101 344
101 418
101 573
102 321
102 551
102 621
102 770
102 958
102 960
103 121
103 147
103 192
103 216
103 301
103 323
103 724
103 783
104 468
104 484
104 530
104 838
105 169
105 418
105 432
105 709
106 371
106 440
106 523
106 718
107 110
107 148
107 358
108 157
108 279
108 285
108 514
108 675
108 721
109 331
109 387
109 393
109 517
109 608
110 214
110 252
111 173
111 300
111 609
111 643
111 752
112 392
112 395
112 519
112 776
112 824
112 837
112 887
113 319
113 615
113 910
113 922
114 252
114 417
114 573
114 618
114 709
114 769
115 218
115 256
115 280
115 386
115 466
115 746
115 784
115 956
116 287
116 303
116 381
116 412
116 589
116 798
117 395
117 655
117 695
117 830
118 914
119 212
119 231
119 323
119 530
119 531
119 673
119 771
119 834
119 874
120 408
120 475
121 202
121 427
121 479
121 548
121 663
121 754
121 831
121 845
122 216
122 349
122 536
122 569
122 642
122 747
122 910
123 162
123 345
123 405
123 735
123 740
123 758
123 801
123 940
124 225
124 399
124 641
124 835
124 999
125 213
125 283
125 285
125 579
125 598
125 848
126 301
126 612
126 770
126 852
126 893
127 177
127 248
127 590
127 746
128 231
128 295
128 430
128 602
128 622
128 862
129 187
129 596
129 856
129 949
130 287
130 425
130 515
130 553
131 203
131 241
131 418
131 662
131 802
131 834
132 184
132 546
132 625
132 699
132 881
133 670
133 924
133 965
134 248
134 285
134 353
134 367
134 438
134 641
134 690
134 711
135 140
136 187
136 417
136 766
136 859
136 936
137 270
137 320
137 357
137 504
137 570
137 682
138 292
138 928
139 214
139 434
139 437
139 581
140 267
140 295
140 573
140 604
140 623
140 999
141 702
141 759
141 875
142 145
142 201
142 540
142 593
142 671
142 822
142 827
142 831
143 367
143 466
143 725
143 900
144 368
144 423
144 512
144 730
144 846
144 868
145 506
146 229
146 502
146 553
146 649
146 684
146 689
146 995
147 216
147 266
147 481
147 564
147 654
147 836
148 185
148 275
148 307
148 347
148 473
148 506
148 722
148 723
148 909
148 910
148 915
149 225
149 354
149 890
149 906
149 995
150 504
151 577
151 600
151 616
151 912
151 962
152 360
152 402
152 423
152 675
152 676
152 677
152 828
153 342
153 457
153 492
153 526
153 529
153 622
153 659
154 267
154 539
154 674
154 749
154 780
154 978
155 247
155 281
155 294
155 362
155 511
155 568
155 718
155 816
155 976
156 281
156 379
156 403
156 452
156 576
156 876
157 380
157 492
157 596
157 818
157 923
158 177
158 270
158 304
158 467
158 564
158 579
158 684
158 753
158 834
159 191
159 204
159 901
159 931
159 948
160 401
160 556
160 611
161 463
161 710
161 747
161 777
161 926
162 430
162 564
163 487
163 564
163 801
163 815
163 822
164 253
164 310
164 314
164 460
164 553
164 555
165 213
165 225
165 355
165 369
165 583
165 710
166 391
166 428
166 529
167 380
167 774
167 819
167 856
167 953
167 959
167 965
168 270
168 506
168 703
168 709
168 738
169 284
169 398
169 459
169 708
169 915
169 954
170 263
170 274
170 313
170 478
170 490
170 561
170 853
170 883
171 723
171 726
171 794
171 802
172 457
172 467
172 486
173 195
173 237
173 365
173 390
173 444
173 466
173 780
173 860
174 192
174 205
174 345
174 394
174 821
175 229
175 316
175 742
175 846
176 293
177 219
177 499
177 662
177 751
177 977
178 263
178 292
178 500
178 550
178 611
178 715
178 893
178 906
179 480
179 737
179 823
179 827
180 212
180 335
180 359
180 394
180 602
180 719
180 840
180 849
181 604
181 607
181 751
181 808
181 997
182 279
182 470
182 474
182 624
182 775
182 776
183 222
183 482
183 571
183 802
183 864
183 898
184 398
184 758
185 236
185 489
185 595
185 689
185 716
186 339
186 422
186 690
187 493
187 742
187 866
187 991
188 234
188 609
188 620
188 800
188 957
188 982
189 634
189 716
189 725
189 985
190 377
190 439
190 446
190 494
190 606
190 683
190 845
191 216
192 245
192 268
192 508
193 200
193 319
193 351
193 829
193 904
193 981
194 390
194 557
194 734
194 884
195 216
195 243
195 308
195 313
195 329
195 594
195 642
195 768
195 804
196 521
196 677
196 764
196 992
197 229
197 445
198 214
198 751
198 755
198 833
199 232
199 244
199 367
199 569
199 662
199 676
199 754
199 873
199 921
200 243
200 367
200 688
200 907
201 504
201 759
201 898
202 512
202 834
202 961
203 236
203 446
203 605
204 292
204 469
204 633
204 844
205 282
205 503
205 893
206 584
206 938
207 878
208 380
208 567
208 592
208 674
208 798
208 970
209 348
209 653
209 748
209 757
209 842
209 850
209 901
210 734
210 863
210 875
210 907
211 304
212 227
212 359
212 651
212 838
213 505
213 945
214 374
214 401
214 440
214 487
214 500
214 913
214 962
215 254
215 313
215 453
215 484
215 585
215 596
216 220
216 314
216 703
217 314
217 938
218 266
218 287
218 526
218 531
218 912
218 996
219 595
219 618
219 733
219 741
219 773
219 906
220 232
220 449
220 450
220 451
220 702
220 703
220 918
221 358
221 604
221 645
221 673
221 701
221 730
221 830
222 314
222 668
222 733
223 437
223 719
223 721
223 803
223 934
224 263
224 294
224 436
224 527
224 634
224 691
224 761
225 325
225 460
225 515
225 815
226 264
226 319
226 438
226 755
227 421
227 858
228 415
228 531
228 672
228 781
229 260
229 364
229 421
229 459
229 481
229 658
229 786
229 818
229 895
230 231
230 382
230 492
230 685
230 896
231 631
232 489
232 705
232 728
232 831
233 269
233 315
233 372
233 457
233 667
233 726
233 779
233 810
233 857
234 487
235 309
235 387
235 400
235 596
236 715
236 778
236 867
237 253
237 288
237 443
237 520
237 526
237 651
237 842
238 261
238 387
238 407
238 436
238 777
238 971
239 507
239 694
239 718
239 723
239 757
240 273
240 498
240 748
240 977
240 984
241 501
241 596
241 636
241 743
241 880
241 950
242 504
242 624
243 302
243 327
243 549
243 905
244 359
244 369
244 443
244 491
244 541
244 804
245 351
245 612
245 652
245 799
245 868
246 292
246 318
246 381
246 497
246 549
246 577
246 659
247 266
247 374
247 626
247 688
247 749
248 497
248 603
248 687
248 953
249 691
249 753
250 334
250 658
250 822
251 381
251 396
251 459
251 669
251 973
252 349
252 371
252 388
252 401
252 503
252 509
252 565
252 763
252 991
253 286
253 325
253 377
253 711
253 835
253 996
254 467
254 548
254 681
255 399
255 588
255 614
255 651
255 777
256 269
256 307
256 317
256 486
256 515
256 578
256 966
257 398
257 469
257 629
257 817
257 845
257 919
258 371
258 473
258 673
258 686
258 948
259 496
259 754
259 772
259 913
260 263
260 386
260 717
260 838
260 881
261 352
261 511
261 554
261 710
261 760
261 873
261 991
262 507
262 549
262 607
262 726
262 874
263 529
263 765
263 796
263 889
263 915
263 916
264 836
264 871
264 973
265 372
266 539
266 564
266 602
266 814
266 863
267 427
267 488
268 579
268 852
268 986
269 323
269 638
269 673
269 787
270 737
271 670
271 695
271 698
271 766
271 925
271 930
272 404
272 899
273 361
273 531
273 535
273 724
273 816
273 900
274 654
274 910
274 996
275 504
275 607
276 490
276 536
276 557
276 573
276 684
276 740
277 444
277 606
277 724
277 734
277 966
278 489
278 564
278 741
278 778
278 923
279 367
279 636
279 644
279 758
279 772
280 306
280 330
280 624
280 723
280 936
280 973
280 988
281 475
282 370
282 554
282 706
282 839
283 747
283 883
283 923
284 535
284 882
284 937
285 412
285 605
285 724
285 780
285 805
286 318
287 308
287 514
287 646
287 959
288 501
288 593
288 636
289 295
289 309
289 395
289 511
289 521
289 584
289 813
290 317
290 741
290 799
291 304
291 538
291 935
292 320
292 415
292 467
292 534
293 401
293 460
293 485
293 717
293 881
293 962
294 321
294 422
294 547
294 723
295 318
295 401
295 437
295 549
295 817
295 985
296 310
296 418
296 552
296 819
296 950
297 370
297 409
297 904
297 949
298 678
298 709
298 909
299 434
299 729
299 769
299 869
299 910
299 924
299 945
300 310
300 430
300 489
300 755
300 830
301 501
301 803
301 937
302 577
302 612
302 683
302 917
303 760
303 977
304 644
304 672
304 717
304 763
305 377
306 483
306 564
306 605
307 582
307 956
308 316
308 359
309 634
309 694
309 818
309 891
310 312
310 322
310 561
310 591
310 611
310 924
310 990
311 475
312 563
312 654
312 786
313 371
313 665
314 369
314 414
314 540
314 728
314 831
314 832
314 888
315 323
315 501
315 972
316 410
316 590
316 759
316 783
316 815
316 959
316 989
317 335
317 553
317 751
317 793
317 900
318 446
318 697
319 367
319 385
319 854
320 521
320 539
320 589
320 679
320 983
321 457
321 490
322 569
322 744
322 978
323 688
324 683
324 729
324 886
324 995
325 891
325 932
326 347
326 370
326 442
326 480
326 515
326 549
326 987
327 392
327 685
327 788
327 800
327 808
328 432
328 449
328 986
329 390
329 431
329 750
329 795
329 849
329 956
330 414
330 511
330 960
331 548
331 611
331 694
331 702
331 998
332 409
332 436
332 546
332 770
333 646
333 845
333 919
334 353
334 475
334 959
335 341
335 439
335 662
335 714
336 530
336 715
336 758
336 893
337 367
337 648
337 706
337 720
337 786
338 355
338 605
338 634
339 427
339 805
339 949
340 873
340 893
340 950
341 459
341 593
341 630
341 699
341 763
341 804
341 805
341 844
341 961
342 404
342 453
342 575
342 665
342 670
342 819
343 461
343 541
343 596
343 675
343 892
343 988
344 348
344 524
344 633
344 697
344 747
344 788
344 793
344 947
345 385
345 909
346 623
346 678
346 808
346 861
346 884
347 753
347 825
349 620
349 919
349 952
350 401
350 405
350 490
350 651
350 699
350 912
350 947
350 966
351 590
351 684
352 375
352 584
352 756
353 606
353 736
353 757
353 782
353 859
354 473
354 685
354 748
354 874
354 928
354 934
354 942
355 424
355 472
356 695
356 724
356 913
357 512
357 675
357 731
357 808
357 900
357 928
357 972
358 403
358 442
358 639
358 768
358 893
358 991
359 429
359 508
359 863
360 394
360 562
360 580
360 668
360 684
360 786
360 800
360 971
361 734
361 764
361 862
362 409
362 530
362 718
362 930
363 524
363 830
364 376
364 856
365 397
365 413
365 458
365 516
366 445
367 738
367 758
367 940
368 552
368 668
368 767
368 928
369 635
369 701
369 904
369 918
369 931
369 959
370 614
371 416
371 839
371 941
371 965
372 436
372 503
372 504
373 443
373 474
373 835
373 979
374 619
374 747
374 752
374 793
374 919
374 963
375 408
375 441
375 539
375 631
375 725
375 754
376 418
376 773
377 397
377 652
377 757
377 855
377 936
378 494
378 798
378 992
379 508
379 846
380 386
380 467
380 531
380 587
380 759
380 953
381 491
381 903
381 940
382 685
382 777
383 390
383 765
383 919
383 997
384 387
384 388
384 571
384 580
384 586
384 591
384 660
384 886
385 534
385 628
385 807
385 824
385 885
386 533
386 608
386 730
386 832
387 461
387 510
387 652
387 728
387 761
387 838
387 944
388 443
388 970
389 535
389 574
389 676
389 707
389 906
390 660
390 897
391 444
391 700
391 937
392 463
392 507
392 781
393 409
393 450
393 523
393 621
393 830
393 905
394 466
394 570
395 531
395 836
395 838
396 478
396 802
397 607
398 422
398 465
398 499
398 838
399 453
399 481
399 587
399 596
399 701
400 476
400 639
400 872
400 899
401 437
401 447
401 845
402 686
402 860
402 897
402 932
403 488
403 802
404 488
404 622
404 728
404 841
405 530
405 597
405 828
406 500
406 581
406 765
406 776
406 791
406 816
406 989
407 472
407 513
407 583
407 592
407 638
407 868
407 945
408 414
408 708
408 947
409 417
409 622
409 646
409 806
409 947
410 685
410 750
411 556
411 561
411 834
411 925
411 948
412 478
412 884
413 451
413 473
413 523
413 543
413 686
413 834
414 577
414 859
414 886
414 936
415 416
415 530
415 614
415 656
415 687
415 757
416 469
416 540
416 621
416 654
416 664
416 714
416 771
417 501
417 506
417 676
417 788
418 444
418 480
418 780
418 975
419 559
419 713
419 765
419 773
420 471
420 761
421 547
421 692
421 784
421 846
422 579
422 676
422 731
422 882
423 904
424 647
425 584
425 809
425 861
426 490
426 594
426 728
426 849
427 515
427 533
427 575
427 674
427 778
428 486
428 623
428 732
428 789
428 858
428 992
429 498
429 810
430 461
430 638
430 795
430 833
430 928
430 952
431 633
431 799
431 946
431 952
432 738
432 795
432 831
432 906
433 652
433 785
433 839
434 602
434 622
434 783
434 849
434 986
434 988
435 673
435 728
435 773
436 499
436 553
437 439
437 569
437 621
437 706
437 831
438 456
438 627
438 765
438 852
438 921
439 501
439 502
439 972
440 528
440 545
440 557
440 721
440 785
441 573
441 677
441 831
441 996
442 644
442 825
443 746
443 805
443 853
444 501
444 512
445 617
445 622
445 732
446 593
446 881
446 929
447 551
447 572
447 982
448 584
448 703
448 918
448 929
449 491
449 520
449 604
450 486
450 689
450 863
450 902
450 924
450 973
451 482
451 721
451 805
451 997
452 554
452 676
452 723
452 819
452 971
453 469
453 624
453 810
454 459
454 518
454 534
454 755
454 757
454 797
454 861
454 905
455 629
455 673
455 709
455 851
455 921
456 887
456 937
457 857
458 466
458 504
458 569
458 642
458 695
458 701
458 706
458 796
458 893
459 578
459 695
460 597
460 614
460 995
461 560
461 856
461 859
462 503
462 507
462 546
463 487
463 528
463 638
463 678
463 695
464 491
464 514
464 867
464 994
465 847
465 955
465 972
466 746
467 672
467 832
468 506
468 577
468 677
469 473
469 530
469 724
469 903
469 989
470 485
470 549
470 839
470 904
471 647
471 724
471 732
471 861
471 929
471 946
472 662
472 940
472 946
473 487
473 736
473 786
473 863
474 538
474 635
474 855
474 915
474 936
475 521
475 706
475 837
476 533
476 719
477 524
477 576
477 629
477 797
477 921
478 960
479 685
479 724
479 939
480 669
480 757
480 837
481 554
481 612
481 829
482 687
482 735
482 841
482 852
483 602
483 889
484 526
484 767
484 988
485 559
485 675
485 906
486 577
486 649
486 661
486 808
486 912
488 631
488 649
488 723
489 535
489 701
489 996
490 527
490 733
490 744
490 763
490 848
490 854
491 641
491 682
491 875
492 536
492 976
493 933
494 547
494 773
495 517
495 571
495 735
495 798
496 585
496 851
497 606
497 749
497 862
498 718
498 754
498 785
498 818
498 872
499 552
499 622
499 661
499 673
499 699
500 529
500 685
500 830
500 831
500 995
501 552
501 837
502 524
502 582
502 626
502 940
503 654
503 670
503 675
503 870
503 901
504 677
504 741
504 873
505 563
505 570
505 572
505 573
505 661
505 919
505 926
505 946
506 634
507 519
507 538
507 727
507 767
507 775
508 646
509 797
509 894
510 558
510 641
512 527
512 951
513 683
513 703
513 906
514 587
514 618
514 648
514 738
514 744
514 989
516 622
516 872
516 884
516 940
517 533
518 781
518 915
518 918
518 951
519 658
520 633
520 721
520 944
521 572
521 578
521 767
521 776
522 912
522 954
523 655
523 829
523 861
524 613
524 648
524 771
524 889
525 587
525 698
525 749
525 917
525 937
526 711
526 958
527 772
527 989
527 990
528 609
528 769
528 790
529 542
529 654
529 981
529 990
530 660
530 781
531 608
531 680
531 889
532 823
532 908
533 562
533 575
533 672
533 722
533 871
534 571
534 580
534 793
534 809
534 884
535 589
535 592
535 644
535 723
535 735
536 648
536 675
536 764
536 773
536 997
537 673
537 689
537 776
537 875
537 940
537 948
538 578
538 772
539 559
539 677
539 683
539 864
540 542
540 663
540 692
540 855
540 914
541 902
542 574
542 747
542 760
542 809
542 845
543 570
543 589
543 864
544 896
545 630
545 695
545 835
546 557
546 706
546 727
547 642
547 853
547 875
548 983
549 652
549 682
549 881
549 955
551 700
551 916
552 868
553 773
554 743
554 899
555 864
556 961
556 985
557 594
557 648
557 649
557 985
558 631
558 728
558 795
558 798
559 670
559 709
559 740
560 934
561 778
561 869
562 605
562 858
564 730
564 764
565 767
565 975
566 907
566 987
567 799
567 875
567 970
568 626
568 665
568 680
568 724
568 941
569 718
569 759
569 881
569 886
570 712
570 861
570 926
570 955
571 601
571 736
571 815
571 946
572 642
572 710
572 793
572 795
572 798
573 771
575 640
575 704
575 711
575 775
575 975
576 822
576 860
576 952
576 956
576 967
576 986
577 661
577 787
578 999
579 699
579 791
579 933
580 792
580 811
580 999
581 788
582 669
582 733
582 852
583 642
583 996
585 770
586 707
587 616
587 963
588 632
588 996
589 768
590 653
590 882
591 664
591 879
593 646
593 737
594 732
595 698
595 714
595 721
596 936
597 624
599 613
599 627
599 728
599 913
601 817
603 691
603 750
604 944
605 761
605 929
606 824
607 619
607 956
608 812
608 828
608 997
609 619
609 993
610 630
610 876
611 675
611 899
612 639
612 973
613 614
614 747
614 828
614 842
614 865
615 747
615 851
615 872
615 939
616 706
616 804
618 620
618 811
618 891
620 649
620 654
620 894
621 743
621 929
622 697
622 816
622 863
622 876
622 958
623 644
623 838
623 923
623 925
624 680
625 663
625 908
625 922
626 646
626 947
627 656
629 987
630 705
630 720
630 772
631 638
631 758
632 707
632 712
632 783
633 682
633 746
633 870
633 881
634 744
634 839
634 990
635 845
636 935
636 937
637 706
637 887
637 893
638 857
638 941
639 795
639 963
640 641
640 730
641 834
641 872
641 879
642 727
643 863
644 647
645 989
646 767
647 649
647 653
647 657
647 845
649 800
649 902
650 723
650 905
651 847
652 681
652 916
653 790
653 875
653 972
654 759
655 726
655 850
655 913
655 980
656 803
656 818
656 881
657 805
657 855
657 879
658 738
658 781
658 823
659 858
659 862
660 693
660 765
660 842
660 928
660 966
661 887
661 966
662 752
662 809
663 675
663 711
663 754
663 877
664 671
664 862
664 865
665 863
665 963
666 705
666 818
666 873
666 961
666 986
667 818
667 847
667 932
668 716
669 707
669 850
669 945
670 727
671 754
671 808
671 865
671 875
672 799
672 891
672 900
672 993
673 927
673 955
674 953
675 775
675 809
676 686
676 764
676 858
677 921
678 788
678 950
678 959
679 804
680 707
680 978
680 995
681 947
682 796
685 703
685 729
685 847
685 884
686 756
686 820
687 721
687 984
688 838
688 844
689 866
689 883
690 767
691 810
691 970
692 757
692 815
692 841
692 956
693 700
693 788
693 808
693 838
693 937
694 752
694 849
694 858
696 891
696 942
697 738
697 754
697 877
698 920
699 718
699 874
700 731
700 792
700 823
700 925
700 930
701 717
701 792
701 894
702 858
702 949
703 952
703 982
704 722
705 746
705 810
705 831
706 858
708 749
708 779
708 805
708 947
708 965
709 859
713 900
713 958
714 738
714 919
714 937
716 933
717 873
720 741
720 933
722 867
722 931
723 747
723 805
723 876
727 861
727 883
728 741
728 828
728 894
729 739
729 750
729 890
732 790
734 968
736 949
737 910
737 985
738 870
740 913
741 801
743 799
744 952
745 956
746 935
746 991
747 810
747 902
747 930
747 979
748 766
749 809
749 829
749 830
749 897
750 843
751 808
751 969
752 908
753 804
755 916
756 781
756 817
756 830
756 886
756 936
757 899
758 796
759 852
759 914
760 787
763 784
763 816
763 831
763 874
763 941
764 937
765 818
765 859
765 975
766 845
768 777
768 895
770 837
770 886
771 797
771 887
772 809
772 819
772 829
773 874
773 968
774 806
775 794
775 847
775 862
776 930
778 803
780 855
780 992
781 893
782 943
784 897
784 995
785 820
786 806
786 830
787 810
787 996
789 898
790 940
791 793
791 808
791 971
791 983
793 846
793 998
794 982
795 982
797 884
797 998
800 972
801 892
802 885
802 907
803 942
803 987
805 858
805 872
805 993
806 928
807 917
808 867
809 923
810 873
810 883
811 830
812 865
812 868
814 923
815 825
816 912
818 894
819 873
819 923
819 933
819 958
820 962
821 892
821 995
822 891
824 827
827 999
828 975
829 836
829 951
830 877
830 921
831 937
831 947
832 874
832 923
832 979
835 958
835 969
837 878
837 998
838 861
838 868
838 906
838 980
839 885
839 892
839 936
839 959
845 986
848 892
848 895
849 961
850 907
851 984
853 961
856 894
857 929
859 964
861 921
867 900
867 927
867 948
868 922
869 896
869 918
871 898
874 922
878 927
879 902
881 971
881 987
882 902
883 930
883 933
887 973
888 963
891 901
896 910
896 986
898 992
901 936
901 947
902 969
903 944
906 993
908 964
908 992
908 996
910 965
910 977
911 928
911 932
911 945
913 926
916 917
919 993
920 953
921 978
922 945
922 957
925 984
928 963
930 931
930 956
931 977
934 970
937 958
941 948
941 986
942 960
947 983
948 971
955 960
956 957
962 991
963 979
966 970
968 977
968 993
985 989
