0 361
0 706
0 956
1 57
1 273
1 715
1 901
1 929
1 942
1 956
2 81
2 285
2 318
2 497
2 525
2 701
3 62
3 306
3 385
3 544
3 624
3 659
3 800
3 856
3 989
4 40
4 385
4 423
4 459
4 504
4 595
4 684
4 857
4 963
5 253
5 533
5 645
5 692
5 788
5 813
5 825
6 254
6 424
6 471
6 543
6 979
7 110
7 366
7 562
7 827
7 966
7 979
8 77
8 421
8 537
8 578
9 88
9 146
9 217
9 339
9 357
9 437
9 718
10 894
10 992
11 154
11 285
11 393
11 419
11 988
12 29
12 482
12 694
12 841
13 284
13 559
13 800
13 802
14 15
14 33
14 79
14 252
14 256
14 313
14 489
14 724
15 282
15 893
16 150
16 327
16 392
16 449
16 476
16 729
16 988
17 31
17 77
17 136
17 326
17 354
17 549
17 773
17 814
17 921
17 960
18 41
18 90
18 431
18 504
18 564
18 650
19 266
19 311
19 572
19 587
19 752
19 781
20 96
20 423
20 651
20 701
20 859
21 93
21 140
21 573
21 576
21 577
21 705
21 710
21 730
21 871
21 965
21 976
22 78
22 673
22 795
22 836
22 868
23 195
23 338
23 376
23 513
23 515
24 86
24 109
24 343
24 363
24 365
24 532
24 539
24 671
25 91
25 111
25 126
25 453
25 566
25 578
25 579
25 599
25 614
26 220
26 267
26 348
26 835
26 879
26 941
27 87
27 141
27 368
27 563
27 660
27 687
27 714
28 540
28 697
29 488
29 541
29 832
29 834
30 46
30 161
30 182
30 376
30 530
30 592
30 640
30 717
30 825
30 953
31 49
31 194
31 282
31 556
31 600
31 674
31 806
31 822
31 897
31 906
32 80
32 977
33 447
33 708
33 797
33 936
34 200
34 704
34 845
34 854
35 39
35 171
35 252
35 314
35 569
35 823
36 92
36 170
36 273
36 276
36 463
36 499
36 625
36 859
37 179
37 284
37 410
37 436
37 485
37 570
37 764
38 417
38 450
38 602
38 635
38 678
38 855
39 326
39 638
39 719
39 765
39 768
39 847
40 127
40 208
40 295
40 301
41 65
41 191
41 472
41 735
41 767
42 107
42 159
42 240
42 556
42 767
42 900
43 61
43 241
43 332
43 760
43 856
44 179
44 190
44 195
44 446
44 603
44 746
44 772
44 875
44 942
45 139
45 284
45 301
45 560
45 697
45 752
46 233
46 261
46 346
46 432
46 466
46 500
46 543
46 938
47 178
47 463
47 739
47 790
47 840
47 927
48 127
48 260
48 349
48 551
48 583
48 781
48 959
48 997
49 60
49 173
49 291
49 741
49 745
49 890
50 149
50 194
50 198
50 200
50 228
50 516
50 532
50 588
50 696
50 789
50 986
51 149
51 313
51 348
51 857
51 858
51 862
51 960
52 317
52 395
52 419
52 434
52 561
52 604
52 617
52 642
52 746
52 966
53 134
53 315
53 443
53 509
53 790
54 278
54 534
54 587
54 854
54 883
55 336
55 602
55 642
55 692
56 213
56 327
56 367
56 572
56 988
57 307
57 314
57 434
57 587
57 639
57 981
58 178
58 263
58 474
58 491
58 496
58 585
58 769
58 772
58 830
58 853
58 932
59 65
59 238
59 738
59 739
59 809
60 134
60 440
60 802
61 75
61 77
61 309
61 568
61 657
61 686
61 827
62 72
62 103
62 476
62 504
62 649
62 924
62 992
63 146
63 165
63 372
63 429
63 478
63 763
63 781
63 802
63 837
63 959
63 976
64 491
64 786
65 268
65 409
65 422
65 683
65 930
66 123
66 459
66 536
66 717
66 762
66 895
67 162
67 194
67 284
67 372
67 421
68 146
68 221
68 549
68 564
68 783
69 319
69 453
69 537
69 657
69 659
69 736
69 741
69 802
69 845
70 122
70 331
70 345
70 564
70 591
70 755
71 661
72 174
72 401
72 617
72 702
72 747
72 758
73 154
73 353
73 474
73 771
74 120
74 278
74 318
74 388
74 396
74 407
75 151
75 253
75 454
75 481
75 654
75 765
75 795
75 879
76 133
76 473
76 948
76 958
77 207
77 859
77 989
77 994
78 232
78 513
78 854
78 974
79 262
79 313
79 401
79 920
80 118
80 598
80 858
81 425
81 433
81 459
81 670
81 681
81 696
81 956
82 513
82 608
82 652
82 849
83 190
83 251
83 384
83 468
83 663
83 692
83 723
84 118
84 419
84 458
84 497
84 576
84 853
85 546
85 767
85 774
85 847
85 889
86 458
86 586
86 816
86 906
86 953
87 175
87 653
87 682
87 723
87 931
87 969
88 90
88 246
88 255
88 419
88 451
88 454
88 580
88 587
88 696
88 904
88 929
89 196
89 318
89 375
89 577
89 603
89 614
89 777
89 816
90 113
90 130
90 242
90 374
90 493
90 560
90 791
90 909
91 389
92 332
92 461
92 527
92 630
92 719
92 803
92 988
93 152
93 153
93 285
93 446
93 767
93 896
94 126
94 368
94 686
94 700
94 764
94 776
94 810
94 899
94 960
95 112
95 115
95 494
95 505
95 565
95 676
95 702
95 878
96 112
96 309
96 568
96 631
97 311
97 668
97 720
98 133
98 248
98 393
98 491
98 557
98 801
98 908
99 200
99 249
99 278
99 883
100 308
100 408
100 666
100 693
101 224
101 233
101 386
101 767
101 802
101 863
101 904
101 905
101 912
101 939
102 104
102 188
102 243
102 422
102 580
103 196
103 221
103 259
103 404
103 463
103 529
103 637
103 690
103 733
103 904
103 922
104 107
104 111
104 259
104 426
104 552
104 866
104 896
105 227
105 362
105 483
105 600
105 968
106 235
106 448
106 640
106 769
106 887
106 955
107 150
107 297
107 342
107 436
107 632
107 845
107 881
107 903
107 981
108 334
108 453
108 722
108 742
109 163
109 186
109 187
109 192
109 598
109 661
110 177
110 212
110 225
110 437
110 630
111 481
111 594
111 723
111 787
112 358
112 587
112 737
112 874
112 878
112 944
113 153
113 385
113 647
113 759
113 922
113 984
114 574
114 768
114 899
114 978
115 238
115 247
115 712
115 778
115 895
115 985
116 221
116 416
116 627
116 805
117 414
117 486
117 505
117 878
118 119
118 425
118 440
118 673
118 718
118 781
118 835
119 155
119 259
119 278
119 320
119 658
120 204
120 258
120 268
120 306
120 515
120 827
120 856
120 897
121 268
121 590
121 976
122 185
122 230
122 262
122 364
122 687
122 944
123 169
123 409
123 503
123 631
123 680
123 787
124 165
124 223
124 568
124 771
125 154
125 371
125 456
125 606
125 646
125 712
125 727
125 764
125 919
126 154
126 677
126 858
126 935
127 135
127 428
127 776
127 813
127 816
127 895
127 906
127 971
127 975
127 976
128 344
128 395
128 489
128 661
128 673
129 274
129 605
129 704
129 735
129 786
129 838
129 969
130 253
130 468
130 506
130 581
130 794
130 911
131 377
131 494
131 820
131 852
131 948
131 967
132 274
132 593
132 755
132 759
132 928
133 179
133 364
133 546
134 175
134 246
134 591
134 845
134 882
134 931
135 393
135 454
135 540
135 650
135 701
135 793
135 824
135 854
136 426
136 469
136 506
136 587
136 600
136 610
136 657
136 784
136 834
137 418
137 543
137 692
137 892
138 317
138 372
138 413
138 464
138 572
139 174
139 305
139 382
139 415
139 421
139 820
139 829
139 997
140 183
140 330
140 590
140 612
140 701
140 711
141 217
141 236
141 238
141 244
141 484
141 489
141 522
141 895
141 943
142 416
142 478
142 853
142 959
142 993
143 160
143 411
143 412
143 583
143 672
143 786
143 834
143 858
144 227
144 530
144 549
144 728
145 214
145 384
145 542
145 547
145 723
145 898
145 903
145 976
146 202
146 277
146 322
146 425
146 986
147 176
147 200
147 335
147 462
147 619
147 631
147 638
147 777
147 833
147 930
147 948
148 218
148 280
148 282
148 610
148 762
148 803
149 367
149 375
149 555
149 707
149 787
149 925
150 444
150 742
151 534
151 615
151 772
151 858
152 211
152 246
152 363
152 639
152 777
152 864
152 894
152 903
152 918
152 950
153 160
153 267
153 498
153 525
153 983
154 482
154 562
154 594
154 683
154 706
154 989
155 298
155 387
155 390
155 654
155 766
155 949
155 982
156 174
156 449
156 560
157 178
157 256
157 509
157 719
157 785
157 835
157 855
157 867
158 427
158 543
158 781
158 863
158 950
158 974
159 326
159 473
159 709
159 803
159 980
160 331
160 482
160 533
160 634
160 843
160 923
161 415
161 510
162 301
162 490
162 559
162 565
162 605
162 753
162 891
163 420
163 423
163 495
163 507
163 685
163 717
163 851
163 905
164 636
164 693
164 720
164 727
164 739
164 881
164 901
164 975
165 532
165 716
165 937
166 204
166 245
166 467
166 549
166 968
167 421
167 474
167 543
167 895
167 916
167 959
168 306
169 221
169 250
169 319
169 323
169 809
169 993
170 476
170 579
170 708
170 711
170 863
171 639
171 708
171 831
171 998
172 228
172 630
172 674
172 709
172 718
172 997
173 481
173 544
173 546
173 776
174 182
174 501
174 909
175 417
175 448
175 807
175 875
176 301
176 548
176 966
177 420
177 462
177 489
177 745
177 753
177 804
177 884
178 257
178 443
178 461
178 793
178 873
179 236
179 334
179 582
180 211
180 503
180 574
180 698
180 946
181 295
181 632
181 766
181 841
181 933
181 954
182 214
182 267
182 609
182 661
182 672
182 856
182 858
182 892
182 971
183 189
183 780
183 987
184 536
184 558
184 622
184 765
184 849
184 929
184 956
184 959
185 200
185 239
185 240
185 248
185 371
185 418
185 811
186 858
187 236
187 412
188 467
188 479
188 525
188 742
188 823
188 864
188 925
189 705
189 736
189 892
190 369
190 374
190 531
190 780
190 899
191 426
191 555
192 252
192 289
192 607
192 695
192 808
193 196
193 444
193 488
193 561
193 585
193 617
193 706
193 734
194 214
194 324
194 363
194 892
195 638
195 985
196 256
196 428
196 678
196 768
196 813
196 826
196 888
197 348
197 409
197 479
197 614
197 736
197 966
198 444
198 602
198 700
198 765
198 830
198 852
198 994
199 475
199 575
199 754
199 963
200 227
200 361
200 959
201 248
201 348
201 410
201 428
201 674
201 830
201 871
202 267
202 364
202 750
202 787
202 991
203 245
203 370
203 466
203 475
203 733
203 872
203 883
203 949
203 967
203 970
204 253
204 271
204 369
204 582
204 630
204 863
204 992
205 231
205 247
205 252
205 297
205 337
205 442
205 473
205 524
205 654
205 794
205 918
206 587
206 849
207 493
207 523
207 956
208 432
208 527
208 610
208 620
208 723
208 873
208 979
209 435
209 464
209 580
210 973
211 242
211 321
211 573
211 590
211 696
211 939
212 735
212 787
212 851
212 973
213 242
213 269
213 867
213 919
214 259
214 268
214 286
214 331
214 621
214 760
214 777
215 571
215 579
215 605
215 700
216 254
216 680
216 952
216 955
217 326
217 574
217 756
217 898
217 992
218 690
218 898
218 923
218 977
219 312
219 673
219 826
220 244
220 334
220 429
220 512
220 522
220 898
221 399
221 417
221 472
221 497
221 649
221 715
221 833
221 921
221 948
222 241
222 351
222 400
222 436
222 511
222 584
222 778
222 887
222 906
222 935
222 977
223 454
223 542
223 709
223 827
223 840
223 910
224 589
224 797
224 887
224 893
224 901
224 947
225 317
225 500
225 561
225 602
225 879
225 896
225 927
226 408
226 564
226 653
226 991
227 280
227 656
227 945
228 258
228 467
228 611
228 619
228 679
228 696
228 782
228 831
229 275
229 339
229 377
229 403
229 501
229 553
230 335
230 993
231 243
231 289
231 291
231 332
231 371
231 840
231 960
232 422
232 461
232 573
232 723
232 977
233 378
233 448
233 518
233 583
233 767
234 414
234 514
234 785
234 882
235 389
235 475
235 484
235 554
235 557
235 601
235 637
236 381
236 564
236 648
236 735
237 302
237 394
237 471
237 636
237 708
237 989
238 454
238 704
238 739
238 772
238 829
238 955
239 418
239 857
239 958
240 302
240 669
240 715
241 321
241 416
241 539
241 684
241 969
241 989
242 292
242 495
242 544
242 795
242 989
243 255
243 343
243 406
243 557
243 583
244 356
244 418
244 671
244 825
245 420
246 335
246 336
246 543
246 654
246 665
246 695
246 859
247 273
247 493
247 534
247 552
247 723
247 969
248 423
248 467
248 731
249 309
249 322
249 393
249 408
249 874
250 511
250 701
250 774
250 915
250 932
250 948
251 666
251 812
251 818
251 917
251 974
252 395
252 549
252 695
252 814
252 975
253 320
253 523
253 589
253 885
253 904
254 379
254 570
254 595
255 626
255 958
256 707
256 974
257 344
257 782
258 474
258 782
258 853
259 599
259 892
260 492
260 503
260 620
260 734
260 832
261 707
261 711
261 879
261 968
262 299
262 452
262 510
262 806
262 841
263 311
264 497
264 714
264 759
264 818
264 821
265 271
265 317
265 509
265 584
265 826
266 585
267 515
267 691
267 728
267 853
267 990
268 314
268 562
268 638
268 705
269 302
269 367
269 879
269 985
269 990
270 276
270 339
270 444
270 600
270 736
270 942
271 416
271 450
271 509
272 358
272 471
273 387
273 640
273 777
274 564
274 661
274 923
277 582
277 909
277 957
278 323
278 432
278 527
278 537
278 666
278 684
278 768
278 894
278 925
278 953
279 470
279 548
280 916
281 453
281 695
281 812
281 911
281 924
281 946
282 455
282 510
282 625
283 387
283 390
283 641
283 648
283 772
284 320
284 997
285 566
286 415
286 417
287 711
287 895
288 394
288 438
288 474
288 525
288 921
288 961
289 370
289 472
289 560
289 880
289 893
289 913
289 952
290 628
290 872
291 325
291 333
291 337
291 339
291 353
291 509
291 596
291 983
292 412
292 704
292 737
292 920
293 363
293 532
293 650
293 892
294 464
294 592
294 787
295 317
295 334
295 874
296 330
296 587
296 730
296 747
296 768
297 364
297 583
297 596
297 659
297 795
297 894
297 977
298 347
298 375
298 477
298 673
298 734
299 821
299 884
300 444
300 506
300 638
300 833
300 903
300 906
300 983
300 992
301 616
301 683
301 741
301 884
302 669
302 721
302 911
303 484
303 607
303 985
304 401
304 462
304 471
304 502
304 563
304 625
304 679
304 741
304 817
304 889
304 940
304 977
305 417
305 485
305 565
305 574
305 760
305 885
305 967
305 975
306 321
306 364
306 382
306 425
306 616
306 667
306 744
306 876
306 897
308 570
308 675
308 825
309 402
309 495
309 500
309 596
309 637
309 642
309 866
310 537
310 643
310 665
310 977
312 331
312 424
312 458
312 470
312 546
312 576
313 368
313 439
313 666
313 683
313 916
313 997
314 864
315 473
315 772
315 912
315 982
316 606
316 636
316 838
317 384
317 621
317 853
318 684
318 741
319 359
319 417
319 444
319 506
319 583
319 735
319 825
320 586
320 966
321 654
321 810
322 753
322 788
322 995
323 388
323 422
323 524
323 680
323 797
324 357
324 526
324 674
325 427
325 479
325 876
326 795
326 878
326 907
327 369
327 470
328 473
328 779
328 992
329 424
329 829
330 349
330 492
330 617
330 632
330 840
331 417
331 690
332 675
332 818
333 336
333 671
333 787
333 839
334 534
334 543
334 570
334 773
334 800
335 481
335 520
335 794
335 796
335 964
336 358
336 401
336 433
336 435
336 732
336 988
336 998
337 492
337 789
337 890
338 427
338 435
338 447
338 781
339 640
339 758
339 806
339 832
339 956
340 444
340 451
340 456
340 647
341 683
342 445
342 510
342 588
343 723
343 935
344 412
344 535
344 617
344 738
345 409
345 640
345 913
346 357
346 380
346 405
346 429
347 443
347 664
347 696
347 800
348 402
348 435
348 519
348 667
349 435
349 546
349 712
350 555
350 575
350 803
350 926
351 961
351 986
352 452
352 723
352 989
353 523
353 662
353 727
353 886
353 977
354 401
354 569
354 609
354 729
354 737
354 820
355 522
355 898
356 545
356 664
356 761
356 854
357 456
357 721
357 731
357 886
358 450
358 775
359 379
359 524
359 590
359 770
360 422
360 504
360 512
360 850
360 959
361 541
361 644
362 408
362 417
362 485
362 843
363 428
363 510
363 642
364 528
364 978
365 720
365 849
366 526
366 608
366 634
366 794
367 383
367 691
367 821
367 900
367 956
367 973
368 394
368 685
368 875
369 511
369 512
369 654
369 792
370 423
370 522
370 873
370 915
370 980
371 812
372 586
372 697
372 893
373 443
373 525
373 568
373 677
373 945
373 959
373 976
373 990
374 389
374 394
374 477
374 592
375 415
375 458
375 499
375 643
375 791
375 923
376 424
376 813
376 956
377 485
378 392
378 668
378 707
379 501
379 819
379 945
379 959
381 483
381 656
381 696
381 699
381 785
381 861
381 934
383 387
383 388
383 497
383 513
383 719
383 867
383 886
384 489
384 600
385 697
385 792
385 793
386 453
386 967
386 981
387 522
387 530
387 613
387 629
387 843
388 673
388 675
389 493
389 693
389 704
389 764
389 893
390 610
390 717
390 963
391 598
391 713
392 452
392 513
392 624
392 682
392 716
393 649
393 711
393 767
393 804
393 874
393 922
394 522
395 547
395 583
395 686
395 708
395 870
395 878
396 472
396 537
396 588
396 808
396 848
397 459
397 492
397 614
397 615
397 860
398 431
398 672
399 433
399 462
399 467
399 552
399 744
400 883
402 765
403 512
403 532
403 603
403 725
403 895
403 931
403 985
404 884
405 431
405 477
405 538
405 545
405 662
405 686
405 736
405 861
406 589
406 655
406 812
406 986
407 564
407 673
407 962
408 476
408 589
408 683
408 720
409 596
409 846
409 877
409 913
409 971
410 457
410 832
410 834
410 968
411 447
411 507
411 682
411 797
411 959
412 556
412 611
412 892
412 947
412 950
413 881
413 918
414 430
414 506
414 526
414 817
414 822
414 862
415 513
415 587
415 965
416 887
416 944
416 961
417 805
418 837
419 421
419 724
419 833
420 456
420 959
421 426
421 429
421 630
421 646
421 743
421 930
422 600
422 666
423 563
423 695
423 886
424 511
424 944
425 558
425 860
426 683
426 784
426 808
426 829
427 429
427 864
427 973
428 502
428 606
428 674
428 944
429 554
429 623
429 727
429 783
429 856
429 940
429 962
430 769
430 844
430 851
431 564
431 622
431 625
431 656
431 764
431 820
432 553
432 598
432 651
432 787
433 774
433 857
433 869
434 484
434 576
434 638
434 663
434 672
434 690
434 783
434 849
434 880
435 786
435 925
435 968
436 674
436 796
436 891
437 590
437 805
437 890
438 480
438 796
438 882
438 914
439 528
439 555
439 675
439 781
440 574
440 732
440 793
440 849
440 935
441 476
441 502
441 743
441 811
442 463
442 582
442 968
443 735
443 918
444 753
444 772
445 640
446 452
446 478
446 486
446 736
447 849
447 982
447 983
448 540
448 687
448 749
448 802
448 968
449 888
449 949
450 579
450 631
450 797
451 465
451 497
451 876
451 951
452 639
452 859
453 515
453 600
453 691
454 591
454 686
454 794
455 707
455 910
456 607
456 624
456 764
456 824
456 886
456 896
457 751
458 522
458 616
458 782
458 983
459 503
459 982
460 565
460 762
460 896
460 931
461 727
462 534
462 574
462 669
463 484
463 500
463 621
463 708
463 811
463 833
464 832
465 764
465 940
465 962
466 509
466 648
466 712
466 808
466 887
467 473
467 763
468 986
469 528
469 564
469 633
469 680
469 858
469 898
469 946
471 765
471 791
471 842
472 505
472 571
472 872
472 997
473 877
473 996
474 876
474 967
475 605
475 883
475 934
476 597
476 600
476 662
476 695
476 714
476 718
476 958
477 594
477 677
477 764
477 775
477 823
477 948
478 614
478 866
478 990
479 655
479 821
479 833
479 932
480 720
480 794
481 532
482 590
482 777
483 655
483 669
484 706
484 843
484 947
485 908
485 947
486 546
486 789
487 633
487 642
487 955
487 998
488 518
488 688
488 937
489 633
490 717
490 924
490 975
491 524
491 742
491 914
491 921
492 651
492 953
493 625
493 797
493 848
493 862
493 902
494 623
494 707
494 836
494 867
494 880
495 913
495 921
496 583
496 586
496 624
496 964
497 699
497 711
497 870
497 958
498 502
498 598
498 757
498 868
498 886
499 500
499 813
500 542
500 702
500 735
501 520
501 547
501 770
502 588
503 581
503 798
504 576
504 660
504 818
505 897
506 614
507 701
507 705
507 714
507 767
507 857
507 993
507 994
508 645
508 871
508 946
509 520
509 741
510 513
510 518
510 659
510 823
510 869
510 955
511 512
511 649
511 742
513 603
513 622
513 678
513 706
513 712
514 727
514 738
514 981
515 606
515 871
516 886
516 941
517 682
517 815
517 840
517 894
518 661
518 963
519 923
520 751
520 890
521 549
521 554
521 558
521 585
521 700
521 819
521 927
522 657
522 664
522 714
522 775
522 986
523 730
523 756
523 877
523 941
524 775
524 777
525 609
525 899
526 616
526 647
527 543
527 706
527 760
527 798
527 845
527 990
528 896
528 943
529 828
529 885
530 732
531 731
531 734
532 901
532 919
533 545
533 752
533 895
534 816
534 937
534 951
535 597
535 659
536 544
536 883
538 546
538 612
538 761
538 857
539 670
539 797
539 873
540 601
540 671
540 814
540 818
540 835
541 741
542 652
542 681
542 699
542 815
542 924
542 927
542 979
543 676
543 932
544 556
544 612
544 964
544 979
545 584
545 853
545 907
545 968
545 979
546 625
546 844
547 583
547 616
547 657
547 774
548 583
549 778
549 940
549 944
550 716
551 671
551 760
551 790
551 925
552 574
552 646
552 684
553 628
553 771
553 786
553 799
553 835
553 854
553 864
554 768
554 915
555 905
555 945
556 593
556 674
556 750
556 832
556 893
557 802
557 819
557 936
558 593
558 799
558 902
559 589
559 677
560 663
560 679
560 705
560 859
560 932
561 655
561 833
561 910
561 924
561 970
563 717
563 871
563 992
564 578
564 649
564 753
564 953
565 653
565 783
566 594
566 603
566 763
566 825
566 928
567 604
567 642
567 646
567 934
568 718
568 811
569 595
569 614
569 771
569 997
570 719
570 900
571 627
571 819
571 888
573 859
574 940
575 579
575 602
576 766
576 831
576 945
577 762
578 717
578 837
578 879
579 630
579 639
580 780
581 631
582 757
583 653
583 654
584 716
585 739
585 746
585 993
586 702
586 739
586 742
586 887
586 944
586 958
587 657
588 613
588 773
588 809
588 881
589 597
589 599
589 661
589 811
590 623
590 967
590 968
591 735
591 736
591 824
591 993
592 668
592 986
593 750
593 791
594 684
594 861
595 617
595 633
595 856
595 927
595 956
596 617
596 883
596 913
598 700
598 715
598 873
599 834
599 931
600 923
601 862
602 639
602 788
602 817
602 880
602 915
603 722
603 893
603 915
604 806
604 885
605 615
605 879
605 961
605 990
606 881
606 994
607 656
607 665
607 670
607 819
607 908
607 960
610 757
610 834
610 852
610 932
611 923
612 757
613 645
613 910
614 673
614 805
614 902
615 800
617 815
618 681
618 753
618 760
618 781
618 951
619 698
619 855
619 931
620 804
620 848
621 798
621 926
622 854
624 730
624 880
624 889
625 843
626 760
626 954
627 652
627 896
628 842
628 926
629 925
631 743
631 754
631 857
632 757
633 789
633 939
634 698
636 771
636 824
637 999
638 807
638 935
639 651
639 676
639 695
639 829
639 943
640 886
641 672
641 699
641 775
641 923
641 949
642 808
643 827
643 987
644 718
644 936
644 997
645 902
646 819
647 799
647 837
647 903
648 679
648 720
648 830
648 942
649 698
649 778
650 934
651 907
653 975
654 664
654 940
654 981
655 748
655 971
657 746
658 777
658 953
658 992
659 849
659 868
659 904
659 937
659 963
663 992
665 800
665 820
665 845
665 979
666 799
666 876
667 863
667 972
668 784
668 884
669 931
669 944
669 969
670 681
670 829
670 962
671 980
672 734
672 841
672 890
676 695
676 700
676 999
677 743
677 995
678 823
679 878
680 693
680 705
680 853
680 910
681 807
681 850
681 961
682 769
682 832
683 837
683 895
684 731
684 860
684 881
684 962
685 826
686 715
686 981
687 756
688 740
688 771
688 871
689 787
689 830
689 951
690 751
690 839
690 872
691 791
691 841
691 871
691 944
691 995
692 806
692 843
692 889
693 862
694 706
694 820
695 719
696 721
696 930
697 897
699 857
699 984
700 878
701 882
702 802
702 899
703 730
703 733
703 768
703 845
703 955
703 967
704 705
705 944
705 953
706 804
707 718
707 808
707 917
708 715
708 790
708 842
708 866
708 876
708 884
709 810
709 913
709 923
710 786
710 811
711 727
711 803
712 752
713 777
713 847
713 849
713 877
714 958
717 863
717 871
717 935
718 776
719 912
720 764
720 930
722 754
723 872
723 922
724 808
724 862
725 727
725 787
725 835
725 949
726 915
726 958
727 922
728 920
728 990
729 899
729 922
730 752
730 858
730 985
732 737
732 791
732 908
733 825
733 865
733 930
733 983
735 800
735 970
736 962
736 978
737 878
738 781
738 902
739 898
740 838
741 808
741 941
742 830
742 915
743 766
743 991
743 996
744 925
744 981
745 934
747 929
748 933
749 872
752 936
753 824
755 821
757 899
758 831
759 803
760 777
760 884
760 961
760 996
761 768
761 942
762 841
762 994
763 809
763 946
765 770
765 946
765 977
766 865
767 862
768 803
768 878
768 917
769 875
769 985
770 894
771 939
772 795
773 791
773 830
773 988
774 792
774 905
774 970
775 921
776 793
777 882
778 819
778 863
779 792
779 890
779 956
779 987
781 851
783 818
783 849
783 919
784 878
784 940
786 880
787 858
788 846
789 931
789 964
790 863
790 943
791 845
791 911
791 998
792 806
792 866
793 936
795 901
796 832
796 948
797 932
797 934
797 977
798 857
799 891
799 893
799 905
799 972
799 980
801 982
803 839
803 868
804 937
805 866
806 889
811 905
811 938
813 855
816 837
816 887
817 988
818 940
819 883
819 896
819 938
820 868
823 888
823 986
824 870
824 885
825 990
827 943
829 845
829 988
830 865
831 913
836 990
837 935
839 979
840 866
840 902
841 883
841 932
842 993
843 969
844 948
845 938
845 948
845 970
847 903
848 896
850 933
851 870
851 982
853 927
855 912
857 933
859 894
860 965
861 987
861 991
862 875
864 867
864 890
864 892
865 933
867 984
869 907
870 934
878 884
879 974
879 976
881 993
882 901
882 945
890 922
892 929
892 954
893 984
894 940
895 899
895 906
899 976
900 942
901 946
901 977
902 954
902 987
904 928
905 949
908 912
912 929
914 938
915 943
917 921
921 996
925 979
926 949
926 972
927 954
930 949
935 990
937 956
939 977
942 997
946 991
947 993
951 970
951 994
959 992
959 995
960 970
961 981
963 967
964 981
