0 126
0 262
0 420
0 509
0 626
1 176
1 385
1 823
1 904
2 75
2 164
2 334
2 514
2 608
2 612
2 825
2 847
2 879
2 928
3 142
3 167
3 321
3 427
3 548
3 751
4 29
4 245
4 333
4 735
4 788
4 928
5 103
5 174
5 230
5 707
6 181
6 416
6 571
6 597
6 630
6 669
6 694
6 911
6 961
7 168
7 415
7 530
7 850
7 906
8 54
8 57
8 140
8 657
9 25
9 33
9 72
9 91
9 170
9 741
9 860
10 337
10 414
10 437
10 944
11 240
11 606
11 843
11 866
12 198
12 368
12 375
12 478
12 526
12 752
12 791
13 18
13 183
13 273
13 389
13 910
13 990
14 278
14 340
14 400
14 480
14 642
14 965
15 57
15 217
15 280
15 300
15 475
15 595
15 634
15 938
16 514
16 605
16 619
16 784
17 44
17 82
17 304
17 390
17 435
17 725
17 816
18 141
18 189
18 323
18 357
18 460
18 488
18 702
18 749
19 107
19 124
19 261
19 330
19 538
19 727
19 924
19 953
20 136
20 517
20 679
20 908
21 376
21 703
21 768
21 900
22 148
22 242
22 373
22 405
22 548
22 630
22 641
22 835
22 888
22 960
23 236
23 356
23 377
23 593
23 849
24 67
24 293
24 576
24 845
25 348
25 374
25 386
25 746
25 820
25 863
25 989
26 538
26 588
26 590
26 972
26 985
27 135
27 450
28 300
28 324
28 654
28 962
29 180
29 297
29 304
29 441
29 450
29 507
30 389
30 678
30 708
30 932
31 145
31 313
31 411
31 475
31 708
31 739
31 779
32 56
32 80
32 112
32 507
32 520
33 139
33 339
33 456
33 694
33 977
34 76
34 366
34 582
34 904
34 949
34 988
35 135
35 137
35 155
35 161
35 195
35 305
35 335
35 516
35 581
35 738
36 96
36 133
36 245
36 381
36 450
36 989
37 81
37 473
37 503
37 808
37 870
38 215
38 282
38 290
38 350
38 387
38 544
38 560
38 577
38 967
38 971
39 341
39 578
39 633
39 860
40 119
40 153
41 152
41 362
41 434
41 598
41 613
41 620
41 683
41 782
41 827
41 908
41 932
42 229
42 457
42 505
42 616
43 358
43 372
43 481
43 774
44 239
44 418
44 482
44 536
44 690
44 748
44 884
44 959
45 46
45 163
45 286
45 316
45 752
45 807
46 116
46 160
46 299
46 521
46 643
46 749
46 947
47 192
47 297
47 299
47 389
47 420
47 726
47 744
47 847
48 213
48 244
48 261
48 420
48 551
48 680
48 859
49 126
49 584
49 713
49 794
50 228
50 389
50 896
50 899
50 985
51 181
51 219
51 236
51 493
51 567
51 783
51 832
51 842
52 191
52 381
52 424
52 481
52 805
52 999
53 235
53 883
53 889
53 945
54 56
54 143
54 173
54 608
54 646
54 780
54 936
55 257
55 312
55 390
55 755
55 775
55 878
55 898
56 166
56 369
56 550
56 606
56 768
56 867
57 63
57 163
57 184
57 454
57 548
58 73
58 145
58 344
58 347
58 378
58 383
58 759
59 127
59 176
59 388
59 434
59 519
59 615
59 705
59 861
59 953
60 185
60 854
60 867
60 908
61 129
61 663
62 430
62 872
63 350
63 536
63 549
63 578
63 606
63 689
64 85
64 133
64 308
64 887
64 952
65 156
65 165
65 519
65 592
66 138
66 318
66 523
66 697
66 749
67 71
67 250
67 255
67 312
67 326
67 411
67 500
67 762
67 826
68 163
68 304
68 323
68 361
68 461
68 574
68 835
68 887
69 195
69 409
69 533
69 553
69 770
69 949
70 119
70 342
70 618
70 991
71 513
71 681
71 720
71 772
72 246
72 371
72 819
73 111
73 363
73 397
73 621
73 642
73 829
73 928
74 286
74 391
74 454
74 514
74 815
75 222
75 363
75 371
75 485
75 750
75 996
76 595
76 957
77 204
77 653
77 701
77 790
77 964
78 107
78 374
79 208
79 212
79 430
79 431
79 492
79 499
80 273
80 779
81 122
81 141
81 145
81 237
81 265
81 446
81 554
82 190
82 227
82 233
82 325
82 337
82 351
82 426
82 937
82 939
83 226
83 346
83 498
83 536
83 860
84 115
84 255
84 290
84 718
84 743
84 831
85 144
85 235
85 446
85 558
85 623
85 767
85 794
85 882
86 286
86 464
86 497
86 845
86 846
86 905
87 315
87 603
87 648
87 654
87 936
88 112
88 356
88 397
88 432
89 117
89 503
89 734
89 807
90 427
90 496
90 813
90 837
90 868
91 112
91 156
91 487
91 716
91 717
91 850
91 997
92 319
92 401
92 553
92 651
92 681
92 773
92 786
92 859
93 143
93 191
93 632
93 665
93 765
93 772
93 973
94 224
94 287
94 359
94 398
94 423
94 441
94 552
94 736
94 794
94 869
95 420
95 425
95 478
95 643
96 570
96 866
97 249
97 314
97 358
97 653
97 725
97 750
97 862
98 317
98 510
98 546
98 946
98 954
98 957
98 989
99 499
99 558
99 838
99 864
100 110
100 260
100 274
100 345
100 689
100 715
100 740
100 802
100 852
100 906
101 207
101 473
101 552
101 620
101 698
101 740
101 868
101 950
102 201
102 527
102 890
103 142
103 172
103 280
103 330
103 344
103 604
103 665
103 834
103 963
104 140
104 236
105 174
105 323
105 381
105 568
105 666
105 751
105 764
105 974
106 203
106 450
106 571
106 630
106 699
107 151
107 367
107 456
107 458
107 480
107 510
107 661
107 725
107 912
107 932
108 113
108 181
108 187
108 607
108 615
109 445
109 469
109 574
109 731
109 770
109 807
109 820
109 979
110 259
110 495
110 698
110 736
110 940
111 310
111 320
111 454
111 526
111 535
111 584
111 760
111 764
111 831
111 841
112 430
112 433
112 489
112 491
112 645
112 906
113 452
113 726
113 798
113 816
113 817
113 843
113 926
114 255
114 427
114 470
114 607
114 646
115 448
115 457
115 519
115 827
115 869
116 150
116 247
116 383
116 504
116 778
116 998
117 118
117 144
117 164
117 238
117 350
117 650
117 828
117 862
118 341
118 528
118 651
119 147
119 148
119 263
119 474
119 569
119 847
119 908
119 932
120 322
120 715
120 950
120 972
121 358
121 530
121 567
121 620
121 639
122 501
122 540
122 796
122 865
122 918
123 256
123 707
124 513
124 689
124 828
124 901
124 934
125 266
125 316
125 342
125 917
125 952
126 152
126 306
126 620
126 892
126 975
127 136
127 204
127 212
127 272
127 386
127 530
127 607
127 650
127 719
127 798
127 881
127 886
128 435
128 461
128 655
128 724
128 882
129 135
129 559
129 645
129 827
129 925
129 929
130 407
130 662
130 695
131 890
131 979
132 183
132 190
132 405
132 630
132 696
132 787
133 159
133 257
133 430
133 479
133 689
133 897
133 898
133 902
134 187
134 189
134 212
134 333
134 381
134 426
134 727
134 736
135 223
135 496
135 518
135 570
135 618
136 323
136 622
136 771
136 792
136 874
136 983
136 997
137 230
137 250
137 434
137 551
137 761
138 244
138 598
138 832
138 837
138 846
138 921
139 227
139 367
139 544
139 740
140 228
140 317
140 336
140 681
140 732
140 799
140 897
141 188
141 301
141 308
141 402
141 587
141 603
141 866
141 873
141 991
142 232
142 426
142 851
143 538
143 544
143 571
143 576
143 769
143 808
144 244
144 298
144 470
144 499
144 608
145 631
145 847
145 951
145 987
145 999
146 571
146 652
146 834
146 851
146 981
147 322
147 541
147 589
147 681
147 834
147 973
148 235
148 335
148 476
148 604
148 944
149 581
150 160
150 183
150 185
150 260
150 611
150 794
150 901
150 974
151 386
151 403
151 502
151 557
151 565
151 589
151 748
151 826
152 174
152 263
152 309
152 341
152 439
152 472
152 498
152 619
152 622
152 728
152 904
153 336
153 461
153 587
153 943
154 210
154 214
154 224
154 251
154 264
154 450
154 506
154 969
155 241
155 246
155 280
155 473
155 669
155 693
155 722
155 840
156 200
156 234
156 354
156 453
156 524
157 239
157 265
157 334
157 384
157 763
157 850
158 192
158 653
159 223
159 243
159 390
159 542
159 688
159 845
160 169
160 398
160 402
160 449
160 593
160 671
160 694
160 760
160 777
161 217
161 465
161 852
161 854
162 201
162 285
162 332
162 946
162 958
163 247
163 407
163 820
165 345
165 503
165 527
165 737
165 770
166 212
166 249
166 537
166 544
166 549
166 617
166 955
167 402
167 788
167 825
168 225
168 238
168 480
168 499
168 524
168 680
168 783
168 974
169 227
169 331
169 387
169 424
169 683
169 692
169 702
169 876
169 894
170 597
170 661
170 733
170 827
171 354
171 503
171 559
171 828
172 402
172 662
172 675
172 832
172 988
173 677
173 751
174 272
174 376
174 458
174 902
174 976
175 592
175 630
175 671
175 683
175 832
175 910
175 917
175 987
176 243
176 250
176 352
176 442
176 524
176 757
177 179
177 238
177 464
177 718
177 778
178 554
178 672
178 754
178 866
178 952
178 973
179 385
179 525
179 641
179 712
179 940
179 996
180 239
180 552
180 777
180 805
180 986
180 993
181 264
181 554
181 770
181 899
181 952
181 984
182 257
182 372
182 503
182 572
182 886
182 983
183 482
183 533
183 573
183 650
183 740
184 320
184 424
184 755
184 783
185 323
185 341
185 412
185 856
186 228
186 602
186 708
186 797
186 801
186 974
187 286
187 329
187 556
188 215
188 256
188 310
188 373
188 403
188 618
188 712
189 255
189 425
189 460
189 512
189 588
190 438
190 502
190 520
190 590
190 694
190 711
190 804
190 994
191 583
191 746
191 888
191 993
192 222
192 263
192 382
192 494
192 675
192 987
192 996
193 503
193 668
193 920
194 236
194 334
194 390
194 411
194 592
194 652
194 883
195 306
195 358
195 364
195 484
195 534
195 580
195 875
195 878
195 983
196 313
196 357
196 568
196 600
196 622
196 692
197 286
197 431
197 589
197 846
198 407
198 641
198 663
198 677
198 711
198 739
198 741
198 751
198 794
198 963
199 576
199 601
199 980
199 992
200 248
200 334
200 400
200 495
200 727
200 939
201 283
201 346
201 422
201 572
201 652
201 677
201 940
201 944
202 273
202 318
202 636
202 771
202 878
203 237
203 639
203 857
203 889
203 900
203 923
203 992
204 392
204 726
204 783
204 958
205 992
205 997
206 492
206 971
207 404
207 775
207 935
207 937
207 950
208 285
208 490
209 299
209 330
209 540
209 664
209 735
209 743
209 797
210 444
210 549
210 681
210 685
210 830
210 866
210 949
211 432
211 478
211 494
211 587
211 778
211 930
212 225
212 415
212 440
212 616
212 687
212 714
212 817
212 819
212 949
213 317
213 442
213 468
213 630
213 652
213 842
214 347
214 371
214 566
214 861
214 915
215 365
215 572
215 706
216 241
216 246
216 322
216 507
216 547
216 620
216 974
217 418
217 572
217 673
217 697
217 704
217 747
217 861
218 787
218 794
219 256
220 418
221 282
221 299
221 853
221 940
222 370
222 609
222 829
222 848
222 850
222 961
222 974
223 307
223 316
223 544
224 419
224 570
224 868
224 974
225 310
225 376
225 521
226 355
226 402
226 483
226 501
226 596
226 666
226 886
227 448
227 623
227 785
228 472
228 484
228 497
228 748
228 917
229 418
229 564
229 834
229 959
230 302
230 397
230 440
230 660
230 686
230 797
231 381
231 463
231 808
231 878
231 924
232 292
232 329
232 424
233 347
233 356
233 360
233 662
233 755
233 851
233 922
233 942
234 273
234 294
234 348
234 360
234 624
235 261
235 416
235 490
235 565
235 684
235 739
235 904
236 303
236 436
236 582
236 710
236 738
236 926
237 294
237 376
237 634
237 883
237 976
238 448
238 527
238 584
238 663
239 270
239 447
239 798
240 434
240 492
240 813
241 517
241 905
242 300
242 616
242 720
242 789
243 295
243 484
243 565
243 739
243 906
244 449
244 603
245 368
245 441
245 601
245 875
246 310
246 514
246 529
246 794
246 982
247 291
247 347
247 361
247 679
248 286
248 298
248 652
248 679
249 323
249 364
249 778
249 957
249 972
250 320
250 445
250 609
250 651
250 772
250 827
250 928
251 269
251 292
251 303
251 549
251 666
251 779
251 787
251 852
252 431
252 463
252 571
252 677
252 713
252 810
252 821
252 910
253 818
253 899
253 961
253 997
254 458
254 500
254 552
254 933
255 292
255 293
255 731
255 930
256 481
256 896
257 364
257 444
257 486
257 792
257 847
257 945
258 665
258 995
259 484
259 711
260 351
260 432
260 671
260 752
261 348
261 463
261 586
261 865
261 958
261 989
262 281
262 286
262 701
262 844
262 929
263 400
263 869
263 902
263 977
264 782
264 970
264 982
265 314
265 729
265 986
266 528
266 955
267 344
267 561
267 578
267 698
267 720
267 809
267 837
267 945
268 387
268 450
268 530
268 759
268 799
269 349
269 393
269 403
269 606
269 708
269 824
269 828
269 895
270 324
270 370
270 383
270 486
270 726
271 380
271 414
271 859
272 369
272 517
272 989
273 398
273 411
273 418
273 451
273 498
273 745
273 863
273 995
274 344
274 383
274 669
274 758
274 814
275 319
275 368
275 471
275 827
275 843
275 955
275 970
276 340
276 466
276 540
276 807
276 881
277 285
277 389
277 550
277 650
277 685
277 859
277 913
277 922
278 294
278 429
278 469
278 478
278 715
278 859
279 399
279 575
279 577
279 579
279 767
280 824
281 783
281 909
281 938
281 955
282 328
282 366
283 637
283 902
284 304
284 364
284 455
284 616
284 686
284 915
284 942
285 307
285 550
285 693
285 709
285 962
286 777
286 779
286 870
286 924
286 969
287 404
287 545
287 702
287 753
287 848
287 923
287 936
288 374
288 381
288 444
288 579
288 674
288 981
289 307
289 342
289 443
290 317
291 578
291 628
291 668
291 823
291 852
292 458
292 521
292 608
292 936
293 301
293 404
293 519
293 629
293 903
293 908
294 314
294 426
294 695
294 762
294 844
294 860
295 360
295 554
295 908
296 517
296 893
296 918
297 532
297 697
297 727
297 980
298 531
299 356
299 666
299 804
300 828
300 963
301 685
301 834
302 353
302 369
302 805
303 858
304 384
304 561
304 587
304 614
304 617
304 874
304 979
305 611
305 966
306 326
306 693
306 951
307 320
307 464
307 597
307 613
307 865
308 631
308 863
309 323
309 400
309 426
309 486
309 780
309 806
310 348
310 364
310 403
310 992
311 340
311 445
311 477
311 551
311 600
311 608
311 777
311 866
311 899
312 330
312 347
312 366
312 768
312 774
312 851
313 485
313 589
313 763
313 787
313 880
313 881
314 354
314 376
314 469
314 574
314 631
314 820
314 887
315 373
315 392
315 673
315 748
315 946
315 958
316 380
316 393
316 473
316 494
316 795
316 900
316 982
316 992
317 588
317 719
317 777
318 782
319 329
319 367
319 706
319 891
320 347
320 911
320 925
320 981
321 742
321 984
322 493
322 698
322 811
322 964
323 329
323 362
323 702
323 752
323 871
324 358
324 480
324 734
324 875
324 969
324 976
325 397
325 509
325 525
325 554
325 590
325 603
325 748
325 881
326 548
326 839
326 971
327 341
327 405
327 485
327 671
327 748
327 865
327 880
328 563
328 604
328 731
328 754
329 358
329 494
329 519
329 554
329 578
329 774
329 937
329 983
329 986
330 587
330 683
330 698
330 714
330 750
330 915
331 711
332 347
332 373
332 445
332 804
332 896
333 632
333 662
333 698
333 704
333 912
334 384
334 407
334 763
334 803
335 367
335 456
335 465
335 763
335 810
336 566
336 883
337 479
337 609
337 722
337 761
337 791
338 473
338 475
338 621
338 660
339 718
339 736
339 743
339 919
340 379
340 477
340 561
340 793
342 354
342 469
342 738
342 825
342 885
342 898
342 947
342 961
343 406
343 433
343 564
343 642
343 754
343 960
343 999
344 351
344 552
344 847
345 539
345 554
346 695
347 368
347 508
347 581
347 725
348 391
348 498
348 561
348 625
348 965
349 421
349 702
349 901
350 593
350 748
350 823
350 956
351 417
351 866
352 361
352 670
352 768
352 811
353 597
353 999
354 408
354 509
354 861
355 421
355 568
355 605
355 696
356 595
356 643
356 682
357 579
357 651
357 706
360 451
360 656
361 387
361 593
361 766
361 926
362 533
362 862
362 875
362 981
363 763
363 854
363 882
364 426
364 590
364 665
364 733
364 756
364 795
364 947
365 512
365 514
365 521
365 589
365 952
366 491
366 598
366 759
366 851
366 871
367 420
367 713
367 793
367 845
368 562
368 621
368 728
369 373
369 482
369 583
369 619
369 639
369 707
370 458
371 626
371 812
371 826
371 877
373 377
373 395
373 558
374 462
374 519
374 554
374 667
374 680
374 913
374 970
375 468
375 547
375 614
375 709
375 868
375 961
377 469
377 546
377 778
377 960
378 523
378 576
378 615
378 697
378 772
379 426
379 531
379 564
379 826
379 875
379 878
380 506
380 555
381 579
381 788
381 796
381 842
382 411
382 514
382 677
382 694
383 421
383 601
383 639
383 709
383 760
383 879
383 996
384 544
384 898
384 995
385 473
385 495
385 548
385 614
385 621
385 700
385 738
386 484
386 656
386 842
386 961
387 432
387 577
387 840
387 948
388 413
388 557
388 818
388 896
389 498
389 520
389 617
389 914
390 631
390 698
390 791
390 853
391 460
391 652
392 461
392 625
393 532
393 824
393 902
394 438
394 482
394 515
395 412
395 570
395 782
396 420
396 514
396 945
396 966
397 407
397 419
397 420
397 695
397 944
398 475
398 546
398 625
398 706
398 811
398 906
399 485
399 522
399 544
399 548
399 721
399 918
399 925
400 623
400 641
400 755
400 893
400 915
400 949
400 962
400 978
401 466
401 675
402 426
402 557
402 619
402 691
403 462
403 484
403 682
403 689
403 791
403 866
404 567
404 709
404 851
405 739
405 985
407 534
407 556
407 771
407 831
408 602
408 680
408 843
410 677
410 913
411 465
411 665
411 676
411 696
411 821
413 557
413 809
413 833
414 530
414 539
414 572
414 667
414 776
414 813
414 821
414 834
414 842
415 488
415 886
416 444
416 696
416 749
416 934
416 975
417 483
417 669
417 724
418 963
419 579
419 937
420 425
420 948
421 448
421 575
421 689
421 897
421 898
421 980
422 493
422 553
422 565
422 621
422 707
422 720
423 704
423 884
424 866
424 935
425 516
425 608
425 765
426 943
426 987
427 463
427 863
427 991
428 473
428 875
429 548
429 558
429 688
430 454
430 881
430 932
430 979
430 984
431 465
431 504
431 527
431 538
431 546
431 642
432 589
432 649
432 748
432 977
433 440
433 550
433 592
433 910
434 606
434 782
434 920
435 580
435 957
435 963
436 460
436 463
436 482
436 694
436 720
436 782
436 799
437 984
438 530
438 782
438 913
439 607
439 768
440 684
440 827
440 873
441 485
441 597
441 656
441 865
442 499
442 566
442 574
442 625
442 694
443 561
443 627
443 762
443 881
443 961
445 572
445 747
445 748
445 788
446 453
446 546
446 601
446 637
446 766
446 805
446 830
446 886
446 906
446 944
447 472
447 652
448 731
448 920
448 931
449 557
450 801
450 913
450 992
451 508
451 555
451 677
451 809
451 853
452 513
452 761
452 855
453 456
453 776
453 935
454 465
454 963
454 967
455 524
455 538
455 561
455 862
456 545
456 596
456 783
456 904
456 943
457 696
457 709
457 936
458 521
458 564
458 566
458 717
458 966
459 596
460 468
460 474
460 480
460 497
460 647
460 985
461 746
461 919
461 932
461 967
461 999
462 643
463 504
463 643
463 746
463 824
463 940
464 984
465 559
465 622
465 728
465 739
465 798
465 865
466 527
466 541
466 556
466 562
466 572
466 818
467 544
467 571
467 681
467 837
468 748
468 819
468 939
469 504
469 550
469 566
469 800
469 960
469 979
470 505
470 572
470 693
470 805
470 862
471 605
471 622
471 782
471 799
471 848
471 973
472 786
472 865
472 971
473 540
473 694
473 809
473 825
473 830
473 932
474 483
474 504
474 710
474 832
475 521
475 550
475 744
475 869
476 624
476 769
478 535
478 550
479 488
479 637
479 857
480 630
480 934
481 528
481 579
481 783
481 898
482 622
482 698
482 730
482 732
482 833
482 899
482 965
483 555
484 583
484 699
484 785
484 942
485 660
485 855
486 503
486 642
486 746
486 902
486 937
486 985
487 551
487 588
487 625
487 650
487 713
488 829
488 851
488 857
488 901
488 911
488 942
488 980
489 620
489 930
490 539
490 639
490 691
490 898
490 941
491 529
491 574
491 695
491 893
492 509
492 525
492 586
492 785
492 823
492 857
493 520
493 548
493 741
494 776
494 851
494 974
495 545
495 728
495 817
495 827
495 945
495 998
496 623
497 759
497 776
497 823
497 882
498 764
498 916
499 530
499 553
499 625
499 684
499 716
500 782
501 845
501 886
501 891
501 944
502 679
502 685
502 871
502 926
503 613
503 855
504 598
505 621
505 814
505 830
506 664
506 697
506 915
507 815
507 870
508 757
508 823
509 534
509 695
509 824
510 585
510 717
510 936
511 561
511 628
511 761
512 604
512 965
513 525
513 538
513 541
513 788
514 595
514 611
514 692
514 832
514 859
514 960
515 545
515 614
515 894
515 956
516 558
516 647
516 678
516 925
517 970
518 725
519 573
519 710
519 880
519 973
520 641
520 694
521 524
521 675
522 556
522 628
522 726
522 734
522 764
522 951
523 791
523 950
524 879
525 691
525 952
526 898
527 585
527 909
528 584
528 626
528 881
529 536
531 626
531 646
531 859
532 601
532 611
532 860
532 965
532 979
533 790
533 895
533 953
534 577
535 568
535 654
535 682
536 560
536 619
536 642
536 644
538 767
538 837
539 628
540 680
540 849
540 923
540 977
541 898
542 585
542 897
542 998
543 980
544 566
544 777
544 850
544 998
546 821
546 899
546 946
546 989
547 654
547 679
547 777
548 663
548 664
548 840
548 863
548 904
548 913
548 938
548 963
549 650
549 676
550 619
550 663
550 722
550 961
551 629
551 694
551 777
552 601
554 668
555 683
556 600
556 827
556 906
556 985
557 893
557 982
558 902
558 956
559 656
560 570
560 606
561 977
561 978
562 638
562 930
563 627
563 631
563 839
563 971
565 701
567 604
567 617
567 909
567 939
567 945
567 949
568 595
568 631
568 695
569 596
569 598
569 739
569 942
569 945
570 785
570 854
571 679
571 724
571 842
572 786
572 817
572 859
572 870
573 886
573 943
574 975
575 770
575 992
576 651
576 818
576 890
577 620
577 755
578 612
578 831
579 662
579 672
579 796
580 704
581 754
581 868
582 623
582 750
582 936
583 831
585 679
585 825
586 590
586 700
586 703
587 776
587 833
587 906
587 970
588 712
588 880
589 677
589 946
590 744
591 990
592 795
593 986
594 812
594 814
595 605
595 848
596 678
596 751
596 813
596 896
596 964
597 669
597 760
597 818
598 639
598 690
598 827
599 674
599 813
599 859
599 868
599 910
600 767
600 832
601 751
601 762
601 880
601 891
602 622
602 648
602 763
602 800
602 863
602 969
604 614
604 637
604 858
604 911
604 957
606 653
607 739
607 845
607 854
608 660
608 694
608 777
608 810
608 873
608 987
609 842
609 998
610 630
610 764
611 720
612 732
612 972
612 995
613 757
613 965
615 710
615 979
616 630
617 903
617 931
618 681
618 716
619 775
619 856
619 968
620 664
620 718
620 887
621 918
622 637
622 711
622 818
623 783
623 957
624 653
624 961
625 648
625 744
625 783
625 800
625 840
625 853
626 642
626 730
626 911
626 986
627 822
627 836
627 933
628 709
628 717
629 738
629 746
629 832
629 942
630 730
630 766
630 786
630 824
631 658
631 877
631 943
631 999
632 740
632 813
632 956
633 852
633 988
634 805
634 856
635 664
636 732
636 741
636 928
637 826
638 974
638 993
640 772
640 992
641 692
641 711
641 972
641 990
642 691
642 756
642 784
643 783
643 974
644 752
645 733
646 673
646 943
647 773
647 813
650 675
650 923
651 807
652 717
652 750
652 889
652 948
653 897
654 665
654 675
654 732
656 845
656 911
656 981
658 828
659 682
659 856
659 982
659 990
660 810
660 950
661 732
661 823
661 887
661 914
662 737
662 746
663 727
663 791
663 890
663 937
663 946
663 987
664 686
664 748
664 905
665 821
665 921
666 667
667 808
670 683
672 712
672 777
672 788
672 950
673 913
673 978
674 857
675 914
676 921
676 961
678 698
678 813
679 697
679 998
680 686
680 749
680 932
680 985
681 819
684 752
684 775
684 974
685 698
685 756
685 898
685 907
686 845
686 942
687 726
687 807
688 788
688 840
689 993
689 995
690 760
690 925
691 867
694 764
694 836
696 731
697 877
698 790
698 799
698 877
698 991
699 795
701 873
703 769
704 949
705 746
705 934
706 790
706 880
707 907
707 920
707 928
708 721
708 958
708 961
710 935
710 951
711 726
711 793
711 867
712 986
713 759
713 915
713 968
713 983
714 877
714 919
715 737
715 775
715 915
716 745
716 755
717 779
718 793
719 774
719 797
720 889
720 957
721 915
721 928
722 798
723 739
723 812
723 927
724 779
724 851
725 998
726 806
726 909
727 789
727 846
728 921
729 753
729 786
729 795
729 870
730 740
730 827
731 885
732 737
733 751
733 850
733 879
733 980
733 981
734 983
737 740
737 870
737 891
738 845
739 798
739 955
740 786
740 985
741 840
742 829
742 840
742 941
743 965
745 762
745 770
745 823
748 794
748 955
749 905
750 893
750 905
750 962
751 774
751 827
751 903
752 785
752 788
754 930
754 945
755 779
756 867
758 909
760 989
761 863
761 976
762 788
762 865
762 892
762 958
764 799
766 950
768 869
769 891
769 902
770 797
770 805
770 992
773 863
774 795
774 811
775 951
776 895
778 914
779 846
781 877
783 982
787 901
789 867
789 904
789 993
797 881
797 930
797 951
798 922
800 950
801 870
804 897
806 861
806 980
808 834
808 849
809 908
809 977
813 834
813 895
813 897
813 933
814 989
815 944
817 976
819 829
819 845
819 863
820 860
820 992
822 862
824 833
824 880
826 854
827 943
828 905
829 876
829 925
829 977
830 995
837 870
840 877
843 900
845 980
847 887
847 891
847 956
847 977
850 864
851 920
851 958
853 916
854 958
854 988
855 862
855 875
856 924
856 954
857 881
858 972
859 927
861 906
861 951
863 960
863 970
866 946
868 932
869 921
870 904
870 942
873 925
875 976
877 889
877 996
879 925
880 889
881 917
881 920
884 888
885 959
886 969
887 906
888 956
890 999
891 918
891 963
893 931
896 943
897 981
905 911
908 975
908 994
910 980
914 991
915 931
915 937
918 954
919 946
919 978
921 994
922 966
924 961
927 969
928 993
930 985
932 982
933 981
934 953
937 972
938 983
941 978
944 970
949 963
956 971
956 973
977 995
977 996
978 986
981 982
