0 323
0 720
0 905
1 434
1 530
1 575
1 867
1 992
2 155
2 352
2 606
2 751
2 969
3 120
3 200
3 414
4 588
4 628
4 837
5 334
5 680
5 733
5 859
5 918
6 71
6 83
6 122
6 504
6 550
6 701
7 34
7 74
7 770
7 907
7 923
8 178
8 389
8 486
8 502
8 536
8 877
9 226
9 399
9 642
9 898
10 489
10 686
10 909
10 952
11 20
11 221
11 315
11 365
11 944
11 992
12 88
12 104
12 198
12 281
12 420
12 612
12 746
12 803
12 823
12 862
12 982
13 28
13 379
13 601
14 134
14 160
14 547
14 877
15 206
15 326
15 389
15 541
15 575
15 605
15 813
16 297
16 427
16 484
16 711
16 744
16 756
16 880
16 961
17 95
17 201
17 330
17 666
17 906
17 937
17 989
18 298
18 787
19 225
19 660
19 753
19 805
19 836
20 127
20 449
20 690
20 697
20 710
20 843
20 899
21 151
21 434
21 467
22 50
22 234
22 273
22 329
22 573
22 989
22 997
23 54
23 187
23 320
23 420
23 505
23 580
24 251
24 430
24 694
24 697
24 715
24 806
25 110
25 484
25 733
25 758
25 973
26 218
26 276
26 336
26 354
26 408
26 704
27 342
27 564
27 591
27 728
27 753
28 189
28 913
28 957
29 52
29 290
29 507
29 515
29 719
30 172
30 555
30 691
30 692
30 771
30 850
30 950
31 110
31 379
31 541
31 558
31 608
31 906
31 968
32 216
32 222
32 590
32 707
32 786
33 159
33 168
33 255
33 269
33 351
33 372
33 378
33 403
33 456
33 564
33 953
34 520
34 664
34 718
34 796
34 891
35 39
35 65
35 366
35 480
35 488
35 509
35 513
35 743
35 959
35 984
35 988
36 121
36 291
36 329
36 347
36 600
36 968
36 999
37 204
37 266
37 334
37 824
38 64
38 108
38 313
38 378
38 647
38 741
39 40
39 155
39 838
39 990
40 79
40 147
40 243
40 307
40 426
40 604
40 694
41 49
41 403
41 558
41 648
41 746
41 967
42 48
42 77
42 96
42 110
42 409
42 512
42 706
42 716
42 841
43 222
43 230
43 508
43 543
44 203
44 318
44 477
44 733
44 745
44 798
44 960
44 972
45 197
45 271
45 349
45 493
46 128
46 422
46 442
46 821
46 987
47 171
47 490
48 77
48 87
48 147
48 216
48 286
48 359
48 541
48 922
48 939
49 242
49 258
49 347
49 362
49 378
49 437
49 494
49 600
50 173
50 205
50 309
50 592
51 91
51 398
51 422
51 710
51 871
51 921
52 97
52 488
52 510
52 585
52 675
52 845
52 902
53 190
53 307
53 333
53 668
53 818
54 55
54 106
54 429
54 557
54 735
55 321
55 594
55 627
55 642
55 782
56 83
56 392
56 512
56 980
57 386
57 435
57 663
57 738
57 739
57 771
57 897
57 915
57 934
58 111
58 166
58 240
58 346
58 414
58 499
58 641
58 756
58 832
59 365
59 582
59 798
60 163
60 369
60 385
60 492
60 946
61 248
61 387
61 471
61 651
61 714
62 117
62 131
62 349
62 379
62 632
62 715
62 828
62 994
63 136
63 340
63 592
63 948
64 298
64 396
64 604
64 834
64 969
65 214
66 203
66 275
66 367
66 411
66 634
66 823
67 87
67 297
67 456
67 462
67 566
67 744
67 769
67 804
67 809
68 374
68 543
68 641
68 734
68 774
69 93
69 235
69 378
69 450
69 859
70 490
70 640
70 676
70 781
70 788
70 876
71 373
71 803
72 185
72 196
72 220
72 238
72 549
72 699
73 76
73 101
73 283
73 410
73 669
73 775
73 832
74 122
74 192
74 219
74 229
74 684
75 89
75 330
75 555
75 955
76 233
76 239
76 333
76 353
76 415
76 906
76 922
77 133
77 267
77 338
77 490
77 687
77 756
77 864
78 138
78 416
78 510
78 579
78 881
78 883
78 911
79 91
79 137
79 202
79 309
79 873
79 916
79 923
80 318
80 480
80 507
80 519
80 601
80 602
80 651
80 661
80 815
80 867
80 953
81 116
81 423
81 484
81 711
81 730
81 867
82 100
82 135
82 329
82 375
82 609
82 840
83 107
83 265
83 392
83 446
83 707
83 966
84 89
84 135
84 232
84 308
84 558
84 716
85 106
85 261
85 307
85 606
85 873
85 973
86 800
86 878
86 974
86 999
87 120
87 600
87 653
87 845
87 925
88 227
88 575
88 645
88 692
88 958
89 305
89 359
89 456
89 640
89 957
90 540
90 855
91 404
91 596
91 705
91 920
91 927
91 952
92 168
92 364
92 791
92 839
92 870
92 945
93 285
93 472
93 534
93 537
93 587
93 911
94 253
94 632
94 646
94 672
94 688
94 806
94 923
95 395
95 404
95 719
96 328
96 335
96 361
96 382
96 404
96 415
96 480
96 493
96 503
96 557
96 595
97 135
97 835
98 216
98 507
98 562
98 594
98 747
99 112
99 146
99 478
99 559
99 590
99 653
99 716
99 798
100 187
100 224
100 309
100 356
100 374
100 380
100 477
100 765
100 860
100 958
101 302
101 330
101 497
101 570
101 774
101 850
101 915
101 948
101 984
101 986
102 397
102 673
102 679
102 776
102 847
102 937
103 324
103 611
103 674
103 775
103 978
104 107
104 162
104 175
104 281
104 454
104 634
104 840
105 182
105 201
105 948
105 993
106 685
106 795
107 172
107 187
107 335
107 341
107 366
107 384
107 475
107 494
107 553
107 577
107 750
108 122
108 261
108 276
108 422
108 473
108 543
108 571
108 885
108 924
109 840
109 866
109 955
110 190
110 236
110 514
110 589
110 729
110 795
111 338
111 647
112 232
112 587
113 211
113 226
113 471
113 996
114 116
114 212
114 331
114 506
114 552
114 708
114 947
115 539
115 557
115 650
116 573
116 721
116 778
116 827
117 125
117 155
117 221
117 272
117 292
117 293
117 356
117 876
118 248
118 304
118 306
118 750
118 917
118 956
119 174
119 268
119 305
119 378
119 575
119 767
120 153
120 375
120 442
120 524
120 587
120 675
120 684
120 759
120 839
120 855
120 917
121 243
121 333
121 397
121 629
121 644
121 813
121 981
122 127
122 894
123 373
123 494
123 586
123 655
123 742
124 128
124 189
124 303
124 547
124 624
124 633
124 746
124 944
125 239
125 384
125 857
125 992
126 316
126 415
126 560
126 770
126 793
126 914
126 942
127 227
127 258
127 346
127 415
127 794
128 178
128 263
128 492
128 625
128 712
128 727
128 921
129 141
129 220
129 241
129 602
129 757
129 972
130 351
130 389
130 398
130 423
130 540
130 595
130 598
130 734
130 786
130 966
131 170
131 350
131 387
131 617
131 619
131 850
132 288
132 441
132 958
133 173
133 624
133 656
133 703
133 749
134 317
134 439
134 607
134 846
135 159
135 323
135 815
135 849
136 202
136 436
136 594
136 674
136 873
136 996
137 240
137 300
137 463
137 670
138 338
138 393
138 501
138 593
138 811
139 224
139 485
139 784
140 182
140 394
140 526
140 580
140 838
140 992
141 263
141 349
141 573
141 658
141 679
141 777
141 821
141 949
142 204
142 210
142 266
142 684
142 778
143 296
143 410
143 731
143 764
144 429
144 827
144 892
145 146
145 228
145 346
145 370
145 469
145 957
146 213
146 255
146 386
146 448
146 573
146 591
147 474
147 499
147 824
147 939
148 301
148 486
148 713
149 366
149 491
149 941
150 292
150 366
150 426
150 638
150 695
151 194
151 215
151 227
151 267
151 451
151 604
151 709
151 778
151 786
152 164
152 293
152 328
152 345
152 461
152 597
152 634
152 655
152 732
153 558
153 730
154 305
154 492
154 532
154 668
154 745
155 363
155 799
156 230
156 363
156 472
156 758
157 182
157 260
157 572
157 633
157 767
157 847
158 293
158 406
158 466
158 657
158 701
158 959
159 508
159 873
159 966
160 276
160 317
160 329
160 345
160 405
160 655
160 897
161 236
161 274
161 296
161 514
161 588
161 765
161 940
162 478
162 635
162 644
163 224
163 341
163 869
164 430
164 505
165 346
165 685
165 899
166 202
166 421
166 469
166 840
166 902
167 328
168 266
168 399
168 451
168 587
168 659
168 668
168 822
168 837
169 176
169 182
169 243
169 600
169 724
169 792
170 247
170 250
170 302
170 667
170 776
170 928
171 265
171 383
171 393
172 784
172 857
172 943
173 184
173 227
173 257
173 545
173 671
173 768
174 321
174 401
174 435
174 658
175 216
175 312
175 352
175 456
175 514
175 515
176 179
176 347
176 354
176 543
176 614
176 630
176 803
176 961
177 375
177 514
177 543
177 717
177 884
177 891
177 918
178 226
178 378
178 622
178 636
178 658
178 730
178 837
179 279
179 810
179 844
180 257
180 297
180 421
180 489
180 794
180 952
181 468
181 751
181 843
181 984
182 225
182 366
182 713
182 903
182 947
183 588
183 615
183 625
183 645
183 746
183 834
183 882
183 990
184 201
184 335
184 402
184 508
184 788
185 284
185 779
185 814
185 817
185 902
185 950
186 262
186 412
186 466
186 864
187 194
187 203
187 454
187 871
187 894
188 529
188 573
188 752
189 544
189 560
189 589
189 788
190 440
190 463
190 469
191 682
193 246
193 290
193 813
194 274
194 565
194 688
195 273
195 451
195 473
195 550
196 706
196 813
197 246
197 498
197 581
197 800
197 827
197 854
198 399
198 736
198 742
198 795
198 815
199 230
199 448
199 934
199 962
200 371
200 546
200 628
200 790
200 857
201 480
201 484
201 513
201 620
201 921
202 330
202 545
202 553
202 631
202 793
203 627
203 808
204 375
204 776
204 815
205 327
205 371
205 448
205 507
205 565
205 808
205 856
205 915
205 935
205 951
206 227
206 348
206 528
206 562
206 780
206 806
206 932
207 299
207 909
207 955
208 467
208 600
208 789
208 857
208 859
208 876
209 258
209 635
209 901
210 433
210 438
210 464
210 534
210 635
210 734
210 983
210 997
211 372
211 519
211 694
211 976
212 354
212 442
212 921
213 293
213 491
213 571
213 620
213 860
214 278
214 432
214 501
214 619
214 705
214 782
215 432
215 858
215 908
216 446
216 619
216 810
216 852
216 935
216 936
216 943
217 230
217 658
217 663
218 296
218 370
218 655
219 270
219 571
219 677
219 917
220 763
220 825
220 914
220 989
221 403
221 791
221 812
221 844
221 879
222 252
222 403
222 499
222 505
222 582
222 674
222 864
223 663
223 869
223 921
223 936
224 273
224 795
224 822
225 479
225 725
225 950
226 716
226 778
226 842
226 972
227 392
227 514
227 629
227 992
228 230
228 333
228 540
228 887
228 954
229 757
229 814
229 928
229 996
230 258
230 498
230 654
230 768
230 835
230 855
230 916
231 615
231 619
231 630
231 800
231 815
231 904
232 240
232 368
232 454
233 898
233 914
234 268
234 513
234 628
235 276
235 308
235 460
235 567
235 856
235 951
235 963
236 364
236 446
236 456
236 626
237 465
237 490
237 716
237 745
237 757
237 904
237 943
238 370
238 417
238 553
238 582
238 672
238 712
239 360
239 377
240 305
240 360
240 599
240 931
241 612
241 768
242 268
242 739
242 887
243 265
243 313
243 418
243 729
243 989
244 551
244 582
244 692
244 721
245 408
245 481
245 531
245 570
245 650
245 671
245 758
246 402
246 422
246 757
246 862
246 908
247 256
247 257
247 307
247 348
247 638
247 764
247 773
247 821
248 272
248 535
248 633
248 751
248 851
248 880
248 968
249 350
249 633
249 857
250 294
250 628
250 685
250 942
251 369
251 845
252 329
252 347
252 368
253 273
253 372
253 418
253 473
253 666
253 725
253 823
253 853
253 876
254 263
254 330
254 737
254 870
254 997
255 310
255 577
255 785
255 905
255 940
255 953
255 998
256 389
256 434
256 500
256 506
257 308
257 401
257 549
257 652
257 949
258 392
258 431
258 559
258 598
258 734
258 744
259 382
259 532
259 695
259 807
259 864
260 282
260 362
260 457
260 633
260 682
260 756
260 805
260 868
261 475
261 512
261 729
261 873
261 968
262 300
262 705
262 830
262 988
263 365
263 500
263 554
263 843
264 662
264 743
264 838
264 868
264 981
265 916
266 386
266 743
266 757
266 794
266 935
266 963
267 464
267 663
267 741
268 404
268 745
268 750
268 861
268 913
268 948
269 361
269 472
269 921
270 531
270 565
270 726
270 735
270 919
270 920
270 984
271 420
271 652
272 463
272 608
272 877
272 882
273 440
273 685
273 926
273 968
273 988
274 333
274 483
274 507
274 526
274 534
274 535
274 658
274 724
274 842
274 911
274 933
275 333
275 347
275 361
275 483
275 553
275 679
275 825
275 985
276 485
276 546
276 869
277 326
277 589
277 699
277 900
278 320
278 459
278 824
278 835
278 971
279 336
279 371
279 789
280 403
280 504
280 521
280 645
280 685
280 948
281 346
281 416
281 470
281 524
281 682
281 722
281 824
281 825
282 330
283 402
283 503
283 707
283 841
283 940
284 425
284 481
284 684
284 736
285 544
285 561
285 647
286 329
286 715
286 990
287 421
287 462
287 543
287 591
287 599
287 917
288 388
288 755
288 881
289 309
289 312
289 319
289 384
289 791
289 907
289 910
290 304
290 326
290 538
290 577
290 795
291 367
291 748
291 788
291 857
292 474
292 494
292 694
292 708
292 905
292 970
292 979
293 499
293 612
294 794
294 878
294 934
294 935
295 309
295 347
295 371
295 475
295 505
295 714
295 853
296 432
296 785
296 806
296 932
297 581
298 308
298 448
298 716
298 757
298 816
298 994
299 502
299 664
299 795
299 843
299 979
300 485
300 508
300 980
300 987
301 368
301 869
301 913
301 938
302 442
302 687
303 524
303 532
303 566
304 656
304 847
304 908
304 942
304 969
304 974
305 379
305 401
305 403
305 468
305 526
305 551
305 690
305 865
306 335
306 748
306 981
308 638
309 644
310 552
310 607
310 619
310 628
310 799
311 500
311 658
311 889
311 891
312 376
312 401
312 439
312 623
312 725
312 772
312 802
312 866
313 543
313 567
313 586
313 639
314 330
314 448
314 492
314 536
314 577
314 668
314 791
314 792
314 862
315 600
316 422
316 595
316 673
316 853
316 945
316 999
317 495
317 623
317 939
318 350
318 424
318 457
318 579
318 608
318 657
318 773
318 783
318 792
318 860
318 930
318 980
319 386
319 429
319 462
320 390
320 433
320 497
320 548
320 633
320 646
320 753
321 432
321 559
321 794
321 842
322 364
322 934
323 522
323 612
323 845
323 907
324 335
324 680
324 785
324 872
325 452
325 683
325 751
325 803
325 804
326 766
327 470
327 482
327 666
327 696
327 733
328 384
328 420
328 436
328 673
328 687
328 761
328 885
328 939
329 354
329 465
329 600
329 652
329 769
329 790
329 801
329 915
329 920
329 978
330 382
330 464
330 854
330 899
330 971
331 386
331 400
331 496
331 678
331 745
332 455
332 709
332 755
332 836
332 977
333 392
333 502
333 711
333 748
333 791
333 826
333 932
334 400
334 416
334 712
334 906
335 431
335 620
335 641
335 687
335 848
336 510
336 691
336 782
336 823
336 944
337 362
337 853
338 512
338 525
338 573
338 679
338 871
339 672
339 774
340 374
340 385
340 438
340 456
340 573
340 665
340 711
340 818
340 819
340 841
340 947
340 992
341 361
341 517
341 884
341 926
342 370
342 493
342 584
343 433
343 522
343 752
343 908
344 376
344 398
344 610
344 723
344 779
344 792
344 885
344 943
345 381
345 512
345 752
345 762
345 819
345 867
345 873
346 616
346 717
346 882
346 987
347 451
347 481
347 579
347 703
347 764
348 697
348 855
350 373
351 372
351 389
351 471
351 709
351 933
352 387
352 402
352 662
352 890
352 990
353 575
354 734
354 752
354 772
354 820
354 825
354 831
355 692
355 711
356 438
356 547
356 589
356 839
356 938
357 474
357 492
358 411
358 474
358 596
358 881
359 453
359 576
359 615
359 648
359 858
359 892
360 598
360 908
361 737
361 925
362 453
362 900
363 558
363 717
363 980
364 622
365 406
365 557
365 578
365 641
365 780
365 859
366 576
366 801
367 377
367 840
367 980
368 411
369 421
369 739
370 377
370 581
370 621
370 863
371 808
371 836
372 433
372 459
372 956
373 379
374 466
374 651
374 673
374 838
374 907
375 473
375 565
375 637
375 709
375 715
376 419
376 439
376 452
376 659
377 414
377 461
377 658
377 922
378 387
378 576
379 750
380 418
380 493
380 542
380 629
380 665
380 898
381 450
381 803
381 832
381 841
381 924
381 989
382 619
383 593
383 701
383 705
383 811
383 857
383 975
384 542
384 610
384 674
385 687
385 955
385 986
386 487
386 710
386 788
386 793
387 409
387 568
387 675
387 936
388 425
388 508
388 867
388 995
389 404
389 572
389 626
389 648
389 657
390 457
390 702
390 837
390 924
391 450
391 644
391 704
391 735
392 406
393 433
393 570
394 495
394 709
394 884
395 453
395 454
395 511
396 463
396 829
396 920
397 522
397 634
397 663
397 736
397 741
398 701
398 718
398 909
398 935
398 947
398 964
399 409
399 514
399 537
399 557
399 942
401 637
402 472
402 604
402 618
402 685
402 783
402 889
402 899
403 714
404 531
404 615
404 631
404 659
405 560
405 621
405 723
406 474
406 503
406 843
407 410
407 566
407 695
408 424
408 425
409 792
410 478
410 505
410 531
410 743
410 932
411 708
411 710
411 747
412 456
412 463
412 560
412 662
412 716
413 504
414 595
414 714
414 950
415 673
415 700
415 773
415 808
415 820
416 419
416 603
416 615
416 938
417 481
417 533
417 537
417 573
417 636
417 674
417 725
417 780
417 806
418 556
418 710
418 787
419 421
419 526
419 542
419 926
419 947
420 621
420 774
420 855
420 971
420 990
421 448
421 543
421 856
422 588
422 970
423 486
423 566
423 854
424 493
424 610
424 812
424 998
426 495
426 708
426 968
427 473
428 850
429 503
429 872
429 876
430 443
430 606
431 513
431 522
431 764
432 738
432 855
433 665
434 478
434 527
434 594
434 802
435 869
436 541
436 666
436 667
436 756
436 952
436 961
436 986
437 561
437 766
437 953
437 997
438 506
438 508
438 946
438 958
439 639
439 760
439 828
439 994
440 981
441 587
441 642
441 782
441 807
442 690
442 913
443 457
443 582
443 755
443 798
443 863
443 912
444 630
444 655
444 828
444 841
444 920
445 464
445 472
445 715
445 770
445 922
445 958
446 475
446 586
446 596
446 677
447 705
447 780
447 809
448 576
448 765
448 867
448 903
448 917
449 530
449 735
449 882
450 582
451 662
451 711
451 930
451 938
451 964
452 474
453 613
454 663
455 475
455 607
455 781
455 817
455 834
455 869
456 617
456 925
456 942
457 467
457 572
457 985
458 466
458 724
458 735
458 860
459 548
459 621
459 974
459 976
460 559
460 969
461 489
461 720
461 938
462 570
463 967
463 995
464 814
464 883
465 491
465 834
465 941
466 532
467 478
467 537
467 562
467 632
467 646
467 674
467 733
468 527
468 577
468 865
468 902
468 910
469 560
469 641
470 691
470 712
470 787
470 934
471 628
471 659
471 788
471 825
471 888
472 575
472 898
474 703
475 519
475 529
475 609
475 648
475 687
475 747
476 700
476 705
476 715
476 735
476 780
477 706
477 857
478 788
478 933
478 985
479 513
479 758
480 588
480 603
480 610
480 684
480 750
480 917
480 988
481 488
481 807
482 604
482 868
482 883
483 497
484 626
484 638
485 514
485 642
485 734
486 555
486 659
486 719
487 999
488 492
488 548
488 836
488 963
488 965
488 984
489 656
489 714
489 836
489 856
490 672
490 762
490 784
490 916
491 526
491 838
491 899
493 603
493 694
493 895
493 949
494 506
494 780
494 964
494 985
495 529
495 583
495 678
496 725
497 509
497 707
497 754
497 793
497 968
498 516
498 674
498 690
499 585
499 816
500 550
500 581
500 678
500 830
500 863
500 983
501 558
501 568
501 574
501 780
501 990
502 520
502 559
502 635
502 721
502 965
503 612
503 653
503 864
504 520
504 600
504 836
504 987
505 596
505 851
505 915
506 559
506 611
506 650
507 685
507 754
507 969
508 666
509 735
510 564
510 623
510 625
510 732
511 537
511 552
511 619
511 803
511 881
513 523
513 647
513 910
514 587
514 894
515 681
515 717
516 750
516 916
517 898
518 825
518 862
518 916
518 954
519 749
519 889
520 542
520 698
520 888
520 928
521 681
521 795
522 602
522 699
522 821
524 958
525 677
525 798
525 838
525 854
526 862
526 918
526 955
528 625
528 798
528 819
528 846
528 916
529 650
529 894
530 581
530 593
530 632
530 703
530 708
530 781
530 874
531 740
531 766
531 868
531 990
532 691
532 791
533 622
533 711
533 940
533 968
534 866
534 981
535 572
535 639
535 752
535 847
535 868
535 907
536 674
536 930
536 990
537 611
537 623
538 589
538 978
540 567
540 761
540 853
541 785
541 866
541 993
542 811
543 570
543 766
543 961
544 580
544 628
544 633
544 781
544 857
544 952
545 614
545 827
545 833
546 802
546 868
546 915
547 555
547 771
547 988
548 597
548 798
549 717
550 751
551 570
551 814
551 828
551 934
552 559
552 601
552 662
552 766
552 955
552 982
553 606
553 717
554 653
554 797
554 843
554 880
554 959
555 580
555 870
555 956
555 985
556 861
556 928
556 995
557 699
557 746
557 979
558 736
558 986
559 579
559 586
559 610
559 814
560 595
560 681
560 829
560 839
560 874
561 680
561 708
561 961
561 985
562 668
562 967
562 996
563 598
563 951
563 980
563 995
564 603
564 676
564 882
564 926
564 944
565 797
566 648
566 813
567 597
567 779
567 790
567 904
567 910
567 963
568 682
568 770
569 664
569 699
569 744
569 760
569 881
569 891
569 963
569 974
570 616
571 944
571 981
572 969
572 990
572 997
573 680
573 853
573 955
574 746
574 951
575 619
575 842
575 866
576 786
576 818
576 894
577 601
577 683
577 790
577 954
578 731
578 782
578 943
579 585
579 625
579 735
579 771
579 812
579 987
580 596
580 607
580 674
581 751
581 845
581 987
582 829
583 763
583 837
583 897
584 653
584 861
584 967
585 672
586 781
586 796
587 606
587 901
588 619
588 710
589 594
589 958
590 671
590 767
590 829
590 882
591 789
591 836
591 918
594 658
594 659
594 757
595 884
596 628
596 805
596 848
598 966
599 817
600 780
600 927
601 712
601 902
602 956
603 612
603 761
604 767
604 845
604 877
604 929
604 931
604 993
605 780
605 984
606 798
606 872
606 945
607 616
607 665
607 677
607 682
607 980
608 873
610 769
611 620
611 849
611 944
613 704
613 727
613 809
613 911
614 637
614 868
615 672
615 718
615 770
615 880
615 972
616 959
616 965
617 810
617 935
617 976
618 709
619 703
619 756
619 819
619 967
620 680
621 951
622 638
622 783
622 931
623 720
623 737
623 939
623 968
623 969
624 716
624 809
625 629
625 655
625 869
625 972
628 781
630 794
630 952
632 902
632 996
633 739
633 763
634 684
634 834
634 899
634 909
634 938
635 730
635 795
635 870
635 996
636 725
637 876
637 998
638 698
638 833
638 975
639 826
639 935
640 645
640 661
641 660
641 709
641 726
642 840
642 963
642 980
643 647
643 805
643 808
643 813
643 942
644 677
644 730
644 942
645 871
645 900
646 771
647 712
647 829
647 963
648 662
648 713
648 803
648 874
649 814
649 848
649 934
650 665
651 825
651 884
652 861
653 765
653 863
653 886
653 940
654 665
654 676
654 702
654 954
655 863
658 868
658 878
659 741
660 745
660 820
660 885
660 936
661 731
661 817
661 891
662 666
662 685
662 718
662 975
662 988
663 769
664 757
664 789
665 947
666 749
666 927
667 792
668 805
668 816
668 885
668 890
669 849
669 936
670 683
670 728
670 842
671 791
671 933
672 969
673 744
674 781
674 846
675 861
675 877
675 926
676 705
676 730
676 817
677 716
677 739
677 745
677 916
677 935
679 773
679 921
679 938
680 710
682 890
683 931
684 744
684 900
684 989
685 757
685 862
686 748
688 743
688 871
689 864
689 878
690 947
691 701
691 869
692 857
693 776
694 699
694 768
695 796
695 912
695 952
696 847
696 873
696 965
697 888
697 925
697 981
698 706
698 709
698 971
699 805
699 809
700 702
700 768
700 788
700 850
701 887
704 748
704 837
704 975
705 711
705 803
705 820
705 875
705 923
706 936
707 759
707 802
707 886
708 747
709 953
710 952
711 747
711 862
713 718
713 782
713 866
715 830
715 964
716 728
717 770
718 781
718 824
718 927
720 873
721 809
721 949
721 961
722 882
723 728
723 780
723 834
723 838
723 927
723 932
725 792
725 839
726 760
727 819
728 804
728 816
728 871
729 739
729 910
730 869
731 777
732 746
733 909
734 770
734 799
735 771
735 809
735 931
737 963
738 923
738 970
739 837
739 882
740 799
740 824
740 847
740 915
743 966
744 857
744 873
745 950
746 781
746 828
746 856
747 963
749 784
749 828
750 918
751 795
752 950
753 788
754 985
755 863
755 996
756 835
756 953
756 991
757 923
758 907
759 766
759 841
759 928
760 791
760 880
760 935
760 958
760 982
761 893
762 835
763 797
763 802
764 831
764 887
764 944
764 976
765 957
766 933
767 833
768 791
768 808
768 847
769 832
769 846
769 986
771 988
772 823
772 933
773 800
773 875
774 883
774 900
776 919
777 896
779 786
780 831
781 872
782 864
783 869
783 996
784 927
785 787
786 876
787 813
787 909
787 933
788 814
788 836
789 958
790 983
791 805
791 834
791 835
791 954
793 870
793 951
794 823
794 918
794 948
794 973
795 918
795 997
797 881
797 902
797 982
799 858
799 967
802 848
802 962
804 893
805 830
806 807
806 878
806 970
806 978
809 815
809 961
811 827
811 829
811 971
812 846
812 857
813 854
813 908
813 990
814 985
817 831
817 850
817 853
818 890
820 832
821 899
822 976
823 830
823 852
823 863
823 867
823 970
824 931
825 881
827 947
827 961
828 930
828 985
830 986
833 876
833 963
834 905
836 981
837 851
837 873
837 882
837 887
837 929
837 995
840 932
842 871
842 975
842 985
843 992
845 850
846 890
847 964
848 968
850 936
851 919
852 863
852 972
853 873
853 992
855 896
856 929
858 917
859 878
859 897
859 995
861 927
861 952
862 995
865 915
866 917
867 912
867 953
868 933
871 993
872 917
873 881
873 968
873 990
875 919
876 910
877 892
878 933
879 932
880 991
882 901
883 951
891 907
891 957
892 939
893 925
896 954
898 964
899 922
899 930
900 941
903 999
906 986
907 963
908 964
908 974
909 938
909 996
910 961
910 995
911 924
913 981
914 924
915 925
916 947
917 940
919 977
919 986
923 941
924 962
929 952
930 944
932 968
936 941
938 998
940 942
941 981
941 999
942 997
944 946
944 999
946 961
950 999
954 974
962 963
972 999
990 995
