0 381
1 115
1 211
1 270
1 303
1 798
2 38
2 75
2 139
2 373
2 374
2 656
2 928
2 934
3 6
3 150
3 394
3 536
4 40
4 279
4 502
4 658
4 714
4 757
4 885
5 165
5 435
5 457
5 701
6 31
6 198
6 247
6 310
6 533
6 667
6 726
7 135
7 270
7 347
7 472
7 746
8 411
8 534
8 689
8 908
9 329
9 399
9 661
9 919
10 150
10 186
10 259
10 577
10 856
10 896
11 356
11 583
11 614
11 861
11 878
11 946
11 963
12 20
12 53
12 173
12 196
12 227
12 391
12 497
12 660
12 953
13 64
13 85
13 473
13 776
14 213
14 333
14 409
14 412
14 441
14 620
14 845
14 939
14 982
15 82
15 564
15 736
15 899
16 45
16 106
16 310
16 322
16 395
16 651
16 870
17 470
17 625
17 849
17 867
18 91
18 211
18 251
18 460
18 675
18 790
19 153
19 165
19 419
19 485
20 255
20 381
20 532
20 961
21 253
21 589
21 954
22 375
23 281
23 532
23 550
23 700
23 941
24 116
24 193
24 324
24 353
24 539
24 770
25 71
25 276
25 280
25 309
25 511
25 670
25 802
26 167
26 182
26 521
26 779
27 753
27 876
27 905
27 945
27 999
28 240
28 444
28 506
28 516
28 685
28 691
28 702
29 64
29 84
29 185
29 661
29 959
30 568
30 594
30 730
30 836
30 953
30 988
31 189
31 287
31 314
31 317
31 752
31 755
31 916
31 926
32 394
32 480
32 554
32 827
33 102
33 147
33 257
33 416
33 542
33 723
34 445
34 795
34 924
35 99
35 259
35 381
35 524
36 421
36 438
36 555
36 570
36 618
36 719
36 809
36 890
37 39
37 179
37 362
37 643
37 731
37 857
38 119
38 186
38 348
38 627
38 698
38 947
39 405
39 471
39 676
39 858
40 112
40 431
40 496
40 657
40 758
40 870
41 43
41 85
41 183
41 401
41 674
42 144
42 571
42 610
42 636
42 639
43 159
43 231
43 826
44 198
44 275
44 402
44 470
44 515
44 582
45 160
45 510
45 621
45 916
46 63
46 643
46 848
47 126
47 304
47 730
47 751
48 82
48 401
48 743
48 941
49 412
49 480
49 643
49 694
49 875
50 137
50 171
50 218
50 230
50 383
50 724
50 844
50 883
50 944
50 987
51 193
51 295
51 536
51 852
52 62
52 168
52 256
52 690
52 710
52 759
52 867
52 898
53 498
53 675
53 746
54 397
54 668
55 535
55 649
56 80
56 116
56 126
56 252
56 395
56 428
56 711
56 866
56 924
57 119
57 274
57 419
57 703
57 791
57 832
57 921
58 284
58 392
58 562
58 625
58 642
59 68
59 152
59 668
59 696
59 912
60 321
60 735
60 977
60 986
61 89
61 284
61 543
61 562
61 764
61 776
61 983
62 387
62 394
62 649
63 75
63 200
63 245
63 531
63 749
63 855
64 176
64 465
64 495
64 538
64 602
64 655
64 858
65 309
65 325
65 567
65 803
66 309
66 357
66 540
66 555
66 731
67 159
67 778
67 782
67 905
68 187
68 452
68 563
68 823
68 867
69 125
69 317
69 341
69 344
69 630
70 128
70 136
70 599
71 92
71 153
71 587
71 703
71 795
71 989
72 245
72 401
72 461
72 698
72 782
72 962
73 368
73 421
73 488
73 656
73 832
74 88
74 126
74 160
74 593
75 663
75 864
75 929
76 226
76 884
76 948
77 525
77 645
77 682
77 948
78 153
78 380
78 447
78 779
79 326
79 360
79 430
80 131
80 264
80 292
80 311
80 374
80 416
80 658
80 733
81 257
81 373
81 433
81 793
81 924
82 225
82 312
82 341
82 623
82 757
82 901
82 992
83 151
83 315
83 330
83 575
83 664
83 701
83 720
84 179
84 418
84 531
84 645
84 712
84 833
84 903
85 218
85 387
85 497
85 800
85 818
85 849
86 369
86 613
86 805
87 122
87 316
87 509
87 528
87 529
87 677
88 115
88 194
88 222
88 437
88 534
88 639
89 151
89 496
89 604
90 672
90 804
90 993
91 148
91 302
91 312
91 401
91 585
91 611
91 760
91 852
91 959
92 227
92 313
92 571
92 993
93 95
93 111
93 188
93 198
93 209
93 211
93 270
93 337
93 351
93 538
93 855
94 132
94 198
94 203
94 600
94 776
94 786
94 852
95 410
95 587
95 938
96 161
96 307
96 477
96 573
96 669
97 310
97 362
97 505
97 905
98 303
98 432
98 529
98 708
98 850
98 884
99 109
99 242
99 631
99 883
100 115
100 235
100 239
100 611
100 860
101 420
101 484
101 749
101 971
102 388
102 678
102 746
102 877
102 997
103 111
103 141
103 342
103 519
103 690
103 891
104 150
104 152
104 178
104 305
104 311
104 390
104 510
104 609
104 744
105 204
105 240
105 296
105 419
105 525
105 821
105 964
106 113
106 347
106 493
106 500
106 602
106 626
106 770
106 792
106 920
107 160
107 443
107 446
107 592
107 778
107 984
108 145
108 175
108 535
108 601
108 633
108 639
108 676
108 864
108 947
108 963
109 308
109 344
109 373
109 397
109 670
109 703
109 753
109 897
110 401
110 522
110 615
110 715
110 884
110 915
111 158
111 480
111 496
111 569
111 790
111 940
112 164
112 451
112 520
112 522
112 808
112 942
112 965
113 147
113 171
113 687
114 819
115 242
115 339
115 588
116 388
116 437
116 459
116 500
116 523
116 635
116 702
117 224
117 582
117 649
117 717
117 768
117 908
118 204
118 322
118 509
118 554
118 906
119 197
119 216
119 346
119 462
120 465
120 912
121 145
121 575
121 794
121 932
122 973
123 405
123 459
123 477
123 693
123 748
123 799
123 817
123 866
124 856
125 140
125 720
125 836
125 850
125 906
125 950
125 995
126 190
126 428
126 758
126 791
126 914
127 174
127 239
127 501
127 510
127 642
127 670
127 674
127 685
127 740
127 789
127 826
127 944
128 183
128 195
128 295
128 300
128 424
128 680
128 760
128 912
129 387
129 771
129 813
129 869
130 312
130 618
130 819
130 887
131 289
131 415
131 435
131 481
131 518
131 927
132 415
133 142
133 348
133 800
134 296
135 144
135 233
135 388
135 708
135 730
135 912
135 914
135 975
136 374
136 413
136 694
136 794
136 972
137 420
137 450
137 517
137 546
137 646
137 695
137 732
137 799
137 809
138 569
138 881
139 187
139 299
139 468
139 739
139 987
140 333
140 453
140 821
141 147
141 309
141 491
141 552
141 919
141 923
142 197
142 263
142 391
142 496
142 671
142 690
142 733
143 157
143 394
143 448
143 481
143 649
143 845
143 879
143 926
143 976
144 334
144 669
144 979
145 373
145 723
145 860
146 318
146 378
146 409
147 431
147 451
147 488
147 747
148 241
148 248
148 854
148 872
148 935
148 965
149 247
149 527
149 538
149 720
150 177
150 593
150 751
151 326
151 477
151 502
151 640
151 685
151 689
152 215
152 319
152 381
152 629
152 795
152 844
153 542
153 579
154 293
154 367
154 414
154 578
154 606
154 940
155 218
155 221
155 296
155 297
155 594
155 738
155 829
156 446
156 615
156 722
156 934
156 979
157 435
157 473
157 683
157 797
157 820
157 924
158 184
158 212
158 263
158 298
158 402
158 669
158 714
158 778
158 934
159 172
159 308
159 547
159 755
159 786
159 841
159 846
159 903
159 911
159 988
160 435
160 450
160 620
161 261
161 293
161 321
161 528
161 716
161 890
161 985
161 989
162 298
162 454
162 669
162 790
162 794
162 990
163 276
163 286
163 369
163 862
163 996
164 275
164 343
164 970
164 974
165 198
165 375
165 378
165 466
165 713
165 849
166 295
166 475
166 569
166 607
166 689
166 720
166 909
166 930
167 298
167 357
167 498
167 536
167 676
168 286
168 366
168 609
168 805
169 213
169 458
169 572
170 418
170 606
170 828
170 981
171 226
171 689
171 766
171 955
171 977
172 320
172 505
172 679
172 877
173 440
173 490
173 540
173 566
173 609
173 612
173 682
173 963
174 444
174 700
174 778
175 280
175 301
175 310
175 313
175 331
175 344
175 396
175 618
176 268
176 457
176 462
176 489
176 623
176 774
176 801
177 538
177 654
177 661
178 266
178 328
178 480
178 544
178 569
178 669
178 684
179 857
179 862
180 270
180 427
180 510
180 635
180 778
181 312
181 347
181 514
181 597
181 672
181 774
181 867
182 569
182 591
182 857
182 902
182 961
183 376
183 641
183 723
183 771
183 843
185 257
185 506
185 767
185 814
185 976
186 242
186 290
186 380
186 461
186 511
186 558
186 626
187 434
187 694
187 861
188 835
188 906
188 932
189 497
189 712
189 988
190 254
190 533
190 544
190 746
190 779
190 983
191 424
191 785
192 424
192 545
192 567
192 685
192 883
193 427
193 442
193 552
193 737
193 887
194 274
194 463
194 619
194 684
194 800
194 878
194 904
195 390
195 443
195 541
195 948
196 466
196 809
196 850
197 201
197 648
197 879
198 735
198 975
199 667
200 445
200 504
200 592
200 959
201 222
201 376
201 484
202 291
202 334
202 355
202 749
202 854
203 591
204 644
204 906
204 931
205 324
205 383
205 431
205 436
205 483
205 610
205 654
205 738
205 952
206 268
206 292
206 630
206 677
206 793
206 800
206 866
206 985
207 399
207 615
207 714
207 962
208 456
208 575
208 734
208 759
208 794
209 550
209 584
209 639
209 953
210 460
210 513
210 977
211 407
211 411
211 486
211 523
211 782
211 809
211 885
211 964
211 979
212 357
212 531
212 870
212 903
212 993
213 400
213 526
213 992
214 547
214 560
215 319
215 518
215 771
215 791
215 824
215 872
215 997
216 578
216 682
216 782
217 253
217 354
217 394
217 487
217 977
218 378
218 467
218 740
219 336
219 354
219 706
219 723
219 765
220 326
221 225
221 239
221 246
222 369
222 479
222 507
222 758
222 809
222 830
222 861
223 467
223 701
223 755
223 793
223 808
224 251
224 430
224 494
224 515
224 518
224 781
225 252
225 274
225 699
225 805
225 811
225 951
225 958
226 334
226 352
226 471
226 691
226 782
226 897
226 927
227 499
227 686
227 797
227 967
228 264
228 281
228 349
228 512
228 562
228 791
228 794
228 806
228 970
229 232
229 369
229 445
229 618
230 309
230 671
230 855
230 866
231 267
231 312
231 410
231 492
231 511
231 681
231 771
231 836
231 947
231 953
232 352
232 387
232 500
232 518
232 685
232 847
233 344
233 428
233 708
234 815
234 889
234 944
235 264
235 423
235 771
235 795
235 848
235 899
235 903
235 948
236 397
236 443
236 670
236 682
236 720
236 825
236 838
237 240
237 421
237 457
237 608
237 733
237 773
237 776
238 363
238 657
238 914
239 283
239 364
239 565
239 566
239 617
239 819
240 354
240 761
241 450
241 665
241 701
241 792
242 329
242 379
242 492
242 538
242 609
242 703
242 859
243 526
244 480
244 606
244 747
244 757
244 905
245 278
245 611
245 677
245 688
245 964
245 987
246 384
246 459
246 790
247 433
247 575
247 695
247 725
247 745
248 598
248 607
248 694
248 738
249 301
249 760
249 819
249 884
249 954
250 514
250 741
250 879
250 925
251 576
251 917
251 971
251 987
252 275
252 458
252 626
252 700
252 748
252 830
252 887
252 947
252 955
252 990
253 308
253 330
253 703
254 272
254 381
254 453
254 573
254 660
255 457
255 503
255 597
255 759
256 422
256 860
257 686
257 804
258 636
258 900
258 942
259 334
259 431
259 522
259 625
260 506
260 687
260 895
261 405
261 839
262 378
262 384
262 556
262 722
262 997
263 495
263 625
263 650
263 937
263 958
264 303
264 539
264 827
264 920
264 932
265 475
265 564
265 671
265 672
266 494
266 596
266 681
266 717
266 892
267 413
267 818
267 875
268 296
268 859
269 532
269 914
270 318
270 336
270 345
270 363
270 393
270 430
270 482
270 540
270 607
270 786
270 805
270 936
271 346
271 373
271 566
271 646
271 649
271 710
271 840
271 870
272 663
272 752
272 830
272 947
273 447
273 797
274 751
274 839
274 921
274 976
276 366
276 510
276 659
277 351
277 385
277 598
278 356
278 571
278 702
278 720
278 838
278 881
278 982
279 330
279 342
279 487
279 575
279 685
280 380
280 547
280 581
280 656
280 950
281 290
281 393
281 449
281 510
281 585
281 684
281 771
281 968
282 859
283 348
283 399
283 890
284 395
284 459
284 658
284 679
284 723
284 764
284 806
284 844
284 867
284 948
285 409
285 414
285 415
285 989
286 312
286 578
286 872
286 898
287 379
287 659
287 814
287 905
287 919
288 299
288 614
288 635
288 828
289 307
289 400
289 674
289 728
289 984
290 757
290 949
290 960
291 616
291 763
291 787
291 839
291 907
292 369
292 472
292 627
292 656
292 667
292 773
292 823
292 998
293 446
293 499
293 580
293 609
293 688
293 814
293 882
294 359
294 508
294 762
294 803
294 925
295 432
295 551
295 728
295 759
295 783
295 988
296 377
296 530
296 592
297 421
297 488
297 528
297 796
297 873
298 395
298 470
298 842
299 346
300 320
300 376
300 437
300 457
300 493
300 548
300 731
300 793
300 935
301 504
301 585
301 675
301 705
301 907
301 978
302 377
302 828
303 326
303 358
303 543
303 604
303 638
303 832
303 837
303 846
304 708
304 744
304 927
305 514
305 602
305 720
305 881
306 665
306 924
307 360
307 830
307 938
308 781
309 585
310 330
310 444
310 457
311 576
312 457
312 946
312 959
313 447
313 493
313 712
313 779
314 711
314 729
314 830
314 889
315 454
315 522
315 620
316 503
316 577
316 641
316 799
316 924
317 458
317 780
317 789
317 835
318 423
318 514
319 761
320 399
320 418
321 591
321 754
321 833
321 931
322 450
322 577
322 733
323 360
323 516
323 643
323 703
323 753
323 800
324 439
324 680
324 942
325 431
325 585
325 716
326 410
326 487
326 568
326 728
326 743
326 788
326 892
326 943
327 362
327 372
327 622
327 659
327 673
327 727
328 478
328 550
328 737
329 790
329 854
329 868
329 970
329 997
330 424
330 681
330 817
330 866
331 630
331 631
332 363
332 898
332 945
332 996
333 376
333 394
333 582
333 650
333 670
334 538
334 573
334 668
334 702
334 864
334 982
335 349
335 365
335 522
335 741
335 983
336 394
336 473
336 582
336 689
336 887
337 395
337 463
337 465
337 999
338 366
338 581
338 657
338 825
338 926
338 980
339 363
339 916
339 963
340 671
340 784
340 796
341 392
341 514
341 586
341 590
341 818
342 941
343 585
343 655
343 731
343 837
343 872
343 937
343 955
344 376
344 378
344 445
344 591
344 604
344 709
344 827
344 936
345 376
345 422
345 487
345 612
346 484
346 846
346 983
347 410
347 746
348 644
348 670
348 725
348 754
348 854
349 425
349 480
349 741
350 358
350 379
350 523
350 796
351 400
351 426
351 749
352 590
352 679
352 682
352 815
353 368
353 573
353 593
354 722
354 836
355 725
356 523
356 543
356 621
356 903
357 441
357 454
357 458
357 526
357 563
357 965
358 507
358 518
358 586
358 629
359 743
359 929
359 952
360 413
360 614
360 666
360 920
360 983
361 413
361 484
361 517
361 556
361 645
361 907
361 955
361 988
362 377
362 404
362 445
363 806
364 540
364 756
365 700
365 704
365 746
365 824
366 518
366 624
366 834
367 570
367 815
368 399
368 460
368 465
368 514
368 740
369 374
369 511
369 902
369 927
370 450
370 476
370 487
370 524
370 554
370 617
370 926
370 935
371 607
371 963
372 563
372 607
372 825
373 664
373 674
373 749
373 887
373 982
374 485
374 547
374 855
374 975
375 579
375 643
375 810
376 651
376 732
376 784
376 864
377 575
377 627
377 796
377 971
378 441
378 654
378 700
378 850
379 588
379 669
379 710
379 746
379 838
380 416
380 456
380 642
380 921
381 621
382 502
382 873
382 992
382 993
383 484
383 869
383 900
383 913
383 957
384 520
384 532
384 657
384 708
384 774
384 922
385 544
385 669
386 425
386 614
386 624
386 774
386 965
387 438
387 768
388 508
388 688
388 879
388 906
388 991
389 518
389 990
391 483
391 875
391 988
392 419
392 471
392 617
392 624
393 481
393 699
393 863
394 502
394 655
395 506
395 530
395 562
395 566
395 651
395 814
395 829
396 745
396 764
396 884
397 530
397 892
398 471
398 802
398 906
399 873
399 968
400 531
400 610
401 473
401 475
401 661
402 880
402 923
403 616
403 843
403 886
403 892
404 439
404 467
404 535
404 704
404 894
404 967
405 463
405 949
405 981
405 984
406 508
406 632
406 720
407 525
407 732
407 746
408 747
408 850
409 868
409 893
409 947
410 529
410 567
410 979
411 522
411 560
411 709
412 472
412 686
412 747
413 539
413 706
413 815
413 912
413 940
414 433
414 564
414 694
415 518
416 790
416 931
416 937
417 486
417 545
417 581
417 655
417 766
417 807
417 944
418 651
418 729
418 963
419 492
419 574
419 589
419 692
419 719
419 879
419 966
420 954
421 454
421 472
421 480
421 484
421 663
421 906
421 912
422 626
422 634
422 673
422 758
422 778
422 983
423 483
423 550
423 937
424 660
424 750
424 789
424 919
426 580
426 596
426 617
426 731
426 890
426 931
427 583
427 743
428 565
428 592
428 607
428 895
429 448
429 666
429 686
429 793
429 873
430 490
430 772
431 684
431 757
431 822
431 907
432 458
432 516
432 588
432 708
432 883
432 971
434 448
434 616
434 723
435 691
435 871
435 971
435 986
436 867
436 873
437 715
437 783
438 861
438 979
439 546
439 952
440 479
441 667
442 544
442 575
442 611
442 670
442 692
442 803
442 833
442 881
442 882
443 452
443 537
443 581
443 793
443 902
444 935
445 612
445 805
445 829
445 879
445 898
446 509
446 623
446 657
446 661
446 674
446 897
447 481
447 977
448 512
448 545
448 611
449 497
450 611
451 573
451 710
452 529
452 533
452 588
452 747
452 799
452 846
452 851
453 526
453 621
453 798
454 580
454 636
454 639
454 711
454 802
455 628
455 821
455 915
455 999
456 471
456 477
456 623
456 649
456 851
456 875
456 975
456 978
457 502
457 592
457 739
457 783
457 901
457 902
457 913
457 935
458 761
459 803
459 840
459 999
460 508
460 674
461 535
462 525
462 672
462 926
463 519
463 579
463 612
463 911
464 639
464 882
465 544
465 829
465 891
466 467
466 484
466 655
466 671
466 786
466 824
467 741
467 964
468 665
468 831
469 490
469 642
469 911
470 650
471 506
471 636
471 670
472 543
472 816
473 615
473 627
474 551
474 604
474 687
474 715
474 761
474 791
475 687
476 642
476 897
476 978
477 515
477 592
477 667
477 736
478 696
478 725
478 951
479 583
479 759
479 778
479 974
479 975
480 617
480 935
481 780
481 846
481 985
482 527
482 582
482 951
483 514
483 523
483 572
483 590
483 749
483 993
484 514
484 565
484 591
484 594
484 610
484 652
484 857
485 486
486 626
486 787
486 884
486 893
487 900
488 513
488 557
488 603
488 890
488 893
488 905
488 910
490 532
490 601
490 619
490 892
491 642
491 932
492 532
492 623
492 815
492 842
492 865
493 626
493 684
493 698
493 792
494 586
494 611
494 704
494 875
495 879
495 988
496 511
496 558
496 622
496 741
496 809
496 810
497 924
497 971
498 535
498 760
498 813
498 843
498 883
498 975
498 995
499 810
499 844
500 557
500 728
500 776
501 626
501 739
502 856
502 876
503 572
503 792
504 603
504 608
504 724
504 896
505 677
505 681
505 757
505 963
506 513
506 527
506 543
506 551
506 806
506 815
506 861
506 893
506 933
506 992
507 541
507 554
507 639
507 853
508 737
508 866
508 909
509 755
510 835
510 925
510 998
511 590
511 730
511 897
512 535
512 690
512 818
512 885
512 954
512 983
513 723
513 727
513 823
514 588
514 671
514 843
514 939
515 700
515 856
516 857
516 922
517 676
517 825
517 838
517 844
517 848
517 856
517 878
517 882
517 912
517 931
517 941
518 692
518 931
518 945
519 560
519 610
519 678
519 840
519 909
520 719
520 757
520 863
521 670
522 646
522 844
523 653
523 670
524 561
524 610
524 653
524 682
524 983
525 541
527 571
527 610
528 554
528 755
528 906
528 967
529 596
529 604
529 824
530 678
530 970
531 599
531 626
531 736
531 789
532 637
532 771
532 798
532 815
532 828
532 998
533 578
533 688
533 998
534 720
534 775
534 955
534 959
534 998
535 842
536 659
536 666
537 564
537 609
537 694
537 969
538 594
539 650
539 996
540 562
540 676
540 770
541 544
541 704
541 746
541 749
541 959
542 812
543 602
543 803
543 976
543 984
544 704
544 756
545 779
545 920
546 929
547 641
547 841
547 986
548 679
548 701
548 921
548 945
549 720
549 774
549 808
549 995
550 620
550 838
550 883
551 870
552 793
553 681
553 788
553 875
553 968
554 630
556 775
556 856
557 619
557 930
558 582
558 597
558 606
558 637
558 815
559 691
559 926
560 577
560 690
560 702
560 816
560 838
561 612
561 904
562 687
562 736
563 872
565 678
565 725
565 861
565 932
565 942
566 652
566 672
566 862
566 923
567 588
568 606
568 660
568 676
568 755
568 805
569 731
570 666
570 839
570 900
570 942
571 630
571 821
571 989
572 758
572 763
572 975
573 768
573 790
574 791
574 868
574 902
575 753
575 921
575 934
576 714
576 743
577 579
577 711
577 834
577 884
577 930
577 973
578 868
578 869
578 916
579 697
579 852
580 747
580 819
581 716
581 838
581 935
581 989
582 958
583 734
583 952
583 999
584 875
584 937
585 675
585 775
585 875
585 978
586 656
586 695
586 720
586 729
586 929
587 667
587 803
587 868
587 968
588 981
589 814
590 612
590 657
591 845
591 865
591 890
592 794
593 631
593 915
594 794
594 798
594 809
595 913
596 776
596 891
597 723
597 830
598 842
598 997
600 774
600 835
601 796
601 986
602 981
602 995
603 720
603 843
603 921
604 660
604 726
604 785
604 904
604 909
604 914
605 613
605 938
605 981
606 919
606 938
607 641
607 655
607 873
607 936
608 698
608 889
608 928
610 630
610 737
611 813
611 817
611 866
612 660
612 784
612 890
612 996
613 625
613 891
613 931
614 756
614 916
615 801
615 888
616 764
616 788
617 637
617 775
617 918
618 687
618 742
618 906
619 681
619 826
619 839
619 979
620 780
621 932
621 938
623 649
623 819
624 710
625 680
625 729
625 991
626 740
626 745
626 751
626 946
627 875
627 969
628 685
628 725
628 846
629 663
629 723
629 896
630 689
630 709
630 846
630 874
631 829
633 908
633 928
634 734
634 982
635 732
635 909
637 735
637 790
637 950
638 843
639 956
640 641
640 750
640 936
641 699
641 866
641 967
642 732
642 899
642 921
643 812
643 870
643 905
644 688
644 700
644 777
645 707
646 710
647 947
648 774
649 783
650 704
650 806
650 840
650 936
650 985
652 671
652 707
652 898
652 996
653 744
653 888
653 974
653 985
654 922
654 928
655 973
657 874
658 907
658 983
659 707
659 908
659 951
660 763
660 797
660 908
661 680
661 946
661 980
662 761
662 945
663 774
663 814
664 708
664 781
665 789
665 876
665 889
665 972
666 685
666 817
666 841
666 886
666 900
667 687
667 718
667 955
669 729
670 761
671 896
671 999
672 675
672 711
672 975
673 828
673 995
675 727
676 721
676 854
676 899
678 718
678 819
678 834
679 680
679 896
679 962
679 997
680 950
681 687
681 691
683 836
683 838
683 866
683 896
683 930
684 762
685 788
685 813
685 826
686 713
686 773
686 796
687 912
688 724
688 737
688 744
688 970
689 807
689 809
689 815
691 709
691 827
692 714
692 809
692 855
693 781
693 798
693 899
693 962
694 823
695 849
696 946
697 810
697 834
697 953
699 738
699 804
699 825
700 730
700 873
700 957
701 961
701 968
702 763
702 928
704 806
704 813
705 731
706 889
707 749
708 767
708 795
709 770
709 790
711 930
711 935
712 921
713 739
713 782
713 947
714 782
715 785
715 940
715 949
716 783
716 861
717 876
718 772
718 810
718 987
719 734
719 743
721 830
721 969
722 759
722 823
722 853
724 876
725 989
727 755
727 764
727 930
728 886
728 962
729 740
729 797
732 992
732 999
733 819
734 893
736 909
737 960
738 741
739 757
740 921
741 928
743 785
743 843
743 857
743 955
744 894
744 899
745 768
746 867
747 754
747 933
749 753
749 764
749 871
750 804
751 801
751 945
752 905
752 908
752 984
754 812
754 831
754 986
755 757
755 840
755 904
755 968
756 929
757 967
758 768
758 789
758 959
759 797
761 857
761 943
761 989
762 857
764 975
765 778
765 787
765 935
765 979
766 853
767 822
767 936
767 965
768 843
768 894
768 977
769 921
770 809
770 881
771 959
773 879
776 986
778 829
778 881
778 890
780 923
781 950
782 871
784 897
784 940
784 946
785 814
786 801
786 923
787 872
787 915
788 900
789 797
789 925
791 938
791 996
794 816
794 907
796 844
796 928
797 993
798 817
798 965
800 990
801 904
801 908
801 995
802 848
802 860
804 828
805 818
807 820
807 868
808 941
808 953
808 978
808 982
809 872
809 892
809 954
809 977
810 986
811 962
812 907
813 883
813 903
813 939
813 986
814 963
815 819
816 927
820 897
820 951
821 964
821 978
823 936
824 898
824 925
825 955
826 908
826 980
827 986
828 907
828 945
829 938
830 852
830 965
833 942
833 980
835 898
836 857
836 867
837 950
837 991
838 917
838 941
838 987
838 992
842 859
843 866
843 921
844 954
845 913
846 889
847 867
848 956
849 894
852 891
852 895
854 875
856 920
856 996
857 955
858 875
858 958
859 883
860 880
860 885
861 959
864 929
866 894
869 916
870 918
872 958
873 880
874 995
875 911
876 994
877 986
878 966
879 884
879 901
880 887
882 900
884 967
884 984
885 928
887 925
889 934
894 931
896 979
899 936
901 972
904 937
905 939
905 996
909 961
913 924
916 972
919 968
920 981
922 979
922 984
925 975
926 955
929 949
934 944
938 994
939 972
939 992
940 985
947 950
948 952
952 958
953 954
958 972
958 982
963 982
963 989
969 999
973 975
975 979
976 984
977 979
978 982
