0 155
0 632
0 639
0 734
0 800
0 809
0 956
0 962
1 154
1 233
1 293
1 661
1 843
1 878
2 125
2 515
2 691
2 744
3 146
3 373
3 466
3 496
3 572
3 823
4 23
4 95
4 134
4 648
4 907
4 910
5 74
5 138
5 536
5 584
6 204
6 235
6 256
6 345
6 492
6 542
6 854
6 889
7 609
7 674
7 828
8 116
8 144
8 271
8 280
8 436
8 515
8 667
8 672
9 140
9 219
9 220
9 290
9 497
9 793
9 820
10 235
10 875
10 969
11 272
11 645
11 780
11 800
11 850
12 84
12 210
12 403
12 603
12 608
12 743
12 790
12 852
13 54
13 78
13 348
13 436
13 457
13 774
13 827
14 229
14 475
14 720
15 211
15 244
15 275
15 452
15 697
15 708
15 721
15 912
16 142
16 301
16 320
16 428
16 764
16 854
17 35
17 85
17 587
17 657
17 753
17 832
17 921
17 986
18 576
18 734
18 965
19 32
19 805
19 973
20 99
20 414
20 531
20 821
20 834
21 70
21 250
21 293
21 594
21 725
22 234
22 292
22 318
22 734
22 766
22 788
22 794
22 996
23 42
23 43
23 468
23 548
23 551
23 669
23 751
23 937
24 34
24 292
24 447
24 514
24 763
24 898
24 941
24 978
25 63
25 78
25 150
25 162
25 462
25 595
25 673
25 947
26 91
26 97
26 137
26 259
27 231
27 238
27 260
27 299
27 474
27 587
27 892
28 302
28 431
28 617
28 618
28 746
29 34
29 122
29 240
29 619
29 683
29 711
30 266
30 393
30 428
30 448
30 483
30 514
30 553
30 781
30 892
30 968
30 977
30 996
31 271
31 303
31 539
31 656
31 871
32 567
32 698
32 769
32 805
33 36
33 123
33 175
33 327
33 467
33 621
33 651
33 950
34 230
34 388
34 470
34 722
34 751
34 908
35 65
35 71
35 123
35 356
35 379
35 470
35 604
35 772
35 865
35 907
36 121
36 271
36 297
36 668
36 740
36 760
37 169
37 398
37 403
37 474
37 552
37 670
37 893
37 931
38 656
38 761
38 946
39 205
39 535
39 670
39 793
40 199
40 310
40 611
40 708
40 749
40 752
40 809
41 170
41 237
41 265
41 309
41 327
41 905
42 230
42 322
42 446
42 621
42 809
42 894
43 131
43 190
43 367
43 423
43 600
43 637
43 935
43 963
44 114
44 162
44 419
44 571
44 574
44 792
45 397
46 114
46 782
46 850
47 161
47 451
47 475
47 519
47 817
47 858
47 954
48 161
48 288
48 329
48 330
48 491
48 560
48 603
48 866
49 469
49 564
49 711
49 808
49 906
50 73
50 784
50 803
51 82
51 141
51 243
51 398
51 555
51 591
51 667
51 770
51 820
52 203
52 226
52 374
52 411
52 791
52 804
52 825
53 137
53 269
53 492
53 738
53 786
53 976
54 438
54 478
54 598
54 876
54 912
54 935
54 974
55 253
55 561
55 618
56 421
56 470
56 744
56 769
57 170
57 367
57 571
57 779
57 864
57 993
58 340
58 341
58 652
59 163
59 364
60 350
60 710
60 741
60 985
61 121
61 322
61 501
61 572
61 643
61 687
61 787
61 867
62 63
62 233
62 547
62 565
62 654
62 660
62 682
62 757
62 845
63 828
64 172
64 392
65 198
65 816
66 157
66 212
66 503
66 869
67 93
67 262
67 458
67 911
68 209
68 496
68 522
68 625
68 678
69 473
69 716
69 821
69 998
70 115
70 145
70 224
70 498
70 519
70 618
70 762
70 838
70 977
71 177
71 209
71 624
71 948
72 94
72 169
72 192
72 461
72 668
72 670
72 676
72 678
72 917
73 310
73 353
73 799
73 904
74 349
74 868
74 935
75 221
75 411
75 431
75 611
75 625
75 631
75 784
76 417
76 831
76 864
77 78
77 186
77 414
77 416
77 668
77 732
77 733
77 744
78 327
78 366
78 379
78 466
79 354
79 462
79 790
79 886
80 211
80 246
80 290
80 479
80 725
80 789
80 853
80 914
81 207
81 223
81 257
81 487
81 573
81 607
81 733
81 757
81 886
81 934
81 947
81 965
81 993
82 349
82 429
82 579
82 591
82 849
83 87
83 128
83 203
83 207
83 316
83 430
83 525
83 805
83 976
83 989
84 453
84 708
84 790
84 791
84 818
85 111
85 390
85 937
86 518
86 561
86 621
87 333
87 598
87 820
87 965
88 146
88 470
88 781
88 940
88 980
88 988
89 177
89 420
89 441
89 454
89 828
89 863
90 252
90 301
90 402
90 416
90 719
90 848
91 128
91 367
91 584
92 101
92 134
92 158
92 190
92 275
92 389
92 410
92 426
92 489
92 550
92 640
92 788
92 863
92 930
93 131
93 326
93 765
93 909
94 195
94 363
94 558
94 810
95 209
95 390
95 414
96 547
96 985
97 142
97 307
97 480
97 534
98 750
98 920
99 229
99 349
99 417
99 581
99 606
99 998
100 218
100 439
100 537
100 696
100 701
100 822
100 858
100 963
101 271
101 441
101 559
101 603
101 624
101 626
101 766
101 801
101 981
102 438
102 615
103 151
103 185
103 488
103 788
103 874
104 112
104 123
104 232
104 554
104 762
104 918
104 951
104 960
105 243
105 781
105 963
105 964
105 986
106 174
106 179
106 188
106 217
106 424
106 464
106 703
106 978
106 985
107 820
108 259
108 332
108 681
108 713
108 898
108 915
108 966
109 115
109 388
109 739
109 824
109 935
109 942
110 674
110 680
110 703
110 958
110 997
111 112
111 215
111 416
111 462
111 685
111 872
111 880
111 953
111 988
112 386
112 437
112 718
112 754
112 793
113 465
113 864
113 989
114 193
114 257
114 280
114 500
114 570
114 693
114 969
114 982
115 120
115 155
115 265
115 475
115 546
115 855
115 989
116 309
116 328
116 533
116 557
116 742
117 238
117 332
117 333
117 447
117 680
117 797
117 930
117 941
118 126
118 520
118 671
118 747
118 779
118 815
118 915
119 171
119 226
119 311
119 409
119 507
119 523
119 705
120 240
120 294
120 327
120 347
120 604
120 638
121 197
121 212
121 856
121 879
122 354
122 427
122 556
122 774
122 790
122 830
122 861
122 950
123 215
123 363
123 412
123 510
123 535
123 611
123 684
123 801
123 814
124 544
124 675
124 866
124 990
125 171
126 161
126 414
126 557
127 298
127 390
127 607
127 909
128 203
128 515
128 920
129 746
130 496
130 500
131 166
131 248
131 284
131 319
131 429
131 532
131 540
131 854
131 871
131 928
132 167
132 190
132 440
132 556
132 788
132 859
132 892
133 190
133 193
133 216
133 387
133 759
133 802
133 889
133 948
133 995
134 275
134 317
134 427
134 518
134 576
134 684
135 291
135 324
135 479
135 736
135 812
136 220
136 366
136 890
136 996
137 243
137 430
137 473
137 697
137 704
137 765
137 774
137 947
138 233
138 304
138 422
138 461
138 563
138 771
139 348
139 467
139 500
139 686
139 780
140 553
140 789
140 793
140 823
141 166
141 225
141 326
141 473
141 593
141 600
141 824
141 986
142 173
142 297
142 383
142 624
142 802
142 872
143 564
143 597
143 622
144 746
144 765
144 861
145 226
145 578
145 721
145 783
145 968
146 399
146 422
146 649
146 763
147 230
147 267
147 435
147 470
147 552
147 642
147 993
148 297
148 401
148 924
149 170
149 481
149 949
149 984
150 178
150 254
150 679
150 840
150 898
151 168
151 467
151 924
152 188
152 257
152 409
152 732
153 295
153 338
153 426
153 464
153 731
153 841
153 934
154 283
154 460
154 660
154 825
154 857
155 213
155 556
155 692
155 735
156 289
156 390
156 675
156 907
156 912
156 969
157 246
157 255
157 418
157 468
158 241
158 247
158 367
158 462
158 698
158 818
158 938
158 972
159 255
159 306
159 649
159 935
160 240
160 394
160 492
160 772
160 855
161 596
161 628
161 993
162 176
162 294
162 981
163 309
163 590
163 600
164 188
164 306
164 401
164 474
165 407
165 706
165 725
166 174
166 258
166 302
166 311
166 531
166 713
166 869
166 960
167 254
167 521
167 523
167 843
167 864
167 915
168 321
168 454
169 179
169 359
170 290
170 642
170 773
170 850
171 190
171 193
171 495
171 822
171 901
172 175
172 407
172 428
172 650
173 230
173 319
173 597
173 614
173 629
173 979
173 991
174 417
174 457
174 484
174 608
174 877
175 816
176 287
176 299
176 321
176 406
176 443
176 786
176 800
177 340
177 489
177 494
177 771
178 769
179 241
179 398
179 546
179 811
179 939
180 357
180 369
180 377
180 522
180 587
180 676
180 982
181 303
181 523
181 632
182 336
182 439
182 441
182 487
182 488
182 583
182 759
182 898
183 642
183 772
183 888
184 263
184 349
184 456
184 578
185 331
185 645
185 887
186 542
186 554
186 712
186 835
187 311
187 543
187 557
187 640
187 658
188 263
188 346
188 355
188 565
188 614
188 891
188 967
189 489
189 628
189 825
189 893
189 941
190 287
190 363
190 437
190 542
190 727
190 769
190 872
191 316
191 858
192 282
192 313
192 551
192 763
192 890
192 932
193 723
194 426
194 489
194 803
194 823
195 281
195 602
196 219
196 231
196 340
196 404
196 415
196 719
196 805
196 824
197 280
197 453
197 478
197 554
197 728
199 282
199 474
200 218
200 420
200 525
200 676
200 907
200 912
200 938
201 348
201 581
201 623
201 787
202 313
202 373
202 416
202 527
202 923
202 989
203 671
203 894
203 923
204 551
204 672
204 713
204 808
205 295
205 463
205 518
205 636
205 809
205 832
205 893
206 521
207 362
208 388
208 675
208 742
208 890
208 903
208 917
209 474
209 493
209 668
209 917
209 970
210 501
210 525
210 533
210 564
210 947
211 577
211 630
211 732
211 799
212 451
212 886
213 214
213 273
213 319
213 510
213 697
213 928
214 223
214 493
214 823
215 229
215 233
215 404
215 473
215 513
215 700
215 789
215 817
215 981
216 342
216 391
216 689
216 749
216 984
217 608
217 664
217 956
218 251
218 254
218 261
218 340
218 381
218 509
218 802
219 636
220 356
220 402
220 403
220 420
220 851
221 277
221 519
221 615
221 844
221 860
221 910
221 911
222 239
222 497
222 528
222 683
222 863
222 932
223 471
223 877
223 989
224 309
224 362
224 376
224 421
224 691
225 323
225 517
225 683
225 932
226 616
226 634
226 705
226 722
226 733
226 744
227 435
227 790
227 802
227 824
228 318
228 600
228 718
229 250
229 281
229 305
229 321
229 748
229 950
230 411
230 467
230 537
230 638
230 667
230 867
230 950
230 995
231 261
231 305
231 340
231 474
231 648
231 702
231 918
231 951
232 376
232 713
233 306
233 369
233 489
233 517
233 555
233 563
233 692
233 866
233 927
233 993
234 347
234 515
234 637
234 882
235 294
235 440
236 321
236 454
236 764
236 789
236 793
236 908
236 918
237 349
237 488
237 542
237 570
237 591
237 596
237 685
237 785
238 277
238 291
238 663
238 669
239 257
239 720
239 737
239 800
239 862
240 301
240 395
240 973
241 261
241 436
241 467
241 605
241 942
242 298
242 798
242 861
243 301
243 588
243 670
243 931
244 252
244 328
244 359
244 606
244 640
244 856
244 865
245 719
245 757
245 846
245 882
245 976
246 253
246 476
246 817
246 868
246 962
247 342
248 278
248 285
248 599
248 723
248 754
248 952
248 979
249 621
249 716
249 718
249 757
249 850
250 507
250 721
250 975
251 369
251 854
252 350
252 557
252 567
252 574
252 966
253 259
253 351
253 445
253 472
253 560
253 582
253 593
253 966
254 305
254 440
254 443
254 532
254 618
254 723
254 778
255 329
255 485
255 588
255 686
256 542
256 716
256 762
256 791
256 862
256 934
257 584
257 593
257 678
257 708
257 890
257 943
258 282
258 289
258 993
259 390
259 427
259 473
259 533
259 792
259 822
259 935
260 287
260 398
260 420
260 512
260 652
260 908
261 276
261 376
261 482
261 993
262 308
262 344
262 396
262 495
262 584
263 286
263 434
263 513
263 857
264 326
264 402
264 581
264 835
265 280
265 342
265 377
265 695
265 718
265 800
265 814
265 893
265 948
266 314
266 410
266 491
266 609
267 339
267 421
267 498
267 573
267 797
267 878
267 882
267 956
267 978
268 310
268 337
268 789
268 886
269 299
269 740
270 416
270 418
270 468
270 491
270 819
271 405
271 774
271 796
271 954
271 993
272 285
272 714
272 750
273 329
273 654
273 802
274 282
274 486
274 491
274 643
274 664
274 791
274 852
275 374
275 548
275 571
275 582
275 897
275 933
275 973
276 728
277 672
278 492
278 635
278 655
278 666
278 708
278 716
278 940
278 972
279 414
279 493
279 541
279 798
279 817
279 863
279 899
279 952
280 322
280 645
280 684
280 790
280 966
281 394
281 728
281 839
282 319
282 324
282 471
282 509
282 712
282 987
283 379
283 470
284 603
285 332
285 384
285 426
285 510
285 602
285 650
285 747
285 830
285 872
285 972
286 413
286 852
287 495
287 562
287 564
287 605
288 328
288 952
288 961
289 514
289 641
289 671
289 763
289 852
290 349
290 595
290 655
290 746
290 787
290 859
290 947
291 404
291 514
291 523
291 594
291 876
292 328
292 612
293 324
293 363
293 450
293 491
293 734
293 832
294 357
294 435
294 565
294 745
294 867
294 908
295 517
295 698
295 808
296 692
297 526
297 641
297 849
298 682
298 689
298 776
298 778
298 930
299 312
299 684
299 762
299 902
299 940
299 960
300 535
300 628
302 356
302 510
302 586
302 591
302 759
303 490
303 569
303 916
304 498
304 586
304 637
304 793
304 985
305 352
305 392
305 420
305 858
305 964
306 319
306 369
306 517
306 710
307 363
307 382
308 686
309 323
309 754
310 401
310 793
311 575
311 582
311 616
311 937
312 924
312 955
313 512
313 513
313 563
313 737
314 883
314 887
315 488
315 684
315 738
315 980
316 461
316 904
316 939
317 725
318 393
318 431
318 631
318 647
319 370
319 444
319 569
319 574
319 693
319 780
319 893
319 895
320 878
320 958
320 975
321 387
321 443
321 694
321 877
322 349
322 478
322 630
322 756
323 389
323 469
323 681
323 715
323 796
323 849
324 421
324 439
324 673
324 690
324 915
325 339
325 348
325 360
325 552
326 634
326 719
326 765
326 864
326 987
326 993
327 509
327 797
328 539
328 540
328 837
328 940
328 942
329 367
329 436
329 920
329 945
329 974
330 458
330 887
330 910
331 431
331 611
331 905
331 916
332 359
332 639
332 729
332 742
333 338
333 420
333 632
333 670
334 437
334 678
335 354
335 402
335 438
335 575
335 590
335 717
335 750
335 808
336 370
336 507
336 637
336 639
336 847
336 852
336 871
337 522
337 539
337 962
338 685
338 790
338 901
339 443
339 705
339 732
339 952
340 532
340 588
340 674
341 569
341 679
342 415
342 422
342 575
342 690
342 725
342 879
343 576
343 727
344 420
344 446
344 697
344 907
345 886
345 965
346 539
346 660
346 662
346 757
347 369
347 547
347 571
347 884
348 637
348 648
349 691
349 706
350 504
350 591
350 757
351 745
352 623
353 411
353 656
354 390
354 450
354 583
354 735
354 770
355 378
355 458
355 808
355 891
356 475
356 857
356 989
357 403
357 529
357 754
357 901
358 484
358 504
358 886
359 370
359 478
359 549
359 793
359 870
359 917
360 438
360 497
360 590
360 767
360 811
360 880
360 975
361 393
361 468
361 511
361 790
361 918
362 760
362 844
362 923
362 992
363 389
363 576
363 653
363 820
363 862
363 964
364 484
364 938
365 416
365 515
365 676
365 683
365 883
365 986
366 978
367 409
367 459
367 587
367 891
368 583
368 702
368 855
368 881
368 891
368 929
368 963
369 955
370 720
370 890
371 402
371 585
371 704
371 949
372 724
372 826
372 879
373 714
373 785
374 789
375 464
375 522
375 559
375 680
375 798
375 861
376 479
376 621
376 756
376 905
377 435
377 458
377 469
377 509
377 679
378 406
378 622
379 385
379 605
379 782
379 786
379 839
379 862
379 954
380 924
381 453
381 489
381 704
381 754
381 820
382 585
382 946
383 422
383 577
383 689
383 877
383 899
384 607
384 692
384 735
384 748
384 818
384 819
384 827
385 467
385 629
385 890
386 948
387 460
387 783
387 839
388 599
388 848
388 930
388 966
389 422
389 651
390 585
390 691
390 766
390 836
390 939
391 490
391 499
391 703
392 442
392 537
392 759
393 423
393 749
394 559
394 801
394 969
395 776
395 811
395 994
396 424
396 651
396 824
397 677
397 724
397 803
398 461
398 970
399 453
400 593
400 741
400 779
400 811
401 412
401 415
401 477
401 590
401 914
401 983
402 582
402 860
402 913
402 951
402 999
403 520
403 602
403 705
403 833
404 659
404 830
405 521
405 651
405 806
405 924
406 554
406 655
406 777
407 487
407 856
408 454
408 456
408 615
408 736
408 904
408 926
408 928
409 545
409 883
409 936
409 959
410 429
410 549
410 725
410 779
410 996
411 421
411 663
411 844
412 494
412 583
412 930
412 963
413 440
413 528
413 639
414 528
414 575
414 595
414 614
414 729
415 777
415 965
416 482
416 718
416 814
416 832
416 837
417 438
417 515
417 571
417 741
417 871
417 988
417 995
418 518
418 602
418 725
418 908
419 819
419 998
420 453
420 471
421 556
421 568
421 570
422 434
422 498
422 854
422 910
422 991
423 570
423 848
424 660
425 467
425 471
425 595
425 677
425 834
425 835
425 998
426 553
426 682
427 500
427 523
427 610
427 743
428 582
428 648
428 675
429 627
429 886
429 933
429 965
430 875
431 513
431 894
432 745
432 823
432 833
432 840
432 950
433 818
433 822
433 882
434 446
434 508
434 945
435 603
435 605
435 634
435 691
435 771
435 846
435 881
435 986
436 602
437 526
437 566
437 752
437 941
438 522
438 530
438 795
438 856
439 479
439 628
439 920
439 992
440 547
440 641
440 956
440 967
440 975
440 988
441 687
442 482
442 721
442 998
443 836
443 880
444 698
444 799
445 549
445 611
445 643
445 731
446 515
446 791
446 948
447 784
447 848
448 541
448 595
448 817
448 989
449 457
449 464
449 638
449 729
449 902
450 734
450 740
450 920
450 921
450 978
451 659
451 798
451 868
452 597
452 959
453 520
453 576
453 819
453 857
453 953
454 574
454 826
455 486
455 514
455 685
455 698
455 735
455 847
455 872
456 589
456 856
456 918
456 958
456 963
458 558
458 746
458 839
458 884
459 543
459 565
459 964
460 543
461 476
461 537
461 568
461 653
462 511
462 542
462 665
462 774
462 872
463 465
463 772
463 917
464 746
464 839
464 937
465 586
465 701
465 822
465 987
466 559
466 694
466 918
467 583
468 546
468 547
468 553
468 597
469 518
469 593
469 597
469 752
469 943
470 706
470 858
471 698
471 845
471 984
471 991
472 680
472 686
472 704
473 540
473 707
473 773
474 517
474 570
474 742
475 493
475 508
475 545
475 565
475 770
476 640
476 697
476 741
476 860
477 879
477 988
478 680
478 683
478 692
478 701
478 839
478 928
478 934
479 912
480 558
480 769
480 905
480 973
480 999
481 817
481 848
482 874
482 892
482 961
483 717
483 750
483 773
483 814
483 866
483 896
484 580
484 610
484 764
485 655
486 627
486 752
487 724
487 930
487 949
488 766
488 836
488 979
489 520
489 694
489 849
489 889
490 779
490 861
490 937
490 994
491 569
491 598
491 980
492 652
492 797
493 514
493 803
493 899
494 552
495 618
495 679
495 974
495 976
495 995
496 506
496 608
496 731
496 811
497 566
498 504
498 719
498 834
498 844
499 511
499 584
500 693
500 769
500 971
501 514
501 565
501 636
501 706
502 586
502 657
503 522
503 599
503 742
503 757
503 769
504 787
504 810
504 946
505 823
505 851
505 894
506 703
506 845
506 925
507 884
508 527
508 930
509 617
509 647
509 713
510 699
510 739
511 581
511 821
511 832
511 834
511 950
512 600
512 614
512 808
512 817
513 645
513 704
514 527
514 570
514 612
514 684
514 689
514 940
515 653
515 667
515 729
516 848
516 861
516 947
517 792
518 627
518 799
518 829
518 853
518 909
519 645
519 888
519 898
519 925
520 820
521 686
521 758
521 778
522 584
522 611
522 744
523 613
523 718
523 949
524 580
524 774
524 982
525 544
525 565
525 823
526 942
527 740
528 591
528 988
529 629
529 669
529 671
529 758
529 982
530 635
530 640
530 714
530 776
531 560
531 572
531 715
531 716
532 646
532 745
533 571
533 622
533 685
533 857
533 890
534 571
534 663
534 723
534 724
534 725
535 872
536 635
536 641
536 787
536 916
536 946
537 686
537 875
538 654
538 696
538 862
539 628
539 746
539 830
539 876
540 564
540 771
540 816
540 944
540 963
541 680
541 708
541 746
542 794
542 954
542 967
543 814
543 985
544 653
544 886
545 586
545 593
545 620
545 972
546 714
547 602
547 785
547 791
547 873
547 968
547 981
548 666
548 817
548 835
548 898
549 796
550 886
551 625
551 638
552 701
553 588
553 953
554 855
554 928
555 791
555 944
555 966
556 573
556 625
556 981
557 627
557 683
557 742
558 621
559 629
559 790
559 869
559 987
560 886
560 893
560 919
560 973
561 711
562 581
562 768
562 816
562 904
562 958
563 578
563 674
563 881
566 733
567 589
567 593
567 624
567 627
567 872
567 905
568 699
569 956
570 824
570 939
570 989
571 795
571 885
571 977
572 674
572 761
572 842
572 911
573 675
573 688
574 700
574 719
574 734
574 879
575 774
575 846
575 925
575 974
576 689
577 579
577 671
577 687
577 758
577 763
578 668
578 701
578 825
578 855
579 646
579 678
579 817
580 670
580 909
581 595
581 849
581 873
582 747
582 764
582 792
582 816
583 798
583 802
583 822
584 611
584 640
584 687
584 851
585 628
586 605
586 607
587 960
587 972
588 699
588 836
588 966
589 616
589 626
589 748
590 607
590 857
591 797
592 630
592 680
592 895
592 932
592 949
593 639
593 679
593 776
593 986
594 857
595 951
596 889
597 918
598 817
598 892
599 628
599 746
600 673
600 950
601 874
602 624
602 890
604 691
604 766
604 861
605 630
605 718
606 704
606 782
606 784
607 642
607 695
607 962
608 831
609 665
609 802
609 879
610 821
610 986
611 688
611 844
611 852
612 729
612 785
613 687
613 916
613 995
614 845
615 686
615 800
615 886
616 661
616 967
616 980
617 646
617 654
617 722
617 831
618 801
619 684
619 698
619 936
621 627
621 923
622 685
622 804
623 792
623 942
624 862
625 784
626 836
627 649
627 661
628 763
628 919
629 751
629 924
629 994
630 674
630 792
630 834
630 845
631 711
631 752
631 839
632 685
633 750
633 872
634 647
634 905
634 925
634 952
636 851
636 937
637 775
637 927
637 957
638 767
638 814
638 963
639 664
639 690
639 806
640 703
640 775
641 676
641 699
641 732
642 650
642 783
642 803
643 681
643 725
643 893
644 901
645 701
645 753
645 825
645 919
646 650
646 728
646 822
646 832
646 998
648 667
648 800
648 998
649 965
650 679
650 723
651 881
652 667
652 801
652 810
653 674
653 720
653 886
653 896
654 918
656 731
656 890
658 679
658 854
658 860
658 952
659 721
659 730
659 774
659 842
660 723
660 886
660 894
660 925
660 953
661 988
662 938
663 971
663 994
665 666
666 734
666 816
666 860
667 779
668 752
668 817
668 864
668 879
668 916
669 880
669 964
669 988
670 756
670 765
670 925
670 926
671 714
671 902
671 991
672 701
673 708
673 768
673 802
673 896
674 763
674 875
674 908
675 908
676 756
676 807
676 863
676 878
676 954
677 782
677 837
677 843
677 993
678 977
679 685
679 891
679 919
680 716
680 771
680 868
681 749
681 859
682 731
682 787
684 761
684 826
684 922
685 807
686 904
688 763
689 953
690 882
690 965
691 978
691 988
692 798
692 826
692 995
695 781
695 941
698 792
698 891
699 748
700 808
700 818
701 859
702 793
702 796
702 977
705 769
705 940
705 958
706 963
707 792
707 803
708 967
709 793
709 805
709 953
709 966
710 769
710 816
710 856
710 963
711 989
712 766
712 876
712 928
713 956
714 761
714 791
714 859
714 927
715 726
715 735
715 744
715 768
715 777
715 797
715 919
717 876
718 829
718 830
718 954
719 879
719 978
720 950
720 962
721 825
721 956
722 863
723 737
723 775
723 801
723 822
723 919
723 989
723 997
724 754
724 803
724 960
726 746
726 863
727 742
728 820
728 833
728 855
729 753
729 798
729 910
731 809
732 872
732 895
732 900
734 926
734 927
734 978
735 921
736 909
737 805
737 817
737 955
738 833
738 990
740 790
740 927
740 931
741 907
742 889
743 959
745 928
747 778
747 911
749 992
750 793
750 833
750 911
750 983
751 971
752 959
754 938
755 894
756 785
756 809
757 807
757 911
759 777
759 919
761 766
761 790
761 800
761 826
762 858
762 984
763 980
764 874
765 880
765 895
767 941
767 950
767 968
768 822
768 935
770 773
771 845
771 865
771 898
771 984
771 991
772 849
772 943
773 853
776 817
777 837
778 811
778 984
779 843
779 892
780 893
780 899
780 917
780 941
781 958
782 881
783 789
783 791
783 812
784 787
785 863
786 821
786 916
786 936
787 887
787 906
789 899
789 986
790 902
793 806
793 895
793 897
795 797
797 867
798 813
798 844
798 950
798 989
799 924
800 847
800 879
801 914
802 992
803 935
803 995
806 820
806 986
807 817
807 916
807 996
808 900
808 909
808 929
809 912
810 872
810 901
811 900
811 989
812 854
812 977
812 993
814 918
814 920
815 938
817 933
817 966
818 819
818 855
819 905
819 931
821 872
822 900
822 943
823 907
823 931
825 968
826 867
827 847
832 907
833 910
833 916
833 936
834 889
835 898
835 982
836 868
838 874
840 918
841 914
841 939
842 894
846 964
847 965
848 964
849 935
849 959
849 977
850 975
850 984
851 947
853 873
855 931
855 965
856 960
859 864
861 991
869 883
872 902
873 947
874 966
875 876
885 988
887 899
888 927
890 926
890 974
896 979
899 931
899 988
901 916
901 917
901 945
901 996
903 912
903 936
904 943
905 949
907 935
907 965
908 973
910 923
911 912
916 992
919 993
919 997
921 951
922 947
922 997
928 948
929 969
930 935
930 955
931 953
933 981
934 998
936 977
937 972
938 959
943 987
947 956
948 972
951 984
962 971
963 979
970 973
971 998
987 994
