0 107
0 150
0 156
0 342
0 616
0 637
0 647
0 829
1 74
1 178
1 373
1 397
2 52
2 199
2 405
2 436
2 808
2 833
3 4
3 73
3 75
3 245
3 342
3 367
4 60
4 106
4 215
4 330
4 509
4 563
4 681
4 687
4 736
4 929
4 939
5 22
5 72
5 248
5 344
5 345
5 416
5 874
5 901
5 988
6 96
6 143
6 328
6 340
6 412
6 473
6 600
6 644
6 821
6 890
7 19
7 203
7 468
7 671
7 847
7 975
8 163
8 743
8 772
8 897
9 111
9 119
9 333
9 636
9 826
9 835
9 895
9 974
9 976
9 996
10 420
10 700
11 102
11 153
11 212
11 551
11 554
11 629
11 651
11 805
11 988
12 78
12 131
12 287
12 751
12 754
12 816
13 508
13 683
13 883
14 106
14 224
14 507
14 527
14 774
14 847
15 71
15 295
15 321
15 331
15 774
15 981
16 17
16 139
16 840
16 841
16 919
17 163
17 190
17 328
17 486
17 646
17 799
18 220
18 573
18 622
18 796
18 818
19 221
19 390
19 423
19 650
19 708
19 933
20 68
20 113
20 153
20 176
20 322
20 413
20 579
21 385
21 452
21 509
21 588
21 631
21 635
21 741
21 749
21 815
21 846
21 923
21 961
22 96
22 171
22 527
22 636
22 696
22 764
23 79
23 281
23 843
24 47
24 104
24 133
24 147
24 180
24 194
24 637
24 758
24 944
25 192
25 233
25 807
25 841
26 76
26 217
26 228
26 434
26 576
26 754
26 831
27 35
27 415
27 449
27 491
27 559
27 643
27 650
27 947
28 350
28 558
28 717
28 728
28 848
29 341
29 466
29 514
29 534
29 680
29 726
29 861
30 189
30 339
30 455
30 523
30 584
30 734
30 841
30 865
30 958
31 168
31 386
31 414
32 439
32 744
33 844
33 889
34 358
34 710
34 770
34 824
35 250
35 263
35 278
35 287
35 463
35 496
35 506
35 912
35 933
36 274
36 319
36 486
36 573
36 693
36 856
36 962
37 154
37 243
37 300
37 375
37 539
38 55
38 185
38 201
38 309
38 382
38 465
38 553
38 604
38 634
38 940
39 80
39 95
39 441
39 754
39 868
39 960
40 84
40 188
40 430
40 539
40 603
40 677
40 680
40 827
40 907
40 999
41 183
41 584
41 633
41 714
41 881
41 967
42 96
42 174
42 442
42 463
42 494
42 536
42 626
42 689
42 831
43 56
43 135
43 349
43 353
43 507
43 709
43 856
43 912
44 142
44 154
44 201
44 369
44 499
44 930
45 207
45 481
45 710
45 919
46 171
46 291
47 78
47 100
47 176
47 367
47 660
47 844
48 259
48 329
48 423
48 440
48 589
48 901
48 997
49 143
49 279
49 310
49 615
49 878
49 927
49 980
50 477
51 205
51 236
51 574
51 619
51 647
51 704
51 756
51 768
52 109
52 123
52 290
52 333
52 336
52 369
52 478
52 543
52 561
52 643
52 894
52 902
52 907
52 938
52 984
53 388
53 398
53 430
53 609
53 760
53 816
53 864
53 865
54 339
54 431
54 610
54 640
54 654
54 678
54 811
55 109
55 367
55 381
55 405
55 703
55 908
55 929
56 83
56 133
56 424
56 737
56 761
57 58
57 329
57 364
57 365
57 767
57 771
58 230
58 742
58 762
58 797
58 837
58 980
59 403
59 584
59 640
59 867
59 916
60 134
60 621
60 793
61 165
61 472
61 480
61 501
61 637
61 818
61 871
62 84
62 371
62 906
62 983
63 767
64 71
64 154
64 451
64 453
64 766
64 808
65 451
65 543
65 616
65 709
65 860
65 929
66 662
67 259
67 462
67 512
67 553
68 81
68 140
68 207
68 402
68 474
68 490
68 776
68 871
69 461
69 686
69 834
70 127
70 246
70 444
71 122
71 153
71 250
71 485
71 537
71 760
71 766
71 829
71 958
72 318
72 957
73 82
73 250
73 377
73 391
73 772
74 207
74 849
74 857
75 752
75 766
75 898
76 107
76 166
76 347
76 600
76 830
76 888
77 129
77 138
77 274
77 423
77 507
77 521
77 765
77 959
78 116
78 469
78 534
78 697
78 786
78 921
78 959
79 97
79 226
79 391
79 417
79 449
79 686
79 744
80 226
80 247
80 376
80 525
80 527
80 599
80 712
80 757
80 816
81 105
81 438
81 450
81 459
81 806
81 813
81 843
81 853
81 901
82 345
82 388
82 490
82 582
82 662
82 667
82 674
82 838
82 905
82 972
83 341
83 551
83 568
83 693
83 788
83 886
83 984
84 379
84 451
84 557
84 630
84 715
85 328
85 496
85 522
85 617
85 649
85 686
85 751
85 919
86 89
86 136
86 174
86 254
86 417
86 471
86 499
86 776
86 902
86 908
87 840
87 857
88 604
88 624
88 724
88 885
88 984
89 489
89 496
89 536
89 576
89 617
89 729
89 778
89 824
90 185
90 544
90 652
90 747
91 198
91 240
91 370
91 411
91 659
92 124
92 565
92 884
92 887
93 362
93 614
93 725
94 477
94 796
94 900
94 957
95 272
95 370
95 512
95 646
95 894
96 131
96 177
96 343
96 402
96 586
96 831
96 871
96 883
96 921
97 362
97 501
97 569
97 909
98 277
98 403
98 560
99 107
99 179
99 449
99 679
99 930
99 938
100 174
100 224
100 307
100 598
100 834
101 234
101 559
101 564
101 636
101 840
101 862
101 988
102 105
102 217
102 229
102 668
102 881
102 929
102 938
103 173
103 362
103 394
103 780
103 809
104 128
104 840
105 745
105 801
105 924
105 961
106 109
106 229
106 258
106 792
107 190
107 416
107 452
107 568
107 618
108 292
108 298
108 530
108 627
108 686
108 969
109 620
109 862
109 985
110 563
110 627
111 113
111 313
111 412
111 452
111 545
111 596
112 303
112 405
112 534
112 539
112 624
112 668
112 877
113 170
113 463
113 783
113 786
113 797
114 163
114 236
114 325
114 395
114 464
114 699
114 860
115 134
115 294
115 424
115 486
115 662
115 703
115 852
115 853
116 261
116 535
116 588
116 624
116 747
117 777
117 853
118 614
118 737
118 804
119 211
119 490
119 583
119 766
119 920
119 947
120 154
120 240
120 310
120 546
120 610
120 715
120 834
120 987
121 319
121 548
121 855
122 200
122 287
122 299
122 645
122 675
122 709
122 828
122 866
123 249
123 267
123 850
123 932
124 142
124 270
124 429
124 512
124 601
125 172
125 305
125 596
125 652
125 702
125 720
125 974
125 987
126 428
126 465
126 484
126 639
126 918
127 528
128 537
128 568
128 595
128 806
128 821
129 166
129 414
129 451
129 558
129 934
129 989
130 165
130 310
130 318
130 865
131 174
131 225
131 453
131 476
132 254
132 304
132 629
132 904
132 977
133 261
133 480
133 553
133 769
133 849
134 891
135 318
135 352
135 437
135 520
135 622
135 689
135 820
135 948
136 232
136 651
136 753
136 862
136 987
137 231
137 444
137 450
137 596
137 925
138 489
138 816
138 898
139 344
139 387
139 557
139 616
139 638
139 821
140 384
140 609
140 802
141 343
141 771
141 891
141 939
142 208
142 454
142 463
142 618
142 918
142 935
142 950
143 193
143 228
143 242
143 368
143 836
143 839
143 905
144 154
144 461
144 872
145 280
145 296
146 324
146 390
146 413
146 445
146 719
146 920
146 963
147 300
147 620
147 759
147 981
148 255
148 282
148 344
148 368
148 905
149 390
149 816
149 822
149 830
149 839
149 881
149 981
150 327
150 658
150 870
151 231
151 775
151 915
152 244
152 260
152 300
152 413
152 518
153 196
153 383
153 636
153 818
153 875
154 344
154 448
154 581
154 649
154 671
154 703
154 706
154 871
154 949
155 276
155 548
155 635
155 707
155 809
155 908
155 997
156 974
157 409
157 427
157 521
157 729
157 891
157 906
158 189
158 668
158 873
158 910
159 163
159 174
159 220
159 654
159 768
159 890
160 274
160 426
160 565
160 622
160 822
160 916
160 974
161 252
161 363
161 428
161 625
161 629
162 401
162 420
162 426
162 736
162 983
163 176
163 598
163 638
163 654
164 181
164 184
164 203
164 221
164 278
164 398
164 946
164 985
165 186
165 615
165 690
165 723
165 949
165 950
166 369
166 377
166 659
166 950
166 979
167 234
167 633
167 852
168 422
168 579
168 703
168 989
169 338
169 717
169 888
170 296
170 491
170 621
171 190
171 208
171 216
171 227
171 300
171 761
171 983
172 456
172 460
172 657
173 291
173 820
173 896
174 261
174 306
174 399
174 401
174 531
174 547
174 642
174 934
175 462
175 674
175 856
175 857
175 956
175 994
176 244
176 344
176 387
176 420
176 460
176 539
176 586
176 641
176 712
176 836
177 225
177 350
177 454
177 528
177 686
177 887
178 255
178 530
178 969
179 363
179 590
179 750
179 829
179 922
180 341
180 410
180 414
180 794
180 815
181 280
181 640
181 672
181 760
182 384
182 699
183 443
183 484
183 538
183 571
183 597
183 643
183 674
183 678
183 686
184 291
184 377
184 624
185 334
185 391
185 443
185 690
185 718
185 912
186 292
186 681
186 786
186 800
186 921
186 923
186 936
186 948
186 981
187 253
187 331
187 442
187 456
187 892
188 324
188 457
188 619
188 968
189 320
189 456
189 479
189 489
189 734
189 955
190 244
190 332
190 350
190 438
190 557
190 815
191 308
191 630
191 650
191 674
191 728
191 745
191 874
191 970
192 322
192 450
192 676
192 694
193 327
193 604
193 663
193 678
193 722
193 915
193 981
194 292
194 344
194 445
194 858
195 389
195 497
195 522
195 598
195 636
195 969
196 323
196 373
196 404
196 529
196 827
196 867
196 937
197 207
197 283
197 560
197 674
197 795
198 337
198 369
198 491
198 813
198 919
198 921
198 961
199 208
199 376
200 202
200 216
200 295
200 366
200 392
200 397
200 445
200 484
200 518
200 627
200 803
200 869
201 350
201 650
201 994
201 996
202 377
202 619
202 722
202 746
202 781
203 903
203 962
204 547
204 808
204 985
205 226
205 490
205 759
205 925
206 352
206 405
206 886
206 893
206 931
207 355
207 402
207 414
207 427
207 626
207 766
208 463
208 663
208 712
208 846
208 919
209 235
209 461
209 656
209 723
209 901
210 239
210 354
210 693
211 275
211 674
211 718
211 920
212 730
212 956
212 988
213 464
213 491
213 627
213 634
213 815
213 823
213 987
214 376
214 653
214 696
214 776
215 539
215 829
215 855
215 937
216 357
216 499
216 774
216 861
216 958
217 224
217 342
217 719
218 268
218 274
218 323
218 339
218 421
218 616
219 903
220 276
220 453
220 811
220 896
221 304
221 315
221 570
221 769
221 943
222 304
222 396
222 472
222 837
222 938
222 957
222 960
223 269
223 498
223 508
223 595
223 612
223 993
224 243
224 825
225 463
225 480
225 598
225 605
225 778
225 800
226 424
226 453
226 787
227 285
227 369
227 377
227 408
227 780
227 835
227 842
227 959
228 237
228 425
228 590
228 665
228 784
229 284
229 296
229 335
230 544
230 645
230 835
231 259
231 388
231 702
231 808
231 922
232 508
232 782
233 427
233 577
233 950
234 308
234 324
234 329
234 532
234 534
234 539
234 543
234 667
234 755
234 854
235 312
236 300
236 503
236 640
236 968
237 301
237 369
237 544
237 699
238 245
238 393
238 583
238 685
238 977
239 422
239 656
239 942
240 401
240 629
240 674
240 693
240 971
241 405
241 707
241 962
241 972
242 338
242 496
242 585
242 593
242 692
242 775
242 843
242 859
242 960
242 966
242 998
243 413
243 655
244 258
244 282
244 300
244 494
244 832
244 876
244 890
244 929
245 396
245 443
245 771
245 877
245 884
245 915
245 923
246 313
246 477
246 746
246 870
247 281
247 362
247 426
247 480
247 632
247 744
247 779
247 875
248 292
248 320
248 739
248 775
248 849
248 914
249 335
249 467
249 480
249 542
249 780
249 793
249 908
250 294
250 427
250 583
250 716
250 890
250 902
251 406
251 827
251 924
252 358
252 463
252 767
252 770
252 837
252 992
253 571
253 600
253 693
253 727
253 834
253 857
254 411
254 561
254 625
254 791
254 948
254 981
255 263
255 770
256 465
256 509
256 567
257 328
257 374
257 441
257 496
257 598
257 947
257 996
258 935
259 270
259 509
259 635
259 708
259 719
259 827
259 887
261 290
261 394
261 957
262 408
262 528
262 541
262 735
263 343
263 388
263 439
263 562
263 577
263 633
263 871
263 914
264 426
264 470
264 597
264 852
264 890
264 922
264 935
264 989
265 540
265 606
266 438
266 558
266 561
266 596
266 775
267 269
267 460
267 528
267 594
267 675
267 962
268 308
268 375
268 453
268 770
269 414
269 426
269 459
269 724
269 799
269 892
270 429
270 711
270 736
270 837
271 514
271 650
271 698
271 744
271 928
272 352
272 550
272 609
272 684
272 846
273 350
273 369
273 521
273 563
273 769
273 791
273 867
273 870
273 894
273 940
274 824
275 465
275 755
275 811
275 956
276 795
276 900
277 341
277 374
277 411
277 552
277 804
277 967
278 418
278 609
279 464
279 517
279 569
279 617
279 784
279 789
279 925
280 463
280 623
280 949
281 383
281 528
281 556
281 645
281 792
281 808
282 329
282 331
282 385
282 516
282 645
282 942
283 498
283 539
283 543
283 594
283 627
283 816
284 309
284 359
284 551
284 698
284 946
285 404
285 449
285 612
285 617
285 988
286 383
286 522
286 619
286 658
286 760
286 772
286 977
287 337
287 541
287 601
287 670
287 732
287 777
287 915
287 973
288 520
289 591
289 597
289 613
289 776
290 312
290 496
290 554
290 618
290 953
291 357
291 688
291 830
291 838
292 326
292 446
292 448
292 531
292 561
292 711
292 764
292 852
292 936
293 387
293 713
293 816
293 855
293 990
294 371
294 566
294 752
294 787
295 338
295 420
295 900
296 479
296 627
296 821
297 493
297 495
297 572
297 884
298 339
298 462
298 510
298 778
299 439
299 511
299 513
299 551
299 941
300 306
300 962
301 781
301 857
301 914
302 410
302 634
302 733
302 861
303 340
303 520
303 799
304 452
304 564
304 644
304 682
304 945
305 568
305 596
305 641
305 703
305 757
306 501
306 572
306 941
307 976
308 534
308 713
308 950
309 361
309 446
309 646
309 649
309 702
309 931
310 521
310 989
311 735
311 736
312 447
312 483
312 658
312 800
313 392
313 711
313 906
313 993
314 363
314 497
314 615
314 688
314 799
314 821
314 915
315 352
315 480
315 662
315 712
315 898
316 375
316 377
316 396
316 663
316 697
316 799
317 936
318 580
318 685
318 783
318 869
319 442
319 597
319 840
319 917
319 947
319 951
320 745
320 834
320 858
320 877
320 909
321 640
321 776
321 936
321 996
322 574
322 632
322 965
323 338
323 920
324 327
324 466
324 546
324 602
324 787
324 870
325 350
325 508
325 533
325 571
325 646
325 792
325 915
326 506
326 577
326 588
327 467
327 513
327 594
327 801
327 811
328 549
328 555
328 799
329 613
329 657
329 910
329 927
330 371
330 472
330 639
330 742
330 948
330 954
330 994
331 531
331 857
331 957
332 522
332 534
332 558
332 628
332 646
332 807
333 467
333 623
333 698
334 621
334 665
334 925
334 938
335 653
335 715
335 939
336 482
336 657
336 668
336 940
337 621
337 716
337 747
337 794
337 883
338 395
338 648
338 945
339 355
339 704
339 745
339 771
339 827
339 912
339 952
340 453
340 493
340 577
340 863
340 951
341 428
341 461
341 562
341 577
341 578
341 648
341 881
342 578
342 897
343 346
343 850
343 881
344 347
344 761
345 392
345 550
345 636
345 663
345 846
346 383
346 422
346 469
346 831
346 890
346 924
346 948
346 956
347 359
347 385
347 397
347 568
347 664
348 386
348 580
348 708
348 741
348 775
348 880
349 430
349 466
349 630
349 818
349 982
349 994
349 999
350 436
350 563
350 895
351 482
351 612
351 800
351 872
352 458
352 505
352 726
353 375
353 470
353 733
353 793
353 889
354 364
354 445
354 553
354 560
355 585
355 884
356 547
356 666
356 794
356 909
357 405
357 435
357 484
357 849
358 919
359 439
359 533
359 661
359 998
360 548
360 614
360 846
360 885
361 390
361 456
361 683
361 702
361 768
361 810
361 892
362 398
362 447
362 674
362 787
362 802
362 893
363 465
363 494
363 497
363 512
363 734
363 783
364 461
364 476
364 491
364 494
364 613
364 632
364 959
364 960
364 984
365 519
365 531
365 887
365 961
366 611
366 613
366 636
366 684
366 730
366 791
366 811
366 850
367 429
367 602
367 767
367 806
368 468
368 618
368 801
369 400
369 434
369 786
369 804
369 961
370 830
370 868
370 976
371 377
371 455
371 461
371 788
371 896
372 554
373 649
373 727
373 846
373 964
373 976
373 983
374 388
374 984
375 382
376 418
376 471
376 483
376 499
376 711
376 937
377 670
378 591
378 622
378 929
379 419
379 496
380 431
380 552
380 590
380 777
380 812
381 748
381 963
382 528
382 629
382 753
382 767
382 768
382 832
382 948
383 471
383 505
384 511
384 620
384 670
385 567
385 577
385 589
385 745
385 771
385 984
386 476
387 454
387 643
387 673
387 727
387 762
387 896
387 912
387 999
388 410
388 457
388 670
388 671
388 724
388 992
389 512
389 828
389 853
389 902
390 478
390 633
390 738
390 821
390 972
390 994
391 494
391 755
393 399
393 486
393 836
393 953
393 966
395 728
395 795
396 834
396 931
397 579
397 693
397 735
397 740
398 438
398 636
398 775
398 958
398 962
399 717
400 437
400 530
400 537
400 626
401 412
401 564
401 594
401 941
401 952
402 493
402 517
402 745
402 782
402 978
403 450
403 534
403 542
403 712
404 436
404 811
404 948
405 878
405 887
406 656
406 784
406 812
406 830
407 699
408 671
409 414
409 446
409 465
409 940
409 994
410 413
410 545
410 696
410 767
410 880
410 935
411 453
411 525
411 541
411 838
412 608
412 874
413 614
413 617
413 695
413 779
413 816
413 896
415 464
415 588
415 641
415 808
415 855
415 938
416 426
416 771
417 571
417 813
417 872
418 679
418 772
418 860
418 995
419 450
420 450
420 663
421 542
421 732
421 826
422 770
423 545
423 730
423 764
423 840
423 967
424 668
424 968
425 459
425 510
425 754
425 911
425 979
425 987
426 486
426 665
426 720
426 789
426 953
427 773
428 486
428 786
428 892
428 920
429 465
429 623
429 683
429 772
429 867
430 573
430 670
430 702
430 812
430 883
430 885
430 928
430 955
430 995
432 451
432 474
432 628
432 900
433 825
433 972
433 999
434 476
434 898
434 979
435 620
436 517
436 686
436 793
436 848
437 495
437 575
437 636
437 787
437 910
437 945
438 649
438 685
438 698
438 843
438 886
438 994
439 715
439 753
439 852
440 961
441 596
441 751
441 872
441 911
441 980
442 563
443 456
443 733
443 818
444 855
444 984
445 810
446 484
446 622
446 678
446 926
447 654
447 850
448 486
448 606
448 721
448 867
448 924
448 964
449 577
449 708
449 850
449 853
450 477
450 519
450 721
450 774
451 551
451 569
451 794
452 764
452 818
452 948
453 528
453 657
453 749
454 585
454 700
454 748
454 760
455 659
455 681
455 683
455 722
456 491
456 612
456 769
457 797
458 514
458 728
458 772
459 509
459 641
459 840
460 539
460 878
461 476
461 944
461 961
462 534
462 781
462 806
463 927
463 938
464 628
464 683
464 772
464 787
464 801
464 813
464 817
464 838
464 872
464 913
464 970
465 733
465 738
466 722
467 508
467 976
468 745
468 820
468 888
469 643
469 653
469 659
470 517
470 711
470 822
470 858
470 902
470 934
470 948
471 491
471 493
471 507
471 631
471 697
471 707
472 624
472 666
473 553
473 637
473 757
473 863
473 876
474 792
474 961
475 608
475 689
475 760
475 908
476 825
476 989
477 523
477 804
478 511
478 525
478 877
479 506
479 865
480 496
480 502
480 512
480 558
480 722
480 736
480 772
480 893
480 907
482 655
482 817
482 879
483 504
483 560
483 657
483 790
483 988
484 565
484 603
484 609
484 775
484 853
485 539
485 627
486 615
486 661
486 713
486 910
487 549
487 768
488 645
488 711
488 720
488 958
489 610
489 675
489 869
490 765
490 820
490 973
491 621
492 549
492 649
492 732
492 762
492 849
493 591
495 576
495 860
495 895
496 654
496 723
496 991
497 618
497 632
497 785
497 792
498 574
498 710
498 760
498 778
499 771
500 528
500 851
500 904
501 943
502 586
502 931
502 975
503 748
503 936
504 529
504 574
504 879
505 826
505 863
506 513
508 579
508 729
508 749
509 515
509 573
509 730
509 984
510 515
510 723
511 653
511 921
511 966
512 584
512 593
512 655
512 664
512 970
513 531
513 552
513 776
513 836
513 875
513 908
513 959
514 520
514 539
514 650
514 701
515 844
516 799
516 826
516 845
516 990
517 522
517 600
517 770
518 535
518 846
518 860
518 971
519 571
520 593
520 922
520 984
521 644
521 823
522 656
523 782
523 875
524 566
524 669
524 837
525 538
525 735
525 936
526 605
526 618
526 670
526 736
526 831
526 857
526 860
526 891
526 976
527 722
527 948
528 720
528 985
529 650
529 725
529 861
529 880
529 886
530 850
531 538
531 735
532 533
532 650
532 752
532 947
533 811
534 620
534 925
536 549
536 755
536 930
537 662
537 723
537 751
537 847
538 605
538 802
538 915
539 791
539 864
539 959
540 780
540 817
540 899
540 922
540 948
541 658
541 810
541 987
542 584
542 739
542 740
542 778
542 833
542 883
542 921
542 969
543 546
543 607
543 623
543 799
543 983
544 673
544 702
544 747
545 801
546 638
546 683
547 588
549 554
549 611
549 740
549 854
549 897
549 932
550 669
550 710
550 778
550 865
550 920
550 926
550 939
551 558
551 594
551 631
551 771
551 911
552 838
552 846
552 967
553 855
553 992
554 920
555 943
556 783
556 817
556 901
557 586
557 768
557 773
557 895
557 904
558 981
559 714
559 738
559 805
559 837
560 913
560 918
561 741
561 797
562 569
562 731
562 876
562 920
562 983
563 771
563 839
564 578
564 586
564 685
565 805
565 889
566 670
566 685
566 711
566 811
566 922
566 926
567 661
567 768
567 975
568 641
568 662
568 669
568 708
568 735
568 828
568 852
568 858
569 848
570 791
570 875
571 704
571 895
572 674
572 678
572 849
572 900
573 635
573 751
573 762
574 671
574 687
574 846
575 668
575 688
575 717
575 810
576 680
576 901
576 941
577 593
577 664
578 741
578 947
579 733
579 746
579 763
579 792
579 844
580 675
581 623
582 587
582 713
582 976
582 979
582 983
583 790
583 902
583 980
584 750
584 955
585 711
585 762
585 938
585 946
585 997
586 654
586 738
586 745
586 818
587 655
587 973
588 660
588 661
588 765
588 856
588 949
589 775
589 970
590 703
590 706
591 944
592 806
592 833
592 925
593 633
593 656
593 711
593 727
593 994
594 828
596 727
596 746
596 753
596 844
596 849
596 858
598 619
598 921
600 734
601 741
601 913
601 966
602 646
602 817
603 632
604 628
604 908
605 648
605 736
605 774
605 785
605 846
606 760
607 695
607 901
608 626
608 991
609 628
609 772
610 715
610 726
610 913
611 622
611 703
611 743
611 782
612 673
612 819
614 728
615 653
615 659
616 804
617 747
618 812
618 904
619 898
620 685
620 693
620 809
620 990
621 689
621 886
622 723
622 841
622 979
623 638
623 892
623 903
623 990
624 772
624 888
624 988
626 668
626 945
627 641
627 785
628 763
629 652
629 808
630 670
630 765
631 897
632 816
632 927
633 778
633 916
634 855
634 958
635 926
636 839
636 894
637 660
637 852
638 704
638 871
638 981
639 746
639 747
639 814
641 940
642 849
643 947
645 716
646 830
649 728
649 856
649 981
650 860
651 729
651 817
651 831
651 966
652 667
652 751
652 767
652 771
652 847
652 875
653 669
653 772
653 817
654 700
654 842
654 962
655 704
655 868
655 889
656 685
656 765
656 774
656 900
657 780
658 856
658 861
658 914
659 837
659 902
660 985
661 804
661 879
662 694
662 904
663 986
664 853
665 679
665 831
665 840
665 937
666 669
666 764
666 884
667 774
667 801
667 856
667 906
668 759
668 937
669 721
669 824
669 832
670 822
670 891
670 995
671 733
671 929
672 856
672 875
672 991
673 722
673 835
674 727
676 762
676 790
678 707
680 986
682 740
683 810
683 871
683 919
683 938
684 705
684 807
684 826
684 840
684 985
685 891
685 918
686 847
687 773
687 851
688 752
688 755
688 769
688 873
689 694
689 848
690 737
690 848
690 984
691 839
691 958
692 854
692 916
693 999
694 822
694 881
694 893
695 744
695 785
695 892
695 960
696 741
696 822
696 866
697 876
697 948
698 808
699 726
700 869
702 899
702 991
704 969
705 741
707 782
707 929
708 734
709 970
710 711
710 889
710 923
711 715
711 957
711 974
712 720
712 774
712 896
712 963
713 870
715 748
715 894
715 904
717 833
717 889
717 985
718 924
720 809
720 816
720 817
722 735
723 787
724 852
724 864
725 759
725 796
725 813
725 946
726 745
726 778
727 794
727 822
727 917
728 819
728 964
729 882
729 924
730 995
731 865
732 903
733 736
733 961
734 754
734 821
734 992
735 745
735 942
736 937
737 744
737 852
739 745
739 753
739 772
739 835
740 913
741 821
741 842
742 880
743 955
747 826
747 852
749 883
749 970
750 781
750 801
752 787
752 873
756 771
757 786
758 836
758 869
758 981
759 856
759 913
760 810
760 820
761 868
762 974
762 994
764 835
767 806
767 895
768 880
768 974
769 794
770 962
771 798
771 884
772 774
772 791
772 859
774 976
775 829
775 950
775 978
778 802
778 882
779 789
779 874
779 924
780 865
782 893
785 803
785 975
786 796
786 833
786 941
786 966
787 867
788 971
790 830
792 837
793 921
794 888
794 976
794 977
796 870
796 902
797 834
797 887
797 920
797 936
802 826
802 835
802 888
802 995
804 815
804 832
807 901
808 934
809 881
809 952
810 828
810 927
810 958
814 840
814 927
814 949
815 854
817 903
818 862
820 939
823 851
824 844
825 831
825 985
826 860
826 861
827 835
828 833
828 903
829 830
830 960
833 934
834 878
836 958
836 959
836 990
839 927
841 946
841 977
842 989
843 847
843 895
843 916
843 953
845 853
848 988
849 881
850 866
850 883
850 988
851 963
852 930
853 927
853 985
855 929
855 971
856 926
858 918
859 933
861 914
861 993
862 904
864 873
864 915
864 950
867 878
868 890
870 924
870 994
871 967
872 981
876 995
879 942
880 979
882 961
882 989
886 898
889 943
889 975
892 944
900 947
902 903
906 958
907 970
911 973
912 919
912 941
913 965
915 976
917 945
917 964
918 962
921 987
923 924
924 938
927 931
927 934
927 945
930 945
932 943
934 959
935 977
936 991
939 978
940 944
940 968
943 948
943 987
946 980
953 966
955 969
956 979
958 996
973 974
980 995
984 999
