0 258
0 347
0 716
0 830
1 174
1 286
1 945
2 77
2 115
2 419
2 449
2 477
2 670
2 680
2 730
2 821
2 937
2 979
3 123
3 329
3 439
3 475
3 539
3 702
3 738
3 908
3 926
3 976
4 124
4 155
4 420
4 592
4 792
4 847
4 948
5 287
5 318
5 357
5 378
5 412
5 413
5 585
5 590
5 712
6 52
6 584
6 747
7 158
7 322
7 510
8 566
8 605
9 482
9 506
9 771
10 27
10 388
10 916
10 917
11 316
11 362
11 410
11 577
11 869
11 881
11 953
11 985
11 995
12 277
12 382
12 391
12 829
12 947
13 57
13 218
13 332
13 741
13 816
13 962
14 46
14 185
14 441
14 932
15 36
15 275
15 289
15 314
15 585
15 800
16 51
16 86
16 256
16 311
16 536
16 768
16 780
16 831
16 907
16 930
17 63
17 543
17 557
18 283
18 345
18 512
18 703
18 720
18 747
18 850
18 987
19 105
19 141
19 562
19 563
19 739
19 779
19 861
19 994
20 96
20 160
20 303
20 455
20 533
20 759
20 783
20 967
21 393
21 502
21 579
21 679
21 696
22 101
22 210
22 452
22 636
22 766
22 992
23 128
23 145
23 182
23 380
23 460
23 605
24 338
24 574
24 691
24 800
24 840
25 153
25 539
25 545
25 797
25 808
25 868
25 949
26 45
26 154
26 265
26 274
26 394
26 423
26 576
26 751
26 858
26 900
26 906
27 109
27 200
27 237
27 814
28 369
28 385
28 406
28 416
28 707
29 223
29 333
29 429
29 549
29 876
30 225
30 413
30 461
30 724
30 764
30 920
30 950
31 61
31 516
31 921
32 69
32 235
32 629
32 791
32 998
33 67
33 106
33 127
33 152
33 187
33 262
33 279
33 727
34 35
34 54
34 587
35 134
35 438
35 467
35 574
35 669
35 712
36 61
36 115
36 508
36 935
37 354
37 439
37 689
37 996
38 179
38 568
38 578
38 682
38 735
38 753
38 754
39 93
39 197
39 877
39 941
40 52
40 78
40 454
40 470
40 518
40 632
40 771
40 878
40 916
41 555
41 729
41 952
42 163
42 193
42 315
42 574
42 603
42 847
43 102
43 106
43 124
43 251
43 440
43 493
43 716
43 762
43 889
44 399
44 435
44 642
45 231
45 616
45 677
45 825
45 865
46 126
46 170
46 461
46 589
46 605
46 733
46 887
46 967
47 179
47 231
47 626
47 667
47 995
48 120
48 145
48 246
48 401
48 426
48 651
48 679
48 837
48 949
49 425
49 520
49 720
49 964
50 99
50 178
50 209
50 538
50 563
50 698
50 977
51 160
51 468
51 674
51 751
52 378
52 540
52 721
52 808
53 310
53 515
53 786
53 911
53 932
54 73
54 117
54 265
54 426
54 677
54 878
54 961
55 214
55 365
55 491
55 685
55 742
56 81
56 148
56 758
57 333
57 336
57 574
57 703
57 723
57 810
58 228
58 486
59 84
59 93
59 399
59 522
59 652
59 668
60 735
60 854
60 996
61 337
61 366
61 372
61 650
61 877
61 891
62 106
62 317
62 505
62 719
62 780
63 94
63 566
63 968
64 300
64 349
64 539
64 589
64 999
65 894
65 914
66 83
66 432
66 571
66 588
66 590
66 614
66 819
67 77
67 151
67 330
67 667
67 736
67 766
67 999
68 349
68 437
68 967
69 140
69 156
69 214
69 618
69 839
69 840
70 258
70 381
70 538
70 789
70 827
70 960
71 298
71 385
71 389
71 613
71 637
71 731
71 955
72 122
72 291
72 436
72 439
72 520
72 770
72 866
72 888
73 76
73 106
73 164
73 190
73 222
73 293
73 489
73 871
73 961
74 190
74 579
74 741
74 761
75 165
75 299
75 678
76 95
76 130
76 159
76 277
76 372
76 593
76 595
76 689
76 746
76 980
77 79
77 191
77 226
77 315
77 504
77 533
77 629
78 569
78 828
79 138
79 642
79 713
79 802
79 955
80 85
80 92
80 282
80 723
80 906
81 409
81 417
81 418
81 747
81 751
81 768
81 857
81 945
82 309
82 341
82 403
82 591
82 698
82 743
82 994
83 287
83 369
83 520
83 638
83 784
84 244
84 291
84 505
84 803
85 246
85 476
85 565
85 595
85 618
85 621
85 745
85 874
86 112
86 135
86 230
86 249
86 357
86 368
86 512
86 630
86 724
86 735
86 798
86 903
86 953
87 217
87 244
87 280
87 531
87 569
87 627
88 169
88 199
88 720
88 813
89 514
89 537
89 578
89 960
90 140
90 271
90 375
91 127
91 293
91 454
91 703
92 161
92 314
92 729
92 901
92 939
93 280
93 523
93 651
93 759
93 925
93 928
93 992
94 145
94 291
94 365
94 385
94 454
94 465
94 484
94 659
94 741
94 964
94 996
95 154
95 311
95 426
96 490
96 606
96 643
96 695
96 786
97 176
97 302
97 624
97 658
97 854
97 970
98 280
98 420
98 457
98 574
98 630
98 707
98 813
99 224
99 444
99 479
99 946
100 238
100 483
100 572
100 845
100 874
100 902
100 913
101 102
101 198
102 175
102 237
102 240
102 392
102 642
102 814
102 989
103 280
103 298
103 473
103 672
103 866
103 882
104 139
104 177
104 198
104 290
104 723
105 140
105 329
105 504
105 904
106 573
106 674
106 734
107 235
107 484
107 941
108 144
108 373
108 425
108 537
108 729
109 591
109 754
109 759
109 899
110 829
111 247
111 335
111 805
111 813
111 913
111 960
111 970
112 608
112 664
113 650
113 734
113 913
114 254
114 404
114 482
114 514
114 526
114 670
114 714
114 719
114 740
114 885
115 168
115 765
115 776
115 871
115 892
116 215
116 467
116 552
116 659
116 818
117 448
117 959
118 279
118 592
118 682
118 811
118 821
119 210
119 232
119 278
119 319
119 474
119 522
119 885
120 196
120 243
120 248
120 514
120 575
120 675
120 996
121 147
121 349
121 511
121 987
122 149
122 307
122 429
122 501
122 525
123 160
123 227
123 274
123 460
123 481
123 574
123 698
123 707
123 874
124 208
125 200
125 290
125 533
126 293
126 400
126 445
126 566
126 582
126 620
126 682
126 908
126 911
126 974
126 978
127 142
127 145
127 199
127 226
127 567
127 753
127 867
127 947
128 240
128 388
128 423
128 894
128 898
128 925
129 151
129 246
129 570
129 830
130 226
130 327
130 360
130 818
131 140
131 393
131 563
131 943
132 182
132 495
132 715
133 331
133 542
133 747
133 783
133 808
134 261
134 442
134 838
134 863
134 881
134 930
135 266
135 407
135 827
136 198
136 240
136 314
136 433
136 514
136 787
137 211
137 480
137 523
137 525
137 758
137 824
137 850
137 918
137 987
138 149
138 592
138 693
138 925
138 969
139 158
139 376
139 568
139 621
139 905
140 401
140 588
140 644
140 662
140 837
140 969
141 566
141 610
142 244
142 348
142 597
142 657
142 750
142 758
142 911
143 175
143 476
143 579
143 855
143 877
143 961
144 176
144 281
144 379
144 454
144 632
144 646
145 351
145 572
145 652
146 293
146 497
146 531
146 543
146 618
146 877
147 330
147 505
148 173
148 178
148 598
148 605
148 708
148 857
149 259
149 439
149 551
149 605
149 776
149 827
149 906
149 961
150 178
150 385
150 641
150 778
150 916
151 414
151 441
151 535
151 543
151 770
152 641
152 695
152 871
153 257
153 448
153 745
153 943
154 252
154 361
154 574
154 924
155 405
155 412
155 664
156 336
157 751
157 975
158 295
158 450
158 593
158 679
159 293
159 415
159 450
159 584
159 646
160 295
160 402
160 765
161 316
161 767
161 899
162 196
162 371
162 448
162 469
162 506
162 516
162 858
163 174
163 415
163 629
163 675
163 757
164 403
164 622
164 624
165 591
165 732
165 944
166 169
166 337
166 575
166 607
166 944
167 283
167 357
167 427
167 661
167 703
167 802
167 976
168 366
168 477
168 503
168 659
168 919
168 931
169 309
169 372
169 459
169 682
169 785
169 857
170 226
170 233
170 273
170 286
170 307
170 472
170 610
171 244
171 269
171 937
171 961
172 298
172 301
172 758
172 996
173 222
173 250
173 701
173 719
173 843
173 918
174 341
174 641
174 742
174 771
174 797
174 925
175 491
175 563
175 663
176 203
176 392
176 487
176 658
177 270
177 289
177 290
177 463
177 750
177 783
177 787
177 801
178 324
178 562
178 883
179 336
179 819
180 474
180 536
180 726
180 871
181 560
181 658
182 200
182 234
182 350
182 388
182 445
182 454
182 587
182 601
182 795
183 413
183 417
183 666
183 784
184 189
184 345
184 360
184 411
184 549
184 946
184 985
185 457
185 499
186 384
186 629
186 653
186 676
187 388
188 861
188 868
189 456
189 615
189 635
189 796
189 846
190 238
190 946
191 393
191 460
191 874
192 971
193 368
193 650
193 907
194 263
194 496
194 535
194 832
194 857
194 949
195 280
195 538
195 639
195 706
195 831
196 455
196 876
196 887
196 988
197 230
197 268
197 373
197 376
197 616
197 661
197 861
197 895
198 244
198 333
198 434
198 830
199 326
199 509
199 777
199 837
199 883
200 306
200 512
200 788
200 932
201 238
202 729
202 896
202 906
202 909
202 959
203 212
203 318
203 410
203 607
204 236
204 380
204 513
204 822
204 971
205 264
205 319
205 947
206 357
206 410
206 423
206 456
206 619
206 697
206 809
206 849
206 937
207 262
207 525
207 849
207 941
208 495
209 216
209 222
209 233
209 402
209 435
209 453
209 525
209 803
210 266
210 485
210 505
210 611
210 967
211 397
211 696
212 263
212 492
212 520
212 681
213 296
213 570
213 671
213 676
213 690
213 938
214 315
214 482
214 813
214 917
215 350
215 376
215 386
215 736
215 782
215 887
216 251
216 338
216 624
216 750
216 759
216 814
217 259
217 553
217 559
217 760
217 768
217 820
218 348
218 356
218 587
218 919
219 296
219 364
219 489
219 512
219 522
219 531
219 718
219 758
220 370
220 405
220 450
220 666
220 880
220 888
221 422
221 550
221 559
221 778
221 785
221 984
222 301
222 360
222 365
222 377
222 705
222 857
223 224
223 271
223 449
223 638
223 734
223 919
223 955
224 349
224 706
225 723
225 759
225 966
226 285
226 373
226 587
226 672
227 375
227 398
227 493
227 714
227 753
228 277
228 319
228 436
228 566
228 669
228 740
228 773
228 912
228 927
229 431
229 732
229 843
230 494
230 527
230 721
231 552
231 632
231 682
231 748
231 782
231 942
232 334
232 365
232 400
232 456
232 529
232 748
233 460
233 474
233 628
233 741
233 854
234 301
234 599
234 865
234 889
234 941
235 310
235 491
235 914
236 638
236 726
237 328
238 707
238 903
238 910
238 958
239 355
239 557
239 726
240 315
240 402
240 655
241 407
241 890
241 924
241 949
241 994
242 282
242 776
242 835
243 501
243 597
243 655
243 908
243 956
244 281
244 576
244 702
244 705
244 810
245 346
245 579
245 944
246 451
246 643
246 828
246 926
247 435
247 648
247 722
249 373
249 572
249 598
249 643
249 725
249 813
250 254
250 341
250 810
251 259
251 459
251 725
251 997
252 466
252 531
252 577
252 876
253 297
253 424
253 569
253 635
253 875
253 946
254 663
254 735
254 795
254 848
254 922
254 945
255 304
255 399
255 493
255 582
255 753
256 363
256 446
256 454
256 575
256 601
256 702
256 739
257 466
257 488
257 517
257 582
257 689
257 888
257 925
257 928
258 296
258 306
258 553
258 665
258 781
258 857
258 894
258 907
259 405
259 440
259 851
260 450
260 497
260 608
260 869
261 368
261 427
261 754
261 832
261 902
262 413
262 539
262 579
262 828
263 820
263 855
263 893
264 371
264 374
264 693
264 817
265 343
265 421
265 490
265 823
265 932
265 943
266 374
266 582
266 676
266 686
266 750
266 800
266 871
266 944
267 315
267 740
267 826
267 953
268 386
268 562
268 726
268 864
269 393
269 537
269 807
269 862
270 498
271 363
271 385
271 559
271 597
271 714
272 324
272 439
272 574
273 367
273 388
273 457
273 535
273 763
274 304
274 356
274 516
274 744
274 856
274 901
274 986
275 328
275 355
275 503
275 689
275 989
276 424
276 448
276 790
276 841
276 947
277 522
278 409
278 429
278 547
278 623
279 465
279 499
279 688
279 771
279 986
280 350
280 650
280 658
281 355
281 961
281 986
282 752
282 758
282 865
282 901
283 535
284 435
284 437
284 507
284 515
284 527
284 620
284 820
284 939
285 355
285 490
285 677
285 693
285 758
286 316
286 343
286 509
286 515
286 895
286 989
287 323
287 615
287 634
287 660
287 738
287 774
287 953
287 986
288 441
288 518
288 670
288 683
288 760
289 338
289 516
289 627
290 461
290 468
290 553
290 708
290 835
291 390
291 401
291 500
291 587
291 646
291 742
292 327
292 539
292 738
292 782
292 920
292 937
292 993
293 352
293 458
293 832
293 879
293 960
294 312
294 454
294 460
294 579
295 417
295 506
295 764
295 834
295 846
296 347
296 446
296 519
296 617
296 667
296 720
296 815
297 770
297 895
298 400
299 324
299 682
299 792
299 929
300 520
300 573
300 637
300 932
301 319
301 368
301 452
301 549
301 769
301 770
302 856
303 395
303 438
303 620
303 757
303 761
303 874
303 972
304 497
304 501
304 516
305 397
305 525
305 829
306 444
306 690
307 359
307 470
307 495
307 634
308 439
308 461
308 474
308 641
308 709
308 711
308 746
308 888
309 546
309 838
310 410
310 417
310 639
310 777
311 573
311 676
311 713
311 775
311 827
311 852
312 424
312 632
312 638
312 908
313 438
313 502
313 535
313 723
313 919
314 457
314 635
314 760
314 962
315 415
315 517
316 352
316 393
316 598
316 652
316 976
317 406
317 757
317 866
318 524
318 849
318 910
319 330
319 504
319 613
319 627
319 851
320 445
320 594
321 407
321 464
321 523
321 818
322 677
322 785
322 786
322 792
322 811
322 834
322 879
322 952
323 345
323 617
323 949
324 370
324 552
324 587
324 768
324 844
325 601
325 706
325 846
326 430
326 493
326 528
326 581
326 644
326 663
326 724
327 329
327 528
327 655
327 682
327 787
328 404
328 468
328 836
328 873
329 478
329 597
329 642
329 783
330 479
330 792
330 851
330 950
331 335
331 406
331 572
331 590
331 611
331 747
331 810
331 881
332 337
332 845
332 860
332 939
333 614
333 660
333 844
333 970
334 446
334 497
334 887
334 922
335 564
335 577
335 601
335 942
335 949
336 400
336 560
337 401
337 652
337 663
337 778
337 823
337 914
338 396
338 419
338 521
338 536
338 740
338 743
338 760
338 776
339 587
339 629
339 720
339 721
339 747
339 898
339 959
340 498
340 564
341 404
341 526
341 767
342 516
342 639
342 739
342 896
343 507
343 555
343 653
343 699
343 816
343 967
344 354
344 363
344 496
344 681
344 767
344 768
345 360
345 809
346 550
346 601
346 818
348 469
348 503
349 642
349 722
349 838
349 863
350 418
350 526
350 720
350 898
351 503
351 659
351 786
351 943
352 489
352 618
353 434
353 494
353 679
354 684
354 717
354 945
355 371
355 821
355 862
355 866
356 675
356 767
356 969
356 990
357 509
357 564
357 706
357 719
357 942
358 575
358 874
358 960
359 887
360 571
360 599
360 652
360 752
360 890
361 579
361 863
361 870
362 395
362 782
362 837
362 852
363 368
363 377
363 409
363 521
363 596
364 380
364 543
364 602
364 698
364 933
364 965
365 388
365 406
365 468
365 475
365 606
365 714
365 730
365 938
366 461
366 722
366 842
367 412
367 577
367 709
368 818
369 522
369 660
369 663
369 762
370 739
370 856
371 732
371 842
371 972
372 605
372 772
373 418
373 482
373 621
373 891
374 548
374 675
375 547
375 854
375 867
376 621
376 644
377 409
377 662
378 607
378 663
378 683
378 818
378 819
378 860
378 862
378 979
378 998
379 384
379 449
379 615
379 650
379 727
379 799
379 858
379 914
380 405
380 494
380 588
380 866
381 393
381 493
381 883
382 433
382 496
382 900
383 940
384 798
384 919
384 980
385 507
385 673
385 737
386 515
386 641
386 744
386 872
387 438
387 453
388 417
388 437
388 595
388 622
388 705
389 438
389 510
389 541
389 575
389 591
389 857
390 487
390 628
390 664
391 427
391 437
391 438
391 509
391 623
391 662
392 417
392 555
392 786
392 919
393 793
393 842
393 938
394 458
394 584
394 716
394 736
394 795
395 599
395 974
396 443
396 529
396 635
397 518
397 550
397 576
397 808
397 889
398 548
398 663
398 689
398 693
398 899
398 981
399 617
399 817
399 908
400 591
400 857
400 947
401 732
401 807
401 924
402 581
402 593
402 697
402 838
402 954
402 989
403 484
403 870
403 905
403 984
404 835
405 437
405 553
405 643
405 685
405 929
406 527
406 533
406 560
406 799
406 821
406 993
407 506
407 688
407 846
408 504
408 983
409 433
409 639
410 476
410 545
410 557
410 768
411 466
411 650
411 691
411 700
411 711
412 677
412 890
412 939
412 965
413 422
413 486
413 671
413 875
413 894
414 471
414 644
414 942
415 736
416 596
416 633
416 818
417 470
417 881
417 882
418 732
419 457
419 701
419 853
420 421
420 783
420 881
420 951
421 487
421 606
421 746
421 747
421 973
422 616
422 688
422 714
422 758
423 508
423 547
423 801
423 993
424 432
424 784
424 945
425 561
425 571
425 584
425 901
426 765
426 936
426 955
426 973
427 446
427 509
427 566
427 674
428 548
428 720
428 843
428 861
428 924
429 433
429 568
429 830
430 543
430 563
430 680
430 766
430 918
430 972
431 549
431 751
432 531
432 671
433 652
433 858
433 937
433 999
434 504
434 765
435 481
435 483
435 581
435 698
435 789
436 847
437 443
437 583
437 590
438 719
439 544
439 657
439 813
439 923
439 961
440 688
440 735
440 815
441 447
441 691
441 736
443 956
443 972
444 592
444 643
444 699
444 866
444 881
445 449
445 631
445 896
446 645
446 752
446 838
447 678
448 536
448 580
448 802
449 590
450 652
450 999
451 545
451 613
451 970
452 464
453 712
453 851
453 997
454 589
454 741
454 762
455 540
456 648
456 671
456 684
456 780
456 990
457 565
457 651
457 672
457 899
457 965
458 530
458 541
458 663
458 805
458 824
459 519
459 533
459 677
459 789
460 504
460 726
460 993
461 522
461 902
462 631
462 863
462 925
462 990
463 491
463 671
464 484
464 520
464 576
464 624
464 837
465 601
465 718
466 636
466 714
466 947
467 612
467 637
467 934
468 503
468 578
468 595
468 629
468 691
468 788
468 909
468 993
469 579
469 660
469 718
469 849
470 486
470 795
470 826
471 686
472 504
472 511
472 544
472 605
472 687
472 755
472 771
472 792
472 893
473 488
473 524
473 526
473 639
473 768
474 674
474 732
475 510
475 804
475 945
476 983
477 490
477 690
477 992
478 837
478 865
479 628
480 679
480 867
481 752
481 880
481 887
481 964
482 711
482 736
482 882
483 542
484 532
484 548
484 591
484 691
484 785
484 805
485 520
485 588
485 681
485 838
485 884
485 908
486 527
486 787
486 953
487 881
489 766
490 603
490 765
490 841
492 529
492 552
492 667
493 737
493 907
493 933
495 773
495 826
495 881
496 697
496 742
496 777
496 857
496 885
496 979
497 594
497 603
497 697
498 646
498 699
498 731
498 808
498 843
498 850
499 655
499 744
499 811
499 828
500 647
500 678
502 821
503 530
503 620
503 795
504 704
505 933
506 783
506 834
506 956
507 643
507 685
507 730
507 972
508 647
508 675
508 855
508 907
508 986
509 733
509 767
509 906
510 852
510 922
511 554
511 624
511 660
511 674
511 748
511 832
511 968
512 639
512 758
512 844
513 681
513 707
513 774
513 905
514 538
514 542
514 571
514 573
514 649
514 672
515 647
515 741
515 866
516 517
516 623
516 625
516 959
517 531
517 719
517 807
517 899
517 908
517 972
518 722
518 763
518 834
518 957
519 545
519 657
520 523
520 654
520 780
521 562
521 740
521 884
522 852
522 994
523 533
523 973
523 986
524 843
524 963
525 538
526 658
526 738
526 760
526 988
528 784
528 813
529 778
529 902
529 963
530 608
530 634
530 685
530 705
531 698
531 735
531 797
531 806
531 986
532 645
532 656
532 946
533 696
533 848
533 965
534 741
535 574
535 851
535 977
536 802
537 758
537 785
537 888
538 624
538 874
538 895
539 706
539 914
539 981
540 632
540 841
541 542
542 702
542 728
542 736
542 759
542 920
543 589
543 618
543 626
543 882
543 938
543 976
544 762
544 832
544 972
544 997
545 726
546 959
547 603
547 810
547 855
547 965
548 599
548 647
548 826
548 896
548 996
549 605
549 841
550 835
550 865
551 922
551 923
552 733
552 822
553 783
553 978
553 994
554 786
554 821
554 896
554 974
555 710
555 820
555 846
556 971
557 731
557 814
558 637
558 677
558 910
559 576
559 876
559 951
560 751
560 791
560 895
560 900
560 969
561 617
561 683
563 654
563 701
563 892
563 966
564 668
564 726
564 731
564 844
566 743
566 936
566 973
567 880
567 911
569 611
569 624
569 805
570 780
570 833
570 852
571 748
571 838
571 856
571 932
572 720
572 749
572 872
572 979
573 619
573 668
573 749
573 766
574 600
574 768
574 957
575 821
575 958
576 744
577 811
579 745
579 888
581 648
581 783
581 953
581 982
583 647
585 606
585 759
585 769
585 831
585 974
586 617
586 770
586 849
587 958
588 661
588 740
588 864
589 606
589 625
589 848
590 656
590 867
590 871
591 881
591 959
592 618
592 639
592 752
592 820
593 622
593 699
593 800
594 705
594 761
594 805
595 767
595 959
595 971
596 632
596 652
596 951
597 694
597 874
597 996
598 779
599 727
599 740
599 768
599 995
600 679
601 668
601 804
602 835
603 740
603 811
603 928
604 735
604 773
605 802
605 826
605 907
605 935
607 708
607 787
608 772
608 958
609 614
609 642
609 646
610 789
610 873
610 937
610 994
611 670
612 675
612 713
613 630
613 749
613 821
614 824
614 850
616 675
616 863
616 905
617 704
617 944
618 796
618 957
619 931
619 991
620 640
621 686
621 711
621 926
622 906
623 883
623 971
624 733
625 773
626 912
626 969
627 735
628 908
630 722
631 861
632 721
632 797
632 902
633 984
634 701
634 788
634 885
634 964
635 697
635 832
636 853
636 957
636 958
637 880
637 915
638 752
638 772
639 978
640 657
640 787
640 845
640 864
640 865
641 668
641 696
641 822
642 810
643 728
643 879
643 941
644 773
645 723
645 757
645 816
646 655
646 966
647 660
647 976
648 773
648 839
648 928
649 712
649 903
649 948
650 807
650 821
651 697
651 748
651 803
651 869
652 671
652 672
652 750
652 940
652 981
653 666
653 963
654 833
654 864
654 887
655 682
655 974
656 682
657 803
658 802
658 852
658 972
659 820
659 839
660 727
662 807
662 945
662 960
663 664
663 819
664 729
664 740
665 702
665 713
665 734
665 980
665 995
666 694
666 764
666 857
666 861
667 811
667 847
667 855
667 949
668 676
668 718
668 727
668 813
669 815
670 786
670 997
671 876
672 772
673 680
674 690
674 820
675 979
677 723
677 913
678 931
679 859
681 826
681 994
682 906
682 931
682 933
685 752
685 909
686 694
686 707
686 737
686 744
687 834
688 771
688 812
689 789
689 797
689 989
692 861
692 899
693 862
693 899
695 952
698 848
698 898
698 965
699 703
699 734
699 996
700 731
700 884
700 896
701 718
701 889
701 922
702 711
702 743
702 961
703 708
704 749
704 875
704 910
704 932
704 981
705 817
705 827
706 840
706 854
706 941
707 767
707 775
707 801
708 872
708 893
709 894
710 738
710 829
710 984
713 718
713 753
713 799
713 971
714 947
715 730
716 775
716 989
717 737
717 800
717 967
718 843
718 908
718 945
718 981
719 731
719 757
719 832
719 945
722 841
723 803
724 899
725 835
725 859
726 859
727 828
727 834
728 881
728 976
729 736
729 998
730 853
730 951
731 811
732 827
732 956
733 776
734 812
734 838
734 850
734 999
735 892
735 908
736 856
738 896
740 842
740 923
740 982
741 872
741 975
742 906
743 775
743 883
744 838
744 917
745 876
746 767
746 772
746 882
748 938
749 775
749 862
749 985
750 791
750 792
751 807
751 972
752 871
753 987
755 944
756 759
757 779
760 910
762 941
763 876
764 875
764 897
765 913
766 768
767 829
767 883
767 887
768 771
768 929
772 819
772 859
773 807
773 963
773 999
774 833
775 951
775 984
777 966
777 995
778 833
778 973
779 925
779 933
780 892
781 798
781 916
783 890
783 943
785 900
786 835
786 972
787 808
787 844
788 870
789 867
791 958
792 885
793 812
794 872
795 920
795 970
796 835
796 955
799 952
801 967
802 865
802 981
804 808
804 864
804 999
805 977
807 963
808 970
809 896
809 901
809 948
810 863
810 919
810 944
810 973
811 888
812 879
812 942
816 957
816 964
817 988
818 850
818 926
818 962
818 971
819 847
820 974
821 989
821 993
822 902
824 970
828 918
829 858
830 999
831 893
831 961
833 846
833 878
834 872
835 914
837 958
837 986
838 978
839 938
840 951
840 986
847 967
848 907
849 875
850 989
851 886
852 894
853 997
856 899
856 985
857 872
859 932
859 971
860 952
860 966
860 993
861 948
862 969
863 880
863 982
865 870
866 887
867 891
868 931
872 940
872 957
872 988
876 934
876 944
877 974
882 986
882 998
885 925
888 993
888 995
890 978
893 981
894 918
896 942
897 952
897 989
898 928
898 962
899 951
900 913
902 947
907 918
908 942
908 945
912 927
912 948
913 916
918 935
918 956
921 940
923 957
925 981
926 986
931 999
933 939
933 959
933 988
935 975
936 938
940 988
945 993
947 973
952 995
954 985
956 966
961 987
963 995
986 992
987 997
991 994
996 999
