0 102
0 251
0 287
1 295
1 410
1 466
1 734
1 832
1 897
1 952
2 143
2 606
2 685
2 730
2 903
3 39
3 59
3 194
3 254
3 286
3 325
3 498
3 618
3 770
4 78
4 82
4 156
4 205
4 214
4 242
4 352
4 763
4 932
4 975
5 374
5 382
5 664
5 916
5 931
6 92
6 829
7 185
7 304
7 592
7 959
7 992
8 105
8 113
8 222
8 338
8 441
8 544
8 938
9 122
9 430
9 448
9 493
9 579
9 844
9 964
9 972
10 128
10 320
10 409
10 432
10 469
10 493
10 782
10 984
10 997
11 304
11 930
12 174
12 345
12 429
12 516
12 867
12 923
13 364
13 449
13 467
13 472
13 727
13 831
14 100
14 227
14 266
14 301
14 367
14 422
14 582
14 605
14 740
14 803
14 816
14 836
14 971
15 408
15 476
15 854
15 955
16 557
16 559
17 29
17 67
17 529
17 587
17 870
17 892
18 179
18 265
18 361
18 745
19 40
19 61
19 437
19 650
19 653
19 890
19 987
20 29
20 768
21 39
21 183
21 235
21 383
21 414
21 629
21 812
22 131
22 195
22 622
22 916
23 36
23 285
23 334
23 416
23 422
23 819
24 334
24 387
24 535
24 720
24 733
24 738
24 885
25 189
25 355
25 554
25 588
25 677
25 953
26 135
26 190
26 242
26 768
26 841
26 999
27 38
27 69
27 246
27 686
27 704
27 742
28 196
28 288
28 545
28 599
28 707
28 999
29 78
29 505
29 540
29 853
30 119
30 358
30 370
30 594
30 766
31 126
31 197
31 237
31 338
31 622
31 670
32 97
32 176
32 186
32 320
32 961
33 66
33 238
33 247
33 547
33 736
33 754
34 47
34 168
34 438
34 678
34 706
34 972
35 882
35 977
36 277
36 311
36 729
36 768
36 771
36 847
37 351
37 359
37 536
37 574
37 671
37 735
37 827
38 223
38 435
38 471
38 717
38 828
38 878
39 426
39 574
39 609
39 779
40 61
40 134
40 207
40 477
40 678
40 835
40 985
41 166
41 188
41 279
41 460
41 851
41 992
42 171
42 492
42 807
43 119
43 128
43 308
43 481
43 559
43 593
44 233
44 260
44 295
44 729
44 904
44 952
44 961
45 194
45 277
45 489
45 674
45 705
45 726
45 871
46 215
46 352
46 364
46 442
46 500
46 505
46 581
46 659
46 748
46 811
47 201
47 396
47 559
47 782
48 115
48 116
48 618
48 707
48 789
48 830
48 913
49 101
49 129
49 507
49 523
49 586
49 781
49 918
50 195
50 228
50 410
50 413
50 414
50 591
50 750
50 956
51 195
51 223
51 896
51 904
52 92
52 123
52 136
52 248
52 418
52 605
52 610
52 817
53 65
53 156
53 258
53 572
53 591
53 939
53 989
54 121
54 282
54 313
54 564
54 731
54 887
55 343
55 510
55 795
56 563
56 964
57 70
57 328
57 419
58 62
58 286
58 688
58 835
58 985
59 131
59 260
59 267
59 366
59 563
59 668
59 834
59 959
60 527
60 537
60 547
61 261
61 415
61 456
62 140
62 247
62 345
62 409
62 626
62 652
62 658
62 739
62 999
63 171
63 342
63 847
63 929
64 109
64 596
64 766
64 957
65 144
65 420
65 599
65 607
65 609
65 941
66 284
66 484
66 607
66 972
67 308
67 311
67 539
67 566
67 573
67 864
67 899
67 901
68 171
68 531
68 664
68 665
68 983
69 169
69 529
69 755
69 796
69 815
69 889
70 232
70 257
70 440
70 494
70 501
70 502
70 561
70 906
71 86
71 244
71 537
71 541
71 604
71 914
72 386
72 569
72 846
72 867
73 277
73 386
74 115
74 230
74 263
74 572
74 652
74 863
75 192
75 311
75 421
75 636
75 666
75 900
75 916
75 928
76 183
76 271
76 358
76 485
76 534
76 535
76 829
77 301
77 355
77 725
78 138
78 195
78 197
78 438
78 538
78 554
78 584
78 812
78 952
79 96
79 168
79 301
79 430
79 519
79 656
79 964
80 181
80 326
80 578
80 795
80 860
81 85
81 332
81 362
81 467
81 753
81 890
82 496
82 543
82 775
83 369
83 483
83 914
83 924
84 265
84 603
84 610
84 769
84 816
84 883
85 550
85 605
85 673
85 823
85 856
86 179
86 712
86 738
86 800
86 860
87 162
87 273
87 379
87 784
87 956
88 97
88 691
88 895
88 949
89 208
89 432
89 584
89 769
89 788
89 831
89 906
89 969
90 152
90 205
90 311
90 322
90 414
90 593
90 666
90 860
91 139
91 447
91 762
91 766
91 887
92 126
92 409
92 451
92 559
92 936
93 210
93 323
93 334
93 689
93 996
94 198
94 574
94 593
94 599
94 793
94 824
94 971
95 175
95 205
95 434
95 752
95 906
96 129
96 374
96 695
96 884
96 916
97 192
97 346
97 709
97 783
97 785
97 915
98 240
98 269
98 451
98 744
99 338
99 959
100 352
100 429
100 845
101 165
101 216
101 314
101 423
101 738
101 910
102 163
102 599
103 327
103 393
103 492
103 578
103 585
103 693
103 874
104 299
104 508
104 554
104 572
104 723
104 734
104 959
105 472
105 548
105 728
105 872
105 888
106 474
106 763
107 669
107 978
108 228
108 411
108 449
108 531
108 834
109 291
109 738
109 925
110 439
110 445
110 472
110 587
110 702
111 152
111 424
111 425
111 550
112 582
112 995
113 117
113 193
113 591
113 797
113 805
114 263
114 357
114 516
114 867
116 215
116 328
116 786
116 861
117 176
117 193
117 405
117 597
117 826
118 269
118 532
118 632
118 701
118 871
119 189
119 226
119 315
119 545
119 776
119 807
119 975
120 138
120 894
120 987
121 356
121 782
121 825
121 981
122 236
122 290
122 901
123 135
123 159
124 381
124 476
124 655
124 800
124 909
125 375
125 740
125 834
126 274
126 362
126 476
126 620
127 724
127 753
127 798
127 922
128 155
128 521
128 752
128 814
129 342
129 578
129 649
129 709
129 790
129 986
130 294
130 312
130 774
130 803
130 861
130 988
131 181
131 281
131 555
131 644
131 658
131 771
131 857
132 200
132 326
132 425
132 462
133 210
133 241
133 274
133 636
133 757
133 944
133 997
134 329
134 390
134 434
134 538
134 646
134 664
135 317
135 826
136 353
136 541
136 686
136 705
136 896
136 985
137 348
137 707
137 777
137 962
138 189
138 200
138 220
138 567
138 877
139 480
139 608
139 808
139 871
139 970
140 160
140 235
140 405
140 426
140 442
140 580
140 681
141 155
141 174
141 205
141 244
141 379
141 564
141 764
141 978
142 174
142 359
142 396
142 411
142 495
142 827
142 872
142 910
143 302
143 311
143 442
143 479
143 819
143 881
144 183
144 399
144 431
144 735
144 774
144 923
144 994
145 280
145 859
146 365
146 466
146 529
146 647
146 683
146 837
146 966
147 403
147 471
147 504
147 553
147 561
147 810
147 970
148 374
149 225
149 317
149 350
149 397
150 152
150 215
150 423
150 595
150 833
150 877
150 898
151 157
151 435
151 684
151 735
151 774
151 833
152 211
152 365
152 563
152 894
153 516
153 790
153 869
154 448
154 847
154 993
155 430
155 794
155 810
156 419
156 453
156 501
156 607
156 623
156 657
156 751
156 766
156 811
156 921
157 299
157 312
157 395
157 494
157 547
158 365
158 441
158 662
158 717
158 729
158 832
158 851
158 924
159 284
159 437
159 695
159 856
159 921
159 936
160 322
160 644
160 767
160 777
160 926
160 992
161 278
161 338
161 339
161 590
161 739
161 816
161 837
161 950
161 975
162 190
162 224
162 643
162 715
163 245
163 499
163 531
163 628
163 646
164 376
164 382
164 564
164 583
164 654
164 784
164 850
164 895
164 968
165 598
165 635
165 639
166 774
167 307
167 357
167 854
167 992
168 563
168 650
168 921
168 986
169 329
169 579
169 649
169 968
170 206
170 376
170 396
170 455
170 510
170 537
171 269
171 276
171 336
171 708
171 986
172 334
172 813
172 834
172 881
172 917
173 221
173 250
173 403
173 549
173 556
173 634
173 932
174 433
174 437
174 660
174 726
174 771
174 785
174 969
175 181
175 194
175 282
175 287
175 443
175 523
175 632
175 687
176 246
176 302
176 468
176 652
176 901
177 183
177 187
177 325
177 407
177 743
177 993
178 182
178 265
178 403
178 423
178 451
178 485
178 538
178 575
178 595
178 683
179 243
179 373
179 454
179 665
180 219
180 424
180 625
180 818
180 891
181 185
181 900
182 604
182 689
182 758
182 808
182 869
183 186
183 230
183 466
183 475
183 497
183 672
183 699
184 282
184 765
185 486
185 658
185 677
185 681
186 330
186 403
186 727
186 878
187 231
187 542
187 890
188 539
188 701
188 707
188 737
188 875
188 905
189 446
189 664
189 695
189 766
189 804
190 560
190 833
190 858
190 870
190 993
191 422
191 555
192 207
192 310
192 439
192 448
192 658
193 406
193 489
193 529
193 584
193 784
193 804
193 821
194 219
194 231
194 271
194 302
194 483
194 690
195 219
195 591
195 661
196 300
196 445
196 546
196 587
196 938
197 236
197 490
198 267
198 325
198 567
198 646
198 657
198 818
198 893
199 683
199 803
199 813
199 926
200 389
200 523
200 874
201 233
201 683
201 751
202 233
202 251
202 259
202 260
202 409
202 418
202 624
202 627
203 426
203 486
203 668
203 704
203 729
203 956
204 251
204 365
204 464
204 608
204 650
204 695
204 698
204 700
205 232
205 248
205 739
205 801
205 837
205 855
205 886
205 912
206 409
206 518
206 529
206 670
206 695
206 805
206 987
207 353
207 411
207 539
208 231
208 294
208 392
208 529
208 848
209 273
209 310
209 553
209 594
209 769
209 810
210 282
210 825
210 966
211 219
211 254
211 265
211 331
211 743
211 833
212 431
212 460
212 572
212 587
212 813
212 945
213 220
213 260
213 344
213 355
213 636
213 687
213 860
213 896
214 230
214 244
214 311
214 400
214 673
214 798
215 295
215 354
215 399
215 769
215 886
215 913
216 273
216 351
216 388
216 533
216 698
217 913
217 942
218 231
218 910
219 370
219 443
219 452
219 609
219 725
219 931
220 309
220 316
220 319
220 516
220 540
220 570
220 678
220 775
221 226
221 300
221 314
221 396
221 502
221 830
222 931
223 316
223 944
224 288
224 456
224 565
224 826
224 851
225 232
225 267
225 310
225 684
225 819
226 264
226 851
226 920
227 707
228 495
228 675
228 896
228 988
229 249
229 493
229 654
230 278
230 309
230 339
230 372
230 671
230 687
230 735
231 301
231 430
231 576
231 631
231 936
231 964
231 992
232 243
232 351
232 406
232 431
232 693
232 790
233 389
233 533
233 737
233 915
233 997
234 275
234 395
234 581
234 618
234 719
234 784
234 796
234 828
234 846
235 332
235 345
235 358
235 818
236 325
236 512
236 525
236 655
236 820
237 328
237 380
237 734
237 773
238 359
238 457
238 733
238 840
238 945
238 988
239 269
239 380
239 428
239 734
239 998
240 282
240 613
240 816
240 845
240 898
241 347
241 439
241 528
241 576
241 639
241 666
241 868
242 560
242 577
242 606
242 659
242 726
242 742
242 792
242 907
242 934
243 547
243 552
243 670
244 392
244 778
245 246
245 369
245 371
245 372
245 446
245 702
245 799
245 822
246 362
246 374
246 398
246 400
246 402
246 493
246 923
247 591
247 834
247 998
248 274
248 328
248 329
248 700
248 925
248 957
249 269
249 368
249 481
249 633
249 767
250 589
250 647
250 792
250 813
250 904
251 424
251 460
251 622
251 701
251 727
252 441
252 460
252 609
252 757
252 800
253 287
253 491
253 586
253 698
253 835
253 978
254 425
254 938
255 270
255 564
255 595
255 812
255 858
256 478
256 518
256 525
256 639
256 874
257 912
257 983
258 400
258 450
258 880
259 363
259 587
259 593
259 849
260 305
260 431
260 468
260 724
260 875
261 413
261 924
262 464
262 856
263 354
263 498
263 518
263 530
263 558
263 763
264 415
264 547
264 702
264 718
264 803
264 980
265 704
265 878
265 939
265 974
265 975
265 983
266 783
266 819
266 900
267 858
267 925
267 991
268 367
268 473
268 493
268 577
268 904
268 964
269 492
269 506
269 692
269 752
269 917
270 343
270 389
270 495
270 732
270 934
271 313
271 379
271 524
271 979
272 446
272 453
272 469
272 493
272 778
273 316
273 471
273 534
273 862
274 285
274 334
274 387
274 649
274 657
274 918
275 423
275 445
275 504
275 647
275 887
275 980
276 480
276 485
276 576
276 674
276 734
276 845
276 859
277 621
277 640
278 522
278 606
278 734
278 883
279 427
279 451
279 565
279 572
279 618
279 716
279 717
279 903
279 938
280 294
280 528
280 690
280 855
280 994
281 283
281 376
281 418
281 761
281 983
282 507
282 543
282 673
282 700
282 730
282 992
283 313
283 385
283 417
283 553
283 769
284 304
284 554
285 365
285 453
285 470
285 666
285 784
285 882
285 970
286 479
286 523
286 571
286 616
287 500
287 906
287 933
288 447
288 499
288 563
288 737
288 894
289 652
289 939
289 969
290 583
291 559
291 975
292 333
292 353
292 507
293 687
294 318
294 454
294 757
295 442
295 572
295 635
295 684
295 742
295 793
295 902
295 932
296 338
296 424
296 577
296 711
296 719
296 799
296 831
296 866
296 992
297 403
297 493
297 556
297 734
297 760
297 843
298 312
298 317
298 351
298 623
298 843
299 447
299 958
299 965
300 510
300 522
300 663
300 832
301 382
301 447
301 598
301 756
302 415
302 426
302 457
302 523
302 658
302 691
302 784
302 885
302 939
303 539
303 661
304 660
304 855
304 904
304 984
305 427
305 867
306 461
306 885
306 965
307 699
307 807
307 847
307 848
308 359
308 405
309 611
309 833
310 562
310 577
310 613
311 340
311 395
311 461
311 588
311 608
311 663
311 668
311 726
312 392
312 397
312 475
312 529
312 611
312 780
314 878
315 408
315 442
315 494
315 773
315 807
315 958
316 381
316 428
316 552
317 405
317 669
317 880
317 910
317 928
318 326
318 509
318 515
318 551
318 555
318 592
318 609
318 745
318 971
319 603
319 628
319 637
319 856
319 991
320 354
320 436
320 533
320 702
321 730
322 353
322 514
322 577
322 720
322 752
322 863
322 995
323 516
323 592
323 643
323 741
323 877
324 513
324 564
324 756
324 770
325 341
325 566
325 857
326 424
326 467
326 741
326 832
326 864
326 904
326 964
327 426
327 740
327 812
328 348
328 880
328 978
328 983
329 378
329 503
329 682
329 725
329 975
330 437
330 540
330 555
330 608
330 982
331 457
331 581
331 874
332 417
332 448
332 807
332 876
333 645
334 354
334 435
334 544
334 847
334 864
335 493
335 562
335 633
335 743
336 507
336 663
336 815
336 966
337 438
337 936
338 414
338 573
338 661
338 674
338 740
338 754
338 953
339 405
339 919
340 383
340 552
340 630
340 847
341 342
341 449
341 577
341 680
341 791
341 886
342 766
342 770
343 396
343 525
343 633
343 676
343 814
343 862
343 970
344 530
344 748
344 873
344 968
345 385
345 597
345 740
345 897
346 448
346 732
346 852
347 379
347 492
347 782
347 863
347 882
348 353
348 775
348 933
348 953
349 535
349 611
349 892
350 941
351 493
351 724
351 741
352 520
352 605
352 608
352 637
352 774
352 851
352 925
352 953
353 355
353 362
353 394
353 409
353 909
353 994
354 391
354 423
354 474
354 559
354 733
354 796
355 583
355 819
355 937
355 940
356 384
356 439
356 470
356 671
356 734
356 794
356 803
356 911
356 918
356 968
357 454
357 560
357 662
357 950
358 373
358 662
358 676
358 849
359 590
359 752
359 813
360 781
360 993
361 454
361 658
361 818
361 926
362 408
362 472
362 475
362 478
362 568
362 697
362 795
363 800
363 894
364 560
364 713
364 914
365 609
365 644
365 971
366 611
366 692
366 753
366 851
366 856
367 756
367 992
368 469
368 569
368 570
368 650
368 887
369 608
369 638
369 711
369 717
369 755
369 828
369 852
369 896
369 918
369 974
370 689
371 454
371 671
372 468
372 569
372 575
372 675
373 437
373 440
373 454
373 567
373 896
373 939
374 841
374 978
375 437
376 472
376 486
376 689
376 729
376 756
376 906
377 500
377 686
377 855
378 382
378 516
378 605
378 688
378 938
379 535
379 607
379 623
379 716
379 929
380 611
380 916
380 986
381 390
382 709
382 763
383 841
384 424
384 722
385 441
385 642
385 659
385 675
385 686
386 631
387 433
387 505
387 837
387 901
387 960
388 663
388 665
388 671
388 694
388 907
389 396
389 402
389 555
389 600
390 413
390 423
390 732
390 848
390 884
391 474
391 492
391 497
392 561
392 831
392 875
392 898
393 506
393 519
393 571
393 943
394 520
395 475
395 527
395 528
395 589
395 677
395 683
395 806
395 886
396 484
396 528
396 793
396 905
397 465
397 588
397 919
398 679
398 859
398 982
399 815
400 479
400 765
400 770
401 405
401 450
401 663
401 678
401 969
402 580
403 558
403 678
403 895
403 921
404 974
405 583
406 505
406 686
406 788
406 972
407 516
407 716
407 819
407 980
407 992
408 864
408 914
409 471
409 549
409 973
410 525
410 711
410 835
411 688
411 754
411 896
412 636
412 749
412 776
412 983
413 527
413 570
413 602
413 672
413 979
414 897
414 921
415 498
415 537
415 573
415 595
415 613
415 682
415 917
415 989
416 801
417 599
417 763
418 891
420 435
420 468
421 450
421 805
422 530
422 706
422 734
422 982
423 685
423 889
423 951
423 959
424 632
424 718
424 838
424 879
425 470
425 632
425 924
426 485
426 488
426 731
426 866
426 931
427 569
427 612
427 675
427 679
427 880
427 936
427 966
428 485
428 520
428 531
428 587
428 641
428 739
429 472
429 653
429 916
430 708
431 437
431 506
431 761
431 786
431 988
433 705
433 749
434 732
434 953
434 971
435 452
435 576
435 962
436 491
436 503
436 935
436 983
437 527
437 620
437 930
438 458
438 473
438 631
438 738
438 844
439 472
439 530
439 572
439 631
440 471
440 650
441 564
441 576
441 592
441 629
442 469
442 644
442 912
442 919
442 962
442 974
443 556
443 625
443 756
443 896
443 990
444 837
444 892
445 525
445 798
445 901
445 970
445 995
446 492
446 531
446 761
446 773
446 823
446 933
447 468
447 594
447 606
447 718
448 482
448 694
448 803
449 504
449 612
449 862
449 989
450 506
450 965
451 458
451 474
451 535
451 551
451 631
451 830
452 641
452 791
452 840
452 847
452 858
453 489
453 513
453 612
453 977
454 490
454 553
454 595
455 642
455 704
455 898
455 960
456 477
456 772
456 874
456 931
457 496
457 545
457 640
457 818
457 943
458 504
458 553
458 609
458 797
459 469
459 638
459 824
459 922
461 537
461 641
462 605
462 627
462 694
462 971
463 748
463 831
463 958
464 509
465 569
465 586
465 593
465 953
466 649
466 802
466 921
467 568
467 597
467 665
467 752
467 757
467 816
469 600
470 540
470 564
470 973
471 563
471 641
471 791
472 630
472 700
472 765
472 804
473 560
473 817
474 518
474 823
475 603
475 838
476 483
476 765
476 775
476 837
476 933
476 956
477 605
477 788
478 587
478 643
478 819
478 865
479 672
479 682
479 899
479 902
479 930
479 988
480 639
480 732
480 839
480 955
481 491
481 520
481 725
481 740
481 886
481 927
482 584
482 712
482 761
482 938
483 577
483 808
484 800
484 918
484 929
485 510
485 604
485 905
485 995
486 845
486 903
487 699
488 606
488 689
488 755
488 808
488 841
488 913
489 693
489 816
489 864
489 877
489 916
490 585
491 863
491 864
492 697
492 841
493 608
493 771
494 605
494 874
494 939
495 592
496 623
496 856
497 560
497 568
497 681
497 759
497 815
497 849
497 909
498 584
498 714
499 511
499 814
500 882
500 900
500 910
500 996
501 848
503 544
503 613
503 669
503 723
503 941
504 717
505 703
505 843
505 884
505 991
506 516
506 519
506 563
506 649
506 672
506 726
507 871
507 956
508 982
509 651
509 702
509 797
509 855
509 897
510 549
510 779
510 825
511 560
511 604
511 615
511 737
512 699
514 530
514 658
514 710
514 732
514 815
515 619
515 764
515 787
515 830
515 927
515 957
516 567
516 601
516 839
517 674
517 707
518 534
518 773
518 863
519 628
520 543
520 583
520 588
520 665
520 727
520 825
520 992
521 707
521 810
522 793
522 867
523 824
523 841
523 939
523 978
523 988
524 539
524 541
524 972
525 802
526 607
526 640
526 914
527 542
527 675
527 826
528 703
528 754
528 764
528 948
529 571
529 703
529 739
529 771
530 754
531 598
531 812
532 776
532 784
532 987
533 782
533 813
533 897
533 959
534 539
534 549
534 593
534 666
534 855
535 583
535 977
536 675
536 793
537 581
537 732
537 910
537 913
538 722
538 891
539 615
540 628
540 644
541 611
542 713
542 758
542 798
542 921
543 622
543 626
543 916
543 967
544 659
545 549
545 675
546 805
546 892
548 593
548 666
548 715
549 830
549 863
550 552
550 641
551 649
551 704
551 755
551 768
551 788
552 585
553 691
554 592
554 661
554 831
555 765
555 875
556 602
556 654
557 695
557 911
557 944
557 994
558 614
558 746
559 849
560 659
560 726
560 835
560 879
561 836
561 892
561 969
562 617
562 727
562 782
562 854
562 893
562 917
563 621
563 721
563 941
564 582
564 707
564 842
564 940
565 594
565 820
568 580
568 831
569 927
569 949
570 586
570 749
571 589
571 666
571 722
571 913
571 958
572 699
572 708
572 887
572 995
573 671
573 821
573 960
574 662
574 920
575 954
575 967
576 585
576 759
577 721
577 902
577 948
578 627
578 631
578 648
578 815
579 653
579 767
580 622
580 682
580 742
580 854
580 855
581 611
581 623
581 670
581 712
582 671
582 810
582 875
582 935
583 649
583 841
583 947
584 617
584 750
585 733
585 786
585 875
585 893
585 907
586 646
586 771
586 792
588 594
588 878
588 904
589 713
589 783
589 800
589 978
590 731
590 866
590 887
590 893
591 654
591 684
592 662
592 693
592 981
593 884
594 747
595 602
595 801
595 909
596 660
596 763
598 647
598 786
598 802
599 940
600 694
600 746
600 810
600 913
601 674
601 950
602 625
603 750
604 762
604 862
605 882
606 651
607 774
607 903
608 609
608 625
608 688
608 731
608 892
608 990
609 738
609 745
610 732
610 975
611 789
611 933
611 954
612 947
612 954
613 704
613 965
615 966
616 728
616 995
617 688
617 767
618 852
618 953
619 736
620 918
621 802
621 987
622 741
623 730
623 840
623 902
623 996
624 645
624 696
624 792
624 808
624 898
625 844
626 736
626 757
626 789
626 830
626 881
627 722
627 922
628 780
628 799
629 711
629 783
629 789
630 675
630 764
630 839
630 926
631 654
631 682
631 846
631 861
631 885
632 648
632 650
632 747
632 974
633 843
633 907
633 946
635 994
636 673
636 690
637 663
638 664
638 734
638 745
638 759
638 894
638 936
639 656
639 921
639 935
640 755
643 679
643 758
643 774
643 876
644 797
645 691
645 767
645 860
648 778
648 836
648 978
649 688
649 778
650 823
651 996
652 842
652 860
652 993
653 703
653 835
653 928
655 875
656 659
656 777
656 807
657 779
657 950
658 826
659 726
659 737
659 760
660 682
660 805
661 699
661 849
662 733
662 745
662 782
662 993
663 757
663 865
663 909
663 940
664 702
664 734
665 995
666 956
667 855
668 757
668 993
669 821
669 932
670 736
670 755
670 819
671 788
671 909
672 704
672 747
673 863
674 738
674 777
674 780
675 883
676 785
676 795
676 914
677 695
677 698
677 816
678 807
678 922
678 925
679 719
679 844
680 784
680 921
681 691
681 707
682 723
682 896
682 905
683 757
683 902
684 967
684 996
685 868
686 736
686 932
687 865
687 979
688 695
688 713
688 781
688 786
688 792
689 787
689 844
690 819
691 738
691 830
693 707
693 727
693 762
693 908
694 897
695 724
695 762
695 767
695 861
696 721
696 798
696 893
696 905
696 999
697 809
698 914
699 779
699 927
700 975
700 986
701 708
701 762
701 978
702 863
702 883
703 925
704 863
704 972
705 739
705 776
706 933
706 957
706 994
707 969
707 989
708 841
710 819
710 873
711 942
712 717
712 834
714 730
714 856
715 925
715 980
716 811
716 857
716 903
717 948
719 775
721 957
723 726
723 735
723 789
724 729
724 787
724 893
725 758
725 767
725 820
725 846
726 742
726 816
727 792
727 957
727 961
728 999
729 842
732 739
732 763
733 794
734 825
734 850
734 910
735 778
735 870
735 890
736 771
736 815
736 851
736 919
736 942
736 955
737 752
737 941
738 748
738 834
738 988
739 940
740 925
741 891
742 866
742 990
743 757
744 943
745 830
746 924
748 831
749 801
749 875
750 820
750 925
751 927
753 878
754 772
754 959
755 799
756 786
758 798
758 817
758 871
758 898
758 979
758 988
759 818
759 826
759 888
760 764
760 830
760 835
761 801
763 989
763 996
764 801
764 884
765 816
765 870
766 802
766 870
766 898
766 948
766 991
767 793
768 924
769 934
771 815
772 815
772 823
772 921
772 974
773 802
773 829
773 899
773 978
773 986
774 994
776 848
776 959
777 782
777 852
777 990
778 858
778 865
778 976
781 976
782 902
783 787
783 955
784 992
785 828
786 862
786 905
788 796
788 849
788 998
789 862
789 876
789 997
790 903
791 896
791 928
792 892
792 958
793 850
793 987
795 823
795 910
796 818
796 888
796 949
796 985
799 845
802 856
802 912
802 916
802 920
802 961
803 862
804 939
806 861
806 899
807 876
807 959
809 833
809 847
809 907
810 936
811 923
814 943
816 841
816 889
816 919
816 947
816 978
816 998
817 925
817 990
819 991
820 974
820 996
821 856
821 981
821 983
821 985
823 957
827 963
828 926
829 887
830 956
832 842
832 943
833 849
834 915
834 997
835 903
836 940
836 963
837 959
841 964
842 859
843 960
844 965
846 972
847 877
847 991
848 950
850 969
852 967
852 983
852 997
853 902
855 856
855 862
860 961
860 965
860 983
862 888
862 999
868 925
869 880
869 935
870 887
870 988
870 989
873 903
873 974
874 909
875 893
876 910
877 893
878 885
878 929
878 978
879 880
880 906
888 930
891 925
894 957
897 971
897 980
899 949
903 992
906 988
908 983
908 989
909 980
913 965
913 975
913 978
914 952
919 963
919 985
920 992
921 997
922 955
923 954
923 964
930 977
931 963
933 998
935 984
936 971
938 959
941 985
942 968
948 951
949 985
952 983
957 958
957 971
967 970
985 996
994 997
