0 38
0 307
0 612
0 676
0 921
1 230
1 285
1 390
1 531
1 982
1 988
2 314
2 372
2 439
2 561
2 836
3 261
3 456
4 164
4 322
4 679
4 772
5 121
5 245
5 390
5 501
6 97
6 137
6 793
6 890
6 893
6 962
7 29
7 91
7 130
7 219
7 326
7 378
7 387
7 390
7 536
7 738
7 897
8 214
8 369
8 747
9 152
9 295
9 749
9 813
10 19
10 253
10 273
10 357
10 682
10 981
11 596
12 508
12 576
12 764
12 817
13 89
13 296
13 511
13 968
14 82
14 208
14 302
14 379
15 122
15 271
15 444
15 574
15 587
16 206
16 552
16 619
16 768
17 162
17 238
17 361
17 561
17 583
17 668
17 988
18 73
18 536
18 699
18 871
18 954
19 644
19 649
20 386
20 393
20 735
21 32
21 64
21 280
21 305
21 395
21 538
21 661
21 766
21 849
21 909
21 952
22 29
22 544
22 725
22 890
22 988
23 54
23 166
23 173
23 380
23 454
23 662
23 970
24 40
24 74
24 502
24 967
24 970
25 111
25 312
25 465
25 474
25 561
25 744
25 867
25 973
26 43
26 224
26 378
26 798
27 105
27 413
27 642
27 868
27 892
27 983
28 64
28 225
28 388
28 451
28 795
28 820
29 226
29 308
29 322
29 379
29 943
30 129
30 136
30 247
30 520
30 693
30 740
30 759
30 766
30 998
31 114
31 342
31 344
31 598
31 874
32 165
32 179
32 239
32 424
32 676
32 835
32 837
32 886
32 941
32 998
33 307
33 410
33 444
33 639
33 888
34 570
34 580
34 707
34 762
34 975
35 152
35 543
35 585
35 632
35 964
35 991
36 274
36 320
36 336
36 500
36 586
36 863
36 866
37 158
37 366
37 453
37 617
37 770
38 40
38 161
38 886
38 919
38 980
39 41
39 698
40 67
40 113
40 298
40 389
40 464
40 534
40 820
40 871
40 974
41 187
41 356
41 440
41 749
42 64
42 235
42 320
42 584
42 693
42 806
43 333
43 353
43 568
43 628
43 629
43 660
43 800
43 954
44 101
45 71
45 124
45 302
45 583
45 795
45 858
46 63
46 96
46 99
46 464
46 504
46 649
46 717
46 843
46 911
47 253
47 305
47 351
47 353
47 378
47 592
47 624
47 737
47 919
47 929
48 326
48 692
48 982
49 414
49 465
49 545
49 850
50 53
50 215
50 435
50 542
50 613
50 726
50 977
51 197
51 201
51 215
51 537
51 875
52 148
52 188
52 634
52 891
53 149
53 373
53 485
53 509
53 534
53 695
54 75
54 168
54 439
54 488
54 922
55 165
55 358
55 477
55 496
55 509
55 539
56 467
56 545
56 859
56 994
57 150
57 311
57 654
57 758
57 849
57 888
57 984
58 76
58 313
58 434
58 478
58 749
58 941
59 760
60 144
60 229
60 365
60 670
60 671
60 731
61 93
61 99
61 446
61 979
61 984
62 169
62 268
62 417
62 685
62 787
63 111
63 288
63 401
63 777
64 101
64 318
64 508
64 749
64 768
64 778
65 101
65 286
65 316
65 458
65 611
66 202
66 206
66 861
66 883
66 972
67 92
67 115
67 165
67 366
67 507
67 540
67 721
68 413
68 437
68 622
68 928
68 986
69 374
69 567
69 568
70 85
70 331
70 430
70 463
70 779
70 874
70 878
71 141
71 490
71 502
71 511
71 590
71 696
71 837
72 402
72 593
72 600
73 346
73 810
73 833
74 122
74 158
74 294
74 377
74 444
74 565
75 226
75 242
75 517
75 820
75 847
76 114
76 196
76 281
76 552
76 583
76 612
76 832
76 847
76 994
77 79
77 108
77 306
77 315
77 729
77 800
78 181
78 608
79 519
79 669
79 763
79 765
79 804
80 114
80 252
80 394
80 745
80 805
80 839
80 980
81 376
81 446
81 510
81 560
81 694
81 729
81 812
81 901
82 321
82 791
82 963
83 101
83 410
83 643
83 683
83 864
83 924
84 131
84 249
84 384
84 489
84 545
84 721
84 730
84 799
85 152
85 219
85 482
85 570
85 771
85 850
85 892
85 990
86 305
86 495
86 708
86 717
86 814
86 910
87 252
87 630
87 703
87 879
88 276
88 435
88 656
89 138
89 177
89 227
89 363
89 478
89 617
89 768
89 855
89 947
90 368
90 391
90 394
90 404
91 137
91 195
91 264
91 573
91 622
92 309
92 457
92 912
93 194
93 309
93 610
93 820
94 151
94 765
94 788
94 851
94 990
94 999
95 105
95 177
95 280
95 306
95 348
95 608
95 783
95 788
95 858
95 938
96 331
96 711
96 828
96 838
96 881
96 972
97 192
97 342
97 422
97 952
98 166
98 324
98 721
98 831
98 995
99 321
99 479
99 557
99 701
99 899
99 927
99 949
100 200
100 559
100 600
100 644
100 680
101 356
101 482
101 581
101 797
102 236
102 593
102 682
102 888
102 975
102 976
103 260
103 290
103 340
103 503
103 655
103 708
103 844
103 945
104 113
104 306
104 369
104 497
104 517
104 562
104 639
104 764
104 883
105 193
105 245
105 520
105 874
105 988
106 476
106 490
106 534
106 604
106 640
106 716
106 939
107 124
107 212
107 226
107 396
107 447
107 533
107 555
107 585
108 109
108 298
108 904
108 981
108 984
109 252
109 347
109 453
109 469
109 516
109 754
110 132
110 348
110 558
110 585
110 732
110 925
111 316
111 343
111 376
111 606
112 320
112 349
112 498
112 504
112 514
112 810
113 223
113 230
113 635
113 656
113 851
113 965
114 173
114 270
114 542
114 657
115 140
115 275
115 396
115 503
115 753
115 959
115 970
116 197
116 471
116 710
116 791
116 982
116 988
117 191
117 192
117 263
117 320
117 354
117 451
117 916
118 221
118 518
118 711
118 883
119 201
119 224
119 646
119 792
120 195
120 240
120 279
120 652
120 764
121 174
121 240
121 243
121 343
121 360
121 520
121 541
121 547
121 829
121 855
121 905
122 151
122 473
122 546
122 619
122 761
123 160
123 212
123 299
123 391
123 510
123 606
123 655
123 823
123 872
123 976
123 979
124 184
124 264
124 381
124 670
124 816
124 874
125 473
125 483
125 537
125 580
125 761
125 806
126 167
126 216
126 433
126 484
126 554
127 175
127 371
127 604
127 749
127 975
128 352
128 534
128 612
128 911
129 310
129 585
129 932
130 274
130 304
130 466
130 496
130 588
130 652
130 683
130 780
131 318
131 547
132 241
132 306
132 454
132 828
132 855
132 877
132 914
132 950
132 987
133 232
133 270
133 439
133 618
133 711
133 822
133 912
134 528
134 785
134 951
134 981
135 191
135 265
135 806
135 847
136 298
136 461
136 500
136 792
136 795
136 906
137 231
137 266
137 307
137 435
137 453
137 539
137 547
137 688
137 721
137 810
138 286
138 291
138 354
138 468
138 637
138 726
138 829
138 851
139 276
139 522
139 529
139 532
139 626
139 652
139 760
139 923
140 310
140 365
140 489
140 605
140 951
141 296
141 414
141 447
141 463
141 505
141 607
141 929
142 320
142 462
142 598
142 697
143 270
143 273
143 374
143 402
143 499
143 550
143 585
143 586
143 681
143 727
143 821
143 906
143 919
144 219
144 335
144 668
145 664
145 693
145 750
145 933
146 152
146 191
146 347
146 356
146 380
146 939
147 296
147 398
147 844
147 865
147 949
147 970
148 157
148 213
148 251
148 259
148 804
149 318
149 665
149 832
149 856
150 156
150 365
150 543
150 774
150 791
150 852
150 857
151 257
151 478
151 543
151 550
151 649
151 895
152 218
152 341
152 345
152 412
152 579
152 672
153 284
153 311
153 415
153 581
153 645
154 246
154 275
154 300
154 489
154 628
154 661
154 680
154 869
155 194
155 196
155 672
155 722
155 761
156 301
156 427
156 499
156 552
156 839
157 206
157 347
157 569
157 599
157 885
158 179
158 263
158 399
158 579
158 603
158 650
158 736
159 195
159 388
159 613
159 624
159 807
160 627
160 714
160 844
161 304
161 331
161 923
161 977
161 998
162 305
162 468
162 566
162 644
162 732
163 169
163 251
163 254
163 853
163 924
164 290
164 349
164 382
164 419
164 511
164 829
164 934
165 228
165 560
165 657
165 785
166 238
166 616
166 777
166 793
167 405
167 841
168 410
168 479
168 683
168 823
168 858
168 895
168 924
169 281
169 326
169 342
169 344
169 529
169 588
169 669
169 769
169 818
169 870
170 309
170 406
170 422
170 536
170 948
171 331
171 520
171 533
171 568
171 693
171 851
171 997
172 471
172 492
172 504
172 588
172 681
172 687
172 738
172 898
173 259
173 437
173 511
173 736
174 189
174 399
174 465
175 426
175 736
175 852
175 985
176 201
176 202
176 310
176 718
176 782
176 989
176 993
177 395
177 579
177 689
177 920
178 194
178 232
178 406
178 438
178 758
179 235
179 457
179 690
179 909
179 992
180 189
180 705
180 744
180 823
181 497
181 571
181 726
181 939
182 292
182 298
182 395
182 440
182 522
182 625
182 786
182 900
183 451
184 289
184 394
184 504
184 533
184 599
184 731
184 803
184 942
185 296
185 354
185 462
185 567
185 774
186 264
186 277
186 385
186 431
186 434
186 680
186 986
187 233
187 278
187 603
187 815
188 356
188 473
188 619
188 635
188 858
188 871
188 962
189 216
189 357
189 396
189 549
189 603
189 707
190 288
190 422
190 430
190 512
190 525
190 913
190 980
190 995
191 287
191 299
191 552
191 588
191 742
191 762
192 684
192 685
192 804
192 840
192 874
192 930
192 959
193 404
193 561
193 585
193 795
194 465
194 552
194 565
194 653
194 902
195 373
195 518
195 592
195 594
195 843
195 849
195 873
195 950
195 973
196 287
196 316
196 363
196 617
196 709
196 780
196 827
197 329
197 347
197 454
197 892
198 375
198 625
198 724
198 828
198 886
199 285
199 318
199 320
199 400
199 476
199 623
199 759
199 813
199 966
200 209
200 583
200 610
200 678
200 894
201 248
201 525
201 662
202 318
202 356
202 615
202 872
202 912
203 228
203 273
203 539
203 595
203 663
203 851
203 912
204 359
204 454
204 503
204 593
204 741
204 814
205 214
205 297
205 534
205 725
205 937
206 284
206 337
206 395
206 435
206 466
206 547
206 821
206 874
206 960
207 364
207 410
207 564
207 929
208 297
208 313
208 387
208 488
208 531
208 630
209 931
209 939
209 945
209 954
210 288
210 352
210 411
210 461
210 627
210 678
210 967
211 421
211 780
212 675
212 775
212 844
212 862
213 366
213 671
213 868
214 296
214 297
214 357
214 490
215 325
215 512
215 525
215 561
215 794
216 371
216 546
216 837
217 349
217 517
217 553
217 742
217 839
218 305
218 347
218 483
218 640
218 673
218 691
218 818
219 440
219 601
219 616
219 889
220 335
220 421
220 525
220 961
221 237
221 246
221 506
221 556
221 612
221 729
222 357
222 489
222 493
222 570
222 885
223 333
223 602
223 637
223 872
223 890
224 455
224 654
224 906
225 407
225 480
225 625
225 719
225 788
225 793
226 264
226 517
226 716
226 782
226 868
227 381
227 435
227 466
227 489
227 508
227 572
227 625
227 931
227 961
228 449
228 502
228 627
229 354
229 470
229 474
229 502
229 727
230 675
231 249
231 391
231 405
231 532
231 620
231 868
231 878
231 950
231 972
231 998
232 290
232 382
232 384
232 395
232 941
233 368
233 590
233 830
234 244
234 324
234 877
234 913
235 322
235 492
235 587
235 711
235 946
236 343
236 511
236 772
236 967
236 988
237 661
237 681
237 797
237 848
237 920
237 927
238 380
238 409
238 728
238 751
238 850
239 321
239 323
239 437
239 459
239 516
239 523
239 585
239 698
239 738
239 837
239 921
240 309
240 537
240 654
240 695
240 714
240 831
240 891
241 418
241 616
241 666
241 799
241 951
242 297
242 369
242 486
242 533
242 880
243 455
243 549
243 902
243 973
244 588
244 644
244 784
244 841
244 862
244 928
245 762
246 308
246 375
246 469
246 686
246 814
247 381
247 391
247 523
247 842
248 421
248 682
249 317
249 510
249 773
249 900
250 405
250 472
250 475
250 481
250 518
250 620
250 790
250 949
250 961
251 626
251 669
251 767
251 777
251 791
251 905
252 314
252 330
252 334
252 586
252 710
252 894
252 925
253 822
253 955
254 476
254 506
254 677
254 857
254 862
255 313
255 336
255 347
255 554
255 598
256 301
256 305
256 317
256 415
256 478
256 592
256 896
256 930
256 948
257 472
257 559
257 885
258 395
258 672
258 747
258 757
258 949
259 405
259 411
259 905
260 683
260 740
260 757
261 370
261 418
261 475
261 651
261 769
261 922
262 308
262 744
262 840
262 951
262 982
263 298
263 332
263 439
263 687
263 858
264 311
264 492
264 681
264 764
264 835
264 998
265 482
265 619
265 701
265 736
265 747
265 765
266 607
266 758
267 359
267 450
267 585
267 613
267 747
267 819
267 831
268 440
268 530
268 931
269 568
269 653
269 728
269 752
269 805
269 856
269 956
269 978
270 602
270 712
270 723
270 805
270 877
271 380
272 586
272 676
272 952
273 344
273 623
273 664
273 725
273 738
275 536
275 698
275 839
276 957
277 292
277 853
278 578
278 779
279 446
280 374
280 633
280 860
282 451
282 619
282 817
283 371
283 470
284 299
284 326
284 448
284 617
284 665
284 669
284 829
284 916
285 291
285 840
285 999
286 546
286 617
286 819
286 991
287 318
287 398
287 795
288 342
288 414
288 523
288 590
289 353
289 486
289 494
289 650
289 655
289 695
289 703
289 838
290 363
290 457
290 546
290 748
290 801
290 836
290 966
291 456
291 548
291 655
291 721
291 874
292 379
292 383
292 535
292 663
292 876
292 978
293 428
293 447
293 518
293 658
293 705
293 857
293 882
294 307
294 355
294 395
294 636
294 743
294 859
295 555
296 366
296 420
296 951
296 979
296 998
297 366
297 408
297 419
297 633
297 662
297 737
298 354
298 604
298 777
299 474
299 494
299 678
299 862
300 481
300 528
300 645
300 717
301 316
301 527
301 579
301 687
301 784
301 837
301 939
302 341
302 451
302 476
302 528
302 708
302 843
302 925
303 340
303 517
303 678
303 708
303 752
303 954
303 976
304 377
304 539
304 775
304 808
305 324
305 326
305 361
305 506
305 671
305 767
306 352
306 680
306 693
307 336
307 631
307 727
307 886
307 985
308 360
308 572
308 631
308 724
308 732
308 779
309 323
309 619
309 701
309 809
309 856
310 320
310 424
310 667
310 713
310 753
311 452
311 478
311 553
312 939
312 944
313 606
313 958
314 425
314 443
314 867
314 942
315 562
315 742
315 820
315 924
316 423
316 475
316 481
317 543
317 763
317 951
317 962
318 464
318 538
318 596
318 748
318 767
318 827
318 926
318 986
319 748
319 807
319 832
320 333
320 473
320 825
321 323
321 331
321 394
321 583
321 701
321 770
321 776
321 855
321 873
321 981
322 632
322 798
322 890
323 340
323 450
323 693
323 761
323 804
324 860
324 896
324 925
324 961
325 418
325 863
325 956
326 445
326 446
326 633
327 364
327 621
327 632
328 382
328 509
329 345
329 383
329 485
329 928
329 949
329 958
330 483
330 543
330 664
330 709
330 781
330 975
331 435
331 436
331 553
331 649
331 673
331 721
332 577
332 762
332 891
332 908
333 377
333 464
333 538
333 693
333 790
333 862
333 994
334 478
334 660
334 677
334 761
334 821
334 850
334 884
335 428
335 501
335 594
335 638
336 525
336 570
336 624
336 691
336 806
337 362
337 848
337 984
338 441
338 730
338 774
338 981
339 343
339 373
339 604
339 629
339 726
339 780
339 984
340 415
340 479
340 486
340 992
341 570
341 635
341 689
341 717
341 934
342 404
342 620
343 959
344 589
344 723
344 818
344 900
345 363
345 444
345 767
346 390
346 438
346 616
346 685
346 957
346 971
347 376
347 520
347 561
348 481
348 998
349 638
349 847
350 928
351 408
351 472
351 570
351 633
351 962
352 367
352 380
352 580
352 672
352 673
352 677
352 748
352 766
352 936
353 707
353 797
354 369
354 582
354 839
355 370
355 459
355 493
355 517
356 426
356 587
356 625
356 631
356 946
357 763
358 613
358 652
358 835
358 880
359 464
359 510
360 378
360 435
360 492
360 580
360 671
360 818
361 688
361 857
361 901
361 936
361 955
362 430
362 761
362 825
363 390
363 441
363 646
363 867
363 914
365 465
365 500
365 509
366 378
366 413
366 794
367 509
367 600
367 691
367 699
367 769
367 807
367 847
368 488
368 758
369 412
369 598
369 770
369 822
369 882
369 945
370 417
370 613
370 812
370 946
371 552
371 630
371 856
371 877
372 392
372 394
373 586
373 682
373 820
373 882
373 979
374 515
374 523
374 981
375 564
375 585
375 626
375 868
376 662
376 822
377 578
377 596
377 719
377 877
377 992
378 469
378 476
378 481
379 840
379 910
379 993
380 718
380 809
380 980
381 789
381 804
381 967
382 542
382 793
383 565
383 702
383 857
384 872
384 941
385 477
385 571
385 623
385 675
385 676
385 690
385 837
385 841
385 909
386 806
387 736
388 771
388 791
388 915
389 453
389 695
389 697
390 421
390 543
390 576
390 618
390 774
391 462
391 636
391 920
392 409
392 414
392 419
392 479
392 499
392 598
392 666
392 843
392 917
392 947
393 476
393 732
394 797
395 573
395 865
396 436
396 776
396 845
397 450
397 467
397 536
397 553
397 581
397 674
397 793
397 926
397 951
398 454
398 820
398 993
399 676
400 459
400 499
400 524
400 613
400 846
401 923
401 995
402 739
402 854
403 684
403 795
403 816
403 882
404 733
405 487
405 506
405 993
406 722
406 951
407 517
407 617
407 801
407 860
408 514
408 631
408 643
409 564
409 598
409 617
409 649
410 442
410 562
410 633
410 738
410 759
410 880
410 886
410 925
411 523
411 599
411 696
411 760
411 862
412 500
412 504
412 582
413 858
414 494
414 508
414 548
414 567
414 568
414 687
414 734
414 868
415 864
416 573
416 578
416 676
416 774
416 836
417 617
418 731
418 866
418 989
419 563
419 578
419 699
420 527
420 552
420 592
420 675
420 734
420 950
421 440
421 478
421 523
421 551
421 634
421 848
421 860
422 453
422 494
422 547
422 578
422 701
422 702
422 978
422 982
423 552
423 624
424 467
424 623
424 858
424 915
424 940
424 991
425 452
425 508
425 550
425 818
425 999
426 665
426 761
426 864
426 903
427 769
427 838
427 942
428 431
428 449
428 909
429 493
429 670
429 720
430 620
430 672
430 909
430 912
431 440
432 460
432 542
432 727
433 437
433 513
433 593
433 626
433 697
434 443
434 506
434 766
434 920
434 928
435 835
435 870
435 871
435 924
436 483
436 617
436 663
437 512
437 590
437 800
437 847
437 995
438 441
438 844
438 876
438 989
439 576
439 688
439 707
439 720
439 750
439 980
440 568
440 974
441 675
441 971
442 453
442 528
442 743
442 751
443 763
444 558
444 950
445 483
445 595
445 659
445 698
445 919
446 552
446 619
446 783
446 882
447 647
447 763
447 815
447 924
447 952
447 964
448 564
448 601
448 710
448 799
448 894
449 570
449 725
449 766
450 923
450 933
451 471
451 498
451 600
451 801
451 818
451 888
452 610
452 750
452 891
453 583
453 710
454 764
455 489
455 720
455 886
455 954
456 599
456 616
457 651
457 954
458 939
459 838
459 928
460 620
460 778
460 975
461 722
461 766
461 797
461 804
461 892
461 915
462 644
462 736
462 740
463 598
463 606
464 573
464 636
464 672
464 893
465 480
465 815
465 871
466 499
466 614
466 703
466 794
466 960
467 476
467 577
467 601
467 633
467 724
467 753
468 627
468 918
469 993
470 491
470 589
470 590
470 710
470 934
471 472
471 475
471 487
471 556
471 594
471 790
471 804
472 496
472 692
472 713
473 561
473 655
473 697
473 979
474 525
474 704
474 706
474 729
474 781
475 773
476 728
476 741
476 751
477 561
477 653
477 939
478 539
478 541
478 642
478 738
478 799
479 488
479 535
479 633
479 836
480 594
481 509
481 514
481 614
481 674
481 770
481 986
482 652
482 957
483 520
483 796
483 869
483 949
484 642
484 719
484 766
485 505
485 544
485 649
485 873
486 880
487 663
487 681
487 982
488 568
488 793
488 924
489 945
491 635
491 658
491 824
492 518
494 556
494 584
494 946
494 972
495 778
496 593
496 738
496 747
496 756
497 913
497 964
497 972
498 525
498 769
499 888
499 982
499 998
500 517
500 538
500 657
500 827
501 586
501 652
501 763
501 928
502 511
502 707
503 698
503 723
503 798
504 532
504 952
505 544
505 579
506 570
506 685
507 618
507 670
507 699
508 576
508 654
508 846
509 650
509 761
509 768
510 577
510 609
510 905
510 960
511 574
512 661
512 751
513 583
513 785
513 854
513 995
514 786
515 649
516 718
516 886
516 896
516 957
516 971
517 580
517 887
517 917
518 783
518 809
518 838
518 856
519 524
519 701
520 525
520 687
520 740
520 883
520 981
521 662
521 691
521 700
521 908
522 529
522 694
522 815
523 590
523 889
523 907
523 925
524 586
524 671
524 878
525 572
525 574
526 806
526 953
526 986
527 533
527 606
527 638
527 871
527 874
527 895
527 916
528 644
528 961
528 998
529 582
529 592
529 632
529 661
529 772
529 831
530 650
530 760
530 842
530 883
530 934
531 642
531 788
531 871
533 635
533 649
533 906
535 872
535 983
536 564
536 593
536 696
536 826
536 841
537 662
538 553
538 647
538 735
538 913
538 954
539 619
540 571
540 736
541 571
541 580
541 884
543 638
543 639
543 666
543 704
543 744
543 856
543 915
543 952
544 672
544 920
544 989
545 615
545 808
545 906
545 974
546 663
546 744
546 910
546 923
548 625
548 644
548 965
549 573
549 643
549 662
549 665
549 702
549 733
549 924
549 966
549 967
550 836
550 845
551 808
551 909
551 916
552 565
552 586
552 997
553 721
553 824
553 983
554 771
555 652
555 688
555 745
555 858
556 974
557 562
557 649
557 674
557 737
559 600
559 691
559 774
559 919
559 921
560 610
562 580
562 596
562 730
562 825
562 975
563 584
563 719
563 800
563 860
563 893
565 708
566 607
566 633
567 650
567 848
568 571
568 673
568 830
568 900
568 953
569 843
569 874
569 971
570 787
571 589
572 585
572 765
572 890
572 948
574 728
574 761
575 598
575 692
575 986
576 599
577 828
577 921
578 586
578 787
579 714
580 614
580 883
580 961
581 680
582 718
582 743
582 840
582 982
583 903
584 741
584 938
584 998
585 968
586 669
586 880
586 913
586 933
587 720
587 869
587 962
587 968
588 607
588 710
589 718
589 771
589 813
589 859
589 989
590 884
590 926
591 608
591 715
591 975
592 741
592 775
592 801
593 642
593 746
594 821
594 994
595 844
595 915
595 967
596 715
596 786
597 778
598 733
598 977
598 992
599 766
600 660
600 751
600 887
600 921
600 945
601 907
602 815
602 856
602 880
603 788
603 818
603 950
604 616
604 642
604 722
604 799
604 801
604 976
606 926
607 637
607 665
607 696
607 828
607 918
607 957
607 964
609 727
609 922
609 966
610 627
610 689
610 784
611 612
611 748
612 668
612 674
612 747
612 854
613 722
613 738
613 752
613 767
613 787
613 871
613 997
614 636
614 706
614 718
614 726
615 644
616 970
616 976
617 944
617 947
618 694
618 798
618 806
618 867
618 886
618 977
619 732
620 721
620 784
620 977
621 808
621 950
621 972
622 730
624 913
624 931
624 965
626 939
627 665
627 749
627 965
628 993
629 659
629 758
630 816
630 880
631 693
631 875
631 952
631 955
632 840
632 862
633 693
633 742
633 770
633 957
634 705
634 764
634 857
634 987
635 821
636 686
636 773
636 832
636 879
636 976
636 990
638 661
638 750
638 876
638 904
639 761
639 886
640 880
640 884
641 703
641 879
641 948
642 745
642 827
642 888
644 646
644 649
644 736
644 751
644 833
645 722
645 872
645 945
645 992
646 927
646 968
647 690
647 825
648 720
648 725
648 788
649 826
649 854
649 888
650 678
650 720
650 786
650 871
650 873
650 973
651 805
651 819
651 907
651 980
652 721
653 806
654 830
654 843
655 790
655 809
655 818
655 843
655 864
655 950
655 987
656 808
657 690
657 737
657 741
657 782
658 799
658 958
659 666
659 986
660 836
661 922
662 786
663 738
663 996
664 968
664 996
665 861
666 856
668 826
668 861
669 727
669 995
670 859
671 729
672 814
673 942
673 973
673 983
674 689
674 728
674 939
674 976
675 984
676 794
676 940
676 949
676 982
677 911
678 812
678 826
678 855
678 865
679 811
679 856
679 857
679 879
680 822
680 875
683 746
683 972
684 844
684 943
684 964
686 788
686 915
687 941
687 974
687 976
688 888
689 764
690 710
690 762
691 910
691 914
692 724
694 706
694 750
694 762
696 822
696 839
697 730
697 752
697 825
698 721
698 839
699 941
700 797
700 968
701 713
701 753
701 946
701 953
704 727
704 838
705 787
706 759
706 821
706 851
708 725
708 904
712 797
712 802
712 933
713 764
713 781
713 785
713 900
715 772
715 778
715 895
716 920
717 950
718 871
718 934
720 827
720 851
721 861
721 910
722 737
723 820
723 848
724 874
725 871
725 920
725 925
726 780
727 772
727 963
727 971
727 973
728 760
728 879
729 907
729 937
730 785
730 935
732 753
732 809
732 874
732 925
735 839
738 862
738 867
739 806
739 863
739 929
739 994
740 923
741 748
741 887
741 972
741 980
741 992
742 807
743 754
743 870
744 750
746 822
746 940
746 961
748 973
748 989
750 977
751 884
752 865
752 961
752 989
753 814
753 833
754 766
754 944
754 995
755 866
755 998
756 766
756 911
756 960
757 770
757 817
758 795
758 860
759 903
760 862
760 954
761 795
761 816
762 777
762 871
762 922
763 810
763 822
763 948
763 994
764 952
765 866
766 806
766 886
767 777
768 777
768 786
768 842
769 928
770 837
771 877
771 979
772 791
777 917
777 930
779 865
779 911
780 886
781 827
782 791
782 984
784 911
785 833
785 849
786 867
786 899
787 829
787 993
788 832
788 855
789 916
790 823
790 954
790 961
790 984
791 851
792 846
792 855
792 967
793 933
794 816
794 824
794 888
795 870
796 861
797 816
797 955
798 860
800 984
801 854
801 882
802 884
803 809
803 908
803 927
804 962
805 954
805 962
806 879
806 925
806 970
808 888
809 899
810 939
810 959
811 813
811 864
811 908
813 987
815 964
816 964
817 909
818 845
818 848
819 907
820 942
821 845
821 965
823 924
823 932
824 947
824 977
826 867
827 830
827 942
827 951
830 865
831 930
832 849
833 846
834 871
835 854
835 978
837 890
837 896
837 908
838 990
839 878
839 910
841 880
841 910
842 872
842 960
844 957
846 999
847 874
848 850
852 975
855 900
855 953
856 903
858 924
859 974
861 916
861 968
863 918
864 871
865 987
866 952
870 995
871 968
871 969
874 942
875 921
875 964
876 892
876 928
877 888
879 966
882 885
882 966
884 922
885 979
887 916
889 933
892 962
894 911
895 949
897 957
898 911
899 970
901 910
903 959
912 935
913 972
917 923
920 930
921 952
928 980
934 983
936 970
938 950
940 964
942 993
947 955
948 981
954 968
955 967
957 984
960 993
961 979
969 992
970 984
973 988
975 982
976 980
979 983
981 988
