0 483
0 769
1 11
1 31
1 65
1 68
1 212
1 518
1 571
1 576
2 21
2 47
2 176
2 258
2 325
2 904
3 46
3 196
3 257
3 406
3 449
3 568
4 181
4 510
4 511
4 541
4 575
4 827
5 656
5 728
5 877
5 892
5 986
6 7
6 484
6 688
6 699
6 703
6 706
6 984
7 118
7 223
7 577
7 631
8 139
8 572
8 812
8 842
9 70
9 132
9 163
9 316
9 424
9 451
9 460
9 485
9 598
10 147
10 170
10 211
10 457
10 608
10 678
10 723
10 784
10 925
10 934
11 175
11 196
11 432
11 789
11 879
12 151
12 304
12 414
12 756
12 827
13 43
13 164
13 358
13 369
13 384
13 852
14 146
14 150
14 217
14 378
14 468
14 678
14 722
14 776
14 795
15 17
15 138
15 290
15 618
15 665
16 40
16 155
16 159
16 284
16 577
16 822
16 834
17 61
17 97
17 171
17 681
17 683
17 763
17 874
17 983
18 49
18 631
18 799
19 461
19 469
19 523
19 545
19 580
19 633
19 644
19 676
19 709
19 780
19 830
19 925
20 163
20 367
20 392
20 677
20 732
20 809
21 25
21 362
21 501
21 588
21 935
22 120
22 231
22 323
22 375
22 389
22 400
23 667
23 690
23 729
23 732
23 756
23 963
24 65
24 168
24 169
24 225
24 252
24 323
24 395
24 575
24 625
25 259
25 462
25 478
25 680
26 72
26 219
26 222
26 300
26 445
26 509
26 797
26 966
27 203
27 541
27 557
27 559
27 617
27 686
27 783
27 786
27 835
28 231
28 317
28 400
28 430
28 462
28 910
29 217
29 350
29 351
29 397
29 589
29 633
29 772
29 906
30 237
30 288
31 58
31 233
31 308
31 356
31 417
31 645
31 872
31 954
32 227
32 640
32 749
33 418
33 454
33 604
33 805
34 64
34 369
34 404
34 559
34 622
34 626
34 904
35 38
35 479
35 592
35 748
35 838
35 863
35 909
36 51
36 56
36 255
36 262
36 365
36 430
36 549
36 808
36 964
37 241
37 276
37 327
37 333
37 417
37 435
37 543
37 692
37 817
37 902
38 291
38 305
38 382
38 421
38 542
38 566
38 615
38 628
38 902
38 979
39 103
39 506
39 715
39 730
39 737
40 86
40 234
40 254
40 261
40 282
40 288
40 563
40 597
40 788
40 845
40 965
41 218
41 312
41 602
41 614
41 664
41 852
41 949
42 99
42 389
42 512
42 545
42 601
42 815
42 857
42 878
42 925
43 55
43 142
43 353
43 404
43 425
43 796
44 51
44 127
44 515
44 940
45 282
45 300
45 490
45 689
45 718
45 763
45 908
45 991
46 367
46 391
46 435
46 462
47 113
47 223
47 357
47 371
47 445
47 560
47 800
48 90
48 223
48 247
48 581
49 262
49 551
49 626
49 657
49 712
49 740
49 819
49 877
50 132
50 147
50 272
50 414
50 691
50 717
50 755
50 825
50 977
51 500
51 661
51 835
52 151
52 157
52 392
52 414
52 441
52 475
52 588
52 806
52 909
53 115
53 205
53 248
53 441
53 648
53 761
53 985
54 120
54 315
54 563
54 565
54 590
54 670
54 753
54 843
54 927
55 273
55 512
55 517
56 123
56 307
56 320
56 351
56 570
56 778
56 790
56 937
57 84
57 268
57 497
57 650
57 659
57 872
57 983
58 152
58 500
58 959
58 987
59 121
59 205
59 816
59 901
60 352
60 455
60 627
60 659
60 761
60 850
60 966
61 167
61 441
61 577
61 968
62 202
62 245
62 264
62 581
62 806
62 856
62 981
63 237
63 320
63 498
63 758
63 905
64 84
64 161
64 222
64 332
64 548
64 726
64 826
64 835
64 858
64 944
64 978
65 76
65 166
65 589
65 808
65 861
65 980
66 294
66 555
66 573
66 982
67 428
67 557
67 786
67 917
68 240
68 297
68 690
69 135
69 300
69 324
69 410
69 447
69 664
69 872
69 926
70 183
70 211
70 226
70 380
70 542
70 576
70 582
70 859
70 935
71 269
71 435
71 444
71 846
71 973
72 91
72 100
72 304
72 357
72 426
72 612
72 627
72 827
73 158
73 184
73 221
73 262
73 494
73 632
73 865
73 876
73 988
74 81
74 212
74 367
74 620
74 760
74 794
74 832
74 857
75 189
75 369
75 434
75 596
75 997
76 101
76 226
76 540
76 722
76 759
77 232
77 320
77 333
77 569
77 718
77 738
77 899
77 953
78 327
78 388
78 553
78 603
79 123
79 180
79 204
79 306
79 358
79 532
79 538
79 560
79 796
79 952
80 374
80 850
80 879
81 89
81 167
81 267
81 509
81 601
81 610
81 628
81 637
81 913
82 92
82 402
82 557
82 803
82 874
82 975
83 158
83 399
83 625
83 979
84 183
84 568
85 364
85 555
85 794
86 178
86 306
86 323
86 562
86 756
86 796
87 194
87 635
87 713
87 722
87 794
88 139
88 163
88 271
88 551
88 844
88 961
88 990
89 119
89 371
89 628
89 802
89 861
89 876
90 288
90 499
90 730
90 910
90 986
91 96
91 138
91 328
91 373
91 636
91 664
92 156
92 569
92 629
92 701
92 876
92 900
93 141
93 211
93 330
93 413
93 560
94 129
94 443
94 523
94 544
94 582
94 672
95 331
95 460
95 700
95 717
95 817
95 954
96 109
96 112
96 322
96 323
97 109
97 114
97 190
97 330
97 456
97 508
97 559
97 666
97 720
98 101
98 262
98 360
98 410
98 572
98 731
98 782
99 123
99 182
99 277
99 321
99 341
99 671
99 699
99 916
99 956
100 286
100 330
100 412
100 431
100 461
100 464
100 732
100 866
101 142
101 176
101 392
101 474
101 687
101 768
101 977
101 979
102 103
102 314
102 524
102 564
102 581
102 994
103 156
103 167
103 348
103 375
103 595
103 709
103 980
104 203
104 360
104 509
104 559
104 699
105 232
105 814
106 167
106 400
106 732
107 352
107 455
107 756
108 267
108 540
108 572
109 441
109 468
109 704
109 828
109 848
110 126
110 506
110 728
111 214
111 440
111 532
111 590
111 699
111 859
111 945
112 132
112 205
112 231
112 296
112 408
112 815
112 919
113 139
113 335
113 380
113 971
113 990
114 246
114 477
114 519
114 577
114 592
114 957
115 348
115 406
115 676
115 720
115 807
115 893
115 914
115 951
115 967
115 972
115 992
116 397
116 559
116 681
116 683
116 694
117 186
117 440
117 633
117 849
117 908
118 372
118 504
118 607
118 630
118 980
118 991
119 241
119 429
120 200
120 245
120 254
120 264
120 267
120 268
120 299
120 498
120 527
120 733
120 817
121 377
121 464
121 582
121 598
121 698
121 981
122 269
122 451
122 478
122 576
122 784
123 281
123 418
123 509
123 855
123 862
123 982
124 487
124 518
125 245
125 374
125 379
126 219
126 290
126 490
126 564
126 755
126 820
126 911
127 236
127 499
127 519
127 589
127 614
127 616
127 945
128 179
128 325
128 552
128 894
129 270
129 279
129 290
129 455
129 499
129 574
129 584
129 677
130 171
130 346
130 534
130 601
130 635
130 843
130 859
130 921
131 177
131 184
131 534
131 601
131 682
132 707
133 229
133 840
133 848
134 236
134 395
134 609
134 782
134 805
134 878
135 292
135 318
135 361
135 543
135 678
135 879
135 943
136 280
136 614
136 876
137 393
137 591
137 623
137 728
137 812
138 417
138 420
138 482
138 483
138 551
138 605
138 664
138 734
138 911
139 178
139 256
139 370
139 419
139 428
139 442
139 553
139 578
139 880
140 195
140 293
140 344
140 376
140 558
140 568
140 981
141 657
141 676
141 710
141 715
141 895
141 906
142 207
142 368
142 476
142 566
142 854
142 994
143 148
143 271
143 708
143 934
144 149
144 776
144 930
144 938
145 169
145 406
145 490
145 496
145 860
146 163
146 238
146 349
146 364
146 556
146 562
146 612
147 442
147 675
147 685
148 412
148 509
149 194
149 197
150 233
150 489
150 490
150 552
150 568
151 212
151 233
151 479
151 592
151 601
151 668
151 701
151 729
151 827
152 166
152 258
152 503
152 521
152 550
152 663
152 859
152 880
152 938
152 946
153 895
153 994
154 177
154 401
154 499
155 172
155 632
155 691
155 799
155 854
155 899
156 238
156 371
156 781
156 803
157 455
157 721
157 831
158 410
158 432
158 501
158 551
158 552
159 388
159 706
159 725
159 809
159 879
159 895
160 210
160 339
161 170
161 328
161 422
161 570
161 600
161 799
161 838
161 850
161 907
161 969
162 233
162 342
162 457
162 707
162 869
162 903
163 566
163 911
163 919
164 208
164 282
164 525
165 182
165 211
165 287
165 409
165 781
165 998
166 241
166 424
166 844
167 328
167 358
167 639
167 763
167 923
168 169
168 335
168 360
168 388
168 709
168 987
168 992
169 360
169 409
169 460
169 489
169 682
169 957
170 386
170 580
170 985
171 254
171 684
171 735
171 804
171 897
171 924
171 930
171 989
172 224
172 572
172 647
172 663
172 771
172 848
172 892
173 481
173 737
173 762
174 375
174 436
174 646
174 733
175 609
175 843
175 902
175 983
176 254
176 341
176 363
176 561
176 799
176 851
177 448
177 479
177 506
177 663
177 838
178 690
178 929
179 211
179 355
179 374
179 428
179 681
179 807
179 950
180 330
180 339
180 467
180 478
180 580
180 679
180 867
180 942
181 190
181 250
181 263
181 459
181 673
181 690
181 722
181 791
181 804
181 834
182 262
182 270
182 475
182 672
182 790
182 978
183 442
183 684
183 739
183 815
184 306
184 403
184 757
184 842
185 388
185 474
185 579
185 769
185 772
185 900
186 454
186 806
187 456
187 484
187 530
187 978
188 264
188 265
188 316
188 352
188 372
188 906
189 281
189 752
190 778
190 983
191 278
191 474
191 700
191 710
191 760
191 958
192 652
192 772
192 916
193 675
193 679
194 441
194 614
194 628
195 252
195 340
195 780
196 433
196 483
196 629
196 645
196 690
197 379
197 443
197 770
197 959
197 966
198 283
198 393
198 423
198 541
199 294
199 397
199 455
199 601
199 874
199 898
200 209
200 715
200 876
200 913
201 321
201 764
201 771
201 826
202 294
202 443
202 469
202 826
202 862
202 950
203 304
203 401
203 620
205 518
205 575
205 736
205 811
206 358
206 502
206 750
206 886
206 915
207 632
207 705
207 706
207 748
207 798
208 408
208 415
208 437
208 881
209 361
209 552
209 722
210 216
210 264
210 406
210 452
210 574
210 688
210 870
211 259
211 279
211 442
211 488
211 813
211 815
211 845
212 238
212 455
212 589
212 606
212 623
212 647
212 722
212 858
212 992
213 296
213 352
213 533
213 548
213 643
213 674
213 825
213 926
214 274
214 337
214 747
214 778
214 937
215 421
215 636
215 770
215 935
215 962
216 735
216 965
217 226
217 252
217 391
217 462
217 571
217 617
218 228
218 232
218 313
218 447
218 628
218 792
218 832
218 864
219 264
219 397
219 651
219 711
220 536
220 729
220 768
220 857
220 922
221 365
221 441
222 313
222 370
222 854
223 488
223 590
223 648
223 834
223 998
224 276
224 331
224 664
225 226
225 359
225 367
225 386
225 621
225 927
226 299
226 302
226 337
226 367
226 418
226 468
226 518
226 583
226 642
226 683
227 378
227 450
227 461
227 967
227 999
228 663
228 710
228 781
230 514
230 537
230 547
230 718
230 785
230 842
231 619
231 801
232 279
232 285
232 392
232 624
232 800
232 861
233 285
233 413
233 484
233 505
233 774
233 963
234 341
234 411
234 497
234 561
235 468
235 804
235 887
235 902
235 942
236 274
236 378
236 804
236 833
236 874
236 888
236 951
236 966
237 240
237 307
237 317
238 241
238 391
238 552
239 471
239 480
239 905
240 707
240 819
240 844
240 847
241 253
241 467
241 508
241 595
241 694
241 784
241 811
241 932
241 964
242 363
242 427
242 602
243 468
243 580
243 595
243 833
244 349
244 494
244 705
244 866
244 948
245 285
245 539
245 570
245 640
245 849
245 914
246 339
246 432
246 452
246 504
246 844
246 975
247 334
247 388
247 704
247 841
248 380
248 476
248 651
248 819
248 862
248 883
249 409
249 542
249 563
249 712
249 739
249 769
249 991
251 327
251 783
251 820
251 877
251 952
252 413
252 653
252 824
253 438
253 546
253 569
253 608
253 623
253 734
253 940
254 632
254 844
255 337
255 493
255 699
255 910
255 929
256 517
256 750
257 715
257 856
258 282
258 461
258 544
258 676
258 896
259 350
259 522
259 646
259 761
259 942
260 395
260 518
260 984
261 283
261 604
261 757
262 295
262 300
262 405
262 627
262 666
262 830
262 886
262 939
263 450
263 763
263 771
263 789
264 516
264 675
264 960
265 266
265 755
265 769
265 854
265 951
266 283
266 358
267 389
267 436
267 619
267 691
267 863
267 976
268 562
269 495
269 742
269 841
269 886
270 903
270 945
271 868
271 973
272 293
272 354
272 687
272 991
273 329
273 362
273 557
273 631
273 785
274 354
274 842
275 560
276 370
277 352
277 765
277 766
278 318
278 335
278 483
278 616
278 873
279 395
279 565
279 596
279 609
279 632
279 893
280 719
280 752
280 955
281 304
281 322
281 368
282 402
282 458
282 862
282 995
283 731
284 453
284 508
284 686
284 847
284 907
284 937
284 978
285 659
285 751
285 862
285 887
286 380
286 476
286 499
286 559
286 874
287 323
287 362
287 742
287 978
288 477
288 908
289 406
289 418
289 626
289 796
289 801
289 921
289 948
289 983
289 999
290 915
290 931
291 590
291 696
291 827
292 348
292 431
292 516
292 707
292 712
292 924
292 997
293 302
293 536
293 648
293 898
293 981
294 397
294 481
294 625
294 779
294 968
295 323
295 868
296 749
296 958
297 419
297 565
297 878
298 402
298 603
298 687
298 703
298 773
298 808
299 413
299 602
299 657
299 691
299 840
299 920
299 931
300 581
300 788
301 372
301 530
301 670
301 890
301 905
302 657
302 824
303 619
304 669
304 762
305 326
305 434
305 508
305 534
305 745
305 912
305 963
306 314
306 371
306 746
306 946
307 623
307 860
307 946
308 373
308 416
308 557
308 562
308 844
309 539
309 558
309 573
309 712
309 741
309 817
309 832
309 872
309 888
310 379
310 419
310 546
310 556
310 703
310 729
310 974
311 331
311 440
311 641
311 695
311 867
311 985
312 377
312 574
312 629
312 726
312 729
312 745
312 983
313 465
313 615
313 782
314 354
314 507
314 527
314 806
315 484
315 511
315 557
315 578
315 774
316 414
316 713
317 323
317 567
317 570
317 743
318 331
318 376
318 504
318 709
319 579
319 610
319 662
319 724
320 496
320 574
320 660
320 726
320 798
320 862
320 879
321 362
321 419
321 458
321 483
321 487
321 501
321 532
321 611
321 677
321 700
321 751
321 870
321 915
322 354
322 804
323 408
323 442
323 499
323 560
323 570
323 941
323 971
324 406
324 483
324 666
325 569
325 691
325 793
326 519
326 548
326 624
326 649
327 416
327 894
327 909
328 423
328 430
328 554
328 645
328 718
328 745
329 355
329 496
329 599
329 609
329 790
329 822
330 437
330 546
330 671
330 740
331 970
332 428
332 430
332 441
332 545
332 711
332 929
333 477
333 507
333 636
333 714
333 815
333 894
334 379
334 407
334 578
334 588
334 780
334 842
334 850
334 938
335 347
335 451
335 462
335 511
335 611
335 713
335 802
335 890
335 923
336 440
336 519
336 558
336 930
336 945
336 976
337 448
337 546
337 664
337 796
337 845
338 648
339 357
339 476
339 537
339 596
339 794
339 928
339 960
339 991
340 716
340 728
341 541
341 591
341 632
341 967
341 985
342 506
342 782
342 838
343 366
343 371
343 382
343 494
343 563
343 700
344 634
344 676
344 806
344 861
344 875
345 548
345 659
346 446
346 498
346 585
346 622
346 636
346 652
346 753
346 815
347 414
347 474
347 504
347 553
347 624
347 710
347 711
347 748
347 786
347 917
349 383
349 387
349 673
349 711
349 821
349 912
350 496
350 599
350 666
350 737
350 922
350 967
351 602
351 695
351 811
351 950
351 978
352 660
352 703
352 796
352 819
352 853
352 930
352 932
353 454
353 696
353 753
354 382
354 414
354 790
354 996
355 526
355 741
355 769
355 969
356 476
356 586
356 995
357 535
357 583
357 990
358 461
359 936
360 531
360 600
360 701
360 826
361 366
361 476
361 601
361 626
361 791
361 833
362 382
362 457
362 504
362 609
362 916
362 929
362 993
363 656
364 407
364 495
364 520
364 674
364 769
364 962
365 547
365 907
366 409
366 642
366 744
366 872
367 398
368 551
368 800
368 851
369 373
369 691
369 715
369 853
370 449
370 535
370 655
370 891
370 893
371 437
371 624
372 666
373 386
373 407
374 624
374 789
374 801
374 942
374 976
375 411
375 461
375 467
375 765
375 815
375 906
376 561
376 893
376 968
376 974
377 434
377 443
377 510
377 811
377 997
378 444
378 978
379 457
379 705
379 758
379 850
379 927
379 975
380 397
380 821
380 847
380 945
381 463
381 542
381 590
381 622
381 833
381 996
382 512
382 551
382 622
382 826
382 982
384 541
384 882
385 592
385 702
385 710
386 614
386 871
387 588
387 938
388 523
388 650
388 774
388 839
388 915
389 539
389 676
389 768
390 427
390 486
390 604
390 648
391 409
391 441
391 553
391 609
391 671
391 708
391 793
392 533
392 671
392 959
393 403
393 437
393 717
393 866
393 959
394 835
394 881
394 923
395 554
395 961
396 444
396 574
396 613
396 683
396 867
397 481
397 593
398 437
398 496
398 813
398 844
398 972
399 502
399 811
400 816
400 894
401 464
401 650
401 669
401 757
401 903
401 926
402 466
402 561
402 702
402 841
403 432
403 499
403 668
403 783
404 772
404 937
405 677
405 704
405 717
405 745
406 884
407 567
407 755
407 996
408 611
408 787
408 940
409 614
409 976
410 492
410 765
410 938
411 563
411 569
411 600
411 767
411 988
412 470
412 531
412 578
412 626
412 714
412 861
413 484
413 522
413 561
413 777
413 835
414 875
415 564
415 681
415 799
415 831
415 902
416 427
416 486
416 502
416 665
416 774
416 956
416 976
416 990
417 467
417 554
417 867
417 888
417 992
418 496
418 609
418 949
420 772
420 887
420 935
420 961
421 464
421 494
421 624
421 734
421 862
422 428
422 535
422 624
422 650
423 928
423 972
424 441
424 481
424 576
424 581
424 594
424 757
424 961
425 673
425 796
425 868
426 620
426 796
427 521
427 596
427 749
427 900
428 672
428 787
430 801
432 576
433 511
433 750
433 885
433 988
434 601
434 658
434 762
434 829
434 886
435 817
436 889
437 552
437 590
437 867
438 728
438 929
438 945
439 788
439 789
439 950
439 966
440 782
441 443
441 538
441 608
441 776
441 794
441 968
442 567
442 846
443 724
443 827
444 449
444 503
444 523
444 753
444 806
445 466
445 516
445 587
445 616
445 819
445 978
446 580
446 600
446 701
446 705
446 766
447 788
447 808
447 994
448 490
448 542
448 872
449 638
449 812
450 473
450 628
450 891
451 952
452 500
452 539
452 960
453 480
453 773
454 534
455 602
455 615
455 664
455 757
455 779
455 818
455 946
456 660
456 843
456 909
457 511
457 771
457 798
458 727
458 784
458 817
458 903
458 914
460 476
460 511
460 571
460 692
460 810
460 863
461 573
461 850
461 897
462 661
462 909
463 597
463 680
463 705
463 841
463 859
463 881
464 483
465 500
465 560
465 610
465 824
466 502
466 608
466 810
467 476
467 670
467 915
467 991
468 527
468 693
468 711
468 723
468 810
469 472
469 508
469 845
470 558
470 638
471 496
471 617
471 683
471 815
471 951
472 758
473 938
473 945
474 774
474 787
474 840
474 844
475 849
475 927
476 541
476 867
477 687
478 588
478 805
478 985
479 775
479 915
481 646
481 682
481 937
481 950
481 955
482 499
482 658
482 953
483 796
483 984
483 997
484 599
484 914
484 919
484 927
485 572
485 730
485 824
485 834
486 600
486 924
487 684
487 905
488 494
488 536
488 678
488 680
488 844
488 848
488 902
488 913
488 938
489 533
489 882
490 865
490 884
491 654
491 675
491 746
491 950
492 726
492 796
492 860
492 937
493 583
493 780
493 880
493 894
494 632
494 663
494 685
494 733
494 832
494 914
495 895
497 555
497 922
498 615
498 682
498 850
498 875
498 906
499 517
500 707
500 911
500 940
501 615
501 648
501 809
501 965
502 796
502 962
503 668
503 987
504 737
504 825
505 570
505 579
505 688
506 523
506 530
506 821
506 893
506 973
506 981
508 536
508 556
508 567
509 561
510 556
510 697
511 527
511 804
511 812
511 966
512 882
512 889
513 712
513 904
514 683
514 778
515 635
515 729
515 760
515 803
515 945
516 685
516 719
516 809
517 762
517 828
518 649
518 737
518 839
519 719
519 882
519 937
520 695
521 658
521 777
521 957
522 779
522 809
522 854
523 597
523 722
523 805
524 564
524 991
525 699
525 899
525 925
526 793
526 878
527 534
527 819
527 892
527 998
528 670
528 959
529 546
529 646
529 957
529 985
530 808
531 557
531 596
531 616
531 733
531 923
532 689
532 792
532 807
532 851
533 551
533 847
534 685
534 942
537 546
537 901
538 572
538 603
538 961
539 986
540 585
540 639
540 776
541 962
542 634
542 713
543 571
543 592
543 759
543 780
543 833
543 889
544 635
544 642
544 875
544 988
545 647
545 898
545 929
546 569
546 921
546 951
547 864
547 921
549 597
549 737
549 952
551 669
551 674
552 678
552 730
552 803
552 843
553 895
553 939
554 626
554 679
554 725
555 570
556 671
556 830
556 913
557 980
558 983
559 570
560 717
560 922
561 701
561 767
562 722
563 753
563 899
563 997
564 704
564 732
564 855
564 894
565 607
566 639
566 981
567 630
567 669
567 776
567 927
568 592
568 619
568 626
568 922
569 605
569 641
569 795
569 819
570 776
570 953
572 827
572 828
573 657
573 677
573 776
573 881
573 882
573 973
574 595
574 614
574 663
574 839
574 920
575 797
575 882
576 640
576 857
576 868
577 716
577 788
577 806
577 900
578 603
578 728
578 734
578 949
578 977
579 818
579 901
580 699
580 956
581 871
581 880
582 699
582 759
583 618
583 769
583 811
583 982
584 706
584 791
584 905
585 886
585 897
586 673
588 802
588 961
589 594
589 704
589 734
589 798
590 848
590 904
591 616
591 679
591 683
591 691
591 764
591 868
592 739
593 813
593 852
593 996
594 704
594 770
594 820
594 927
595 679
595 811
596 600
596 709
596 787
596 927
597 617
597 709
597 712
597 849
598 759
599 612
599 712
599 786
600 651
600 676
600 731
600 733
600 820
600 881
600 988
601 641
601 730
601 765
602 791
602 872
602 899
602 969
603 775
603 798
604 738
605 727
605 745
606 955
607 926
608 697
608 803
608 883
608 959
609 619
609 660
609 857
610 821
611 718
611 877
612 845
612 885
612 958
612 976
613 683
613 703
613 904
614 659
614 737
616 737
616 882
616 927
618 880
619 817
619 901
619 956
620 634
620 730
620 740
620 926
621 878
621 910
622 674
622 718
622 920
624 628
624 768
624 864
624 906
626 913
626 969
627 635
627 748
628 873
629 771
629 785
629 805
629 809
629 812
630 714
630 864
631 641
631 655
631 657
631 810
631 837
632 714
633 692
633 794
634 860
634 896
634 907
634 940
635 865
636 637
636 641
636 930
636 974
637 728
637 929
637 956
638 668
638 888
638 894
638 981
638 994
639 748
639 753
639 793
639 893
639 922
642 957
642 964
643 683
644 854
645 974
646 806
646 884
647 665
647 768
647 774
647 813
647 957
648 667
648 676
648 783
648 966
649 731
649 799
649 862
650 698
651 669
651 827
651 966
652 719
652 749
652 968
652 996
653 694
653 770
653 796
653 937
654 981
655 914
655 948
656 721
656 906
657 738
657 933
658 735
658 737
659 771
659 971
660 665
660 738
660 897
661 695
661 866
661 934
661 974
663 758
663 848
663 954
663 965
664 691
664 698
664 766
665 939
666 882
666 908
668 814
668 985
669 672
669 810
671 828
672 801
672 894
672 969
673 788
674 687
674 825
674 943
675 732
675 920
676 971
677 732
679 778
679 835
680 776
680 904
680 945
681 770
682 771
682 992
683 697
683 958
684 750
684 967
684 981
685 731
685 757
685 794
685 881
686 839
687 715
687 849
687 906
688 784
688 896
689 704
689 787
690 802
691 915
693 751
693 769
694 867
694 970
695 838
697 717
697 807
697 950
698 941
699 856
699 969
700 988
702 883
703 736
703 808
703 898
703 948
704 746
705 727
705 755
705 766
705 899
708 752
708 942
709 747
710 745
710 939
711 737
711 746
711 769
711 965
713 804
714 758
714 765
714 956
715 763
716 869
716 932
717 864
717 922
718 836
719 800
719 869
719 931
720 741
720 876
720 992
721 873
722 740
723 767
723 962
724 955
725 841
726 858
726 882
726 895
728 896
729 915
729 988
730 995
733 747
733 839
735 877
738 851
739 866
739 924
740 869
742 945
743 936
743 960
744 817
744 880
745 787
745 855
746 861
746 978
748 795
748 799
749 900
750 923
750 977
753 771
754 866
754 875
754 951
755 883
755 894
755 984
756 872
757 908
758 963
758 976
759 814
761 765
761 784
761 948
762 936
763 816
764 852
764 995
766 782
766 821
766 859
766 957
768 836
770 839
770 860
770 919
770 949
770 995
772 912
772 981
774 838
774 993
775 799
775 800
776 876
777 934
777 944
778 784
779 876
783 944
784 847
784 879
785 950
786 794
786 814
786 928
788 826
789 819
789 999
790 804
791 832
792 821
793 932
794 856
795 995
796 809
796 837
796 963
799 941
802 882
802 948
802 951
804 880
806 812
807 994
808 850
810 908
811 858
811 868
811 976
814 891
816 866
816 881
816 942
817 862
817 957
819 971
823 897
823 933
823 945
823 998
824 961
825 857
825 955
826 883
826 983
827 993
828 930
829 903
830 935
831 840
832 939
835 949
835 984
836 900
836 916
837 902
838 844
838 973
842 885
843 951
847 937
847 947
848 990
848 996
849 910
850 852
851 866
852 879
852 927
853 885
854 909
854 955
855 879
855 929
856 859
857 932
860 929
861 966
861 994
862 866
862 920
863 967
863 972
864 971
865 880
870 979
871 889
872 968
880 970
884 961
886 896
888 917
889 925
890 944
890 951
891 928
891 990
892 983
896 986
901 997
908 919
911 952
914 921
914 932
915 946
916 947
917 999
918 947
920 975
922 997
932 979
933 954
939 981
940 942
941 993
941 999
944 983
945 995
947 975
949 969
949 996
957 972
957 978
958 979
962 975
962 993
980 999
