0 85
0 119
0 317
0 338
0 480
0 751
0 764
1 32
1 120
1 167
1 262
1 403
1 666
1 805
2 508
2 549
2 932
2 957
3 623
3 699
3 725
3 936
4 136
4 161
4 209
4 360
4 366
4 388
4 467
4 749
4 814
4 974
5 224
5 248
5 364
5 532
5 672
5 774
5 891
6 78
6 171
6 350
6 681
6 996
7 296
7 601
7 630
7 829
8 30
8 383
8 467
8 515
8 617
8 659
8 683
8 696
9 71
9 135
9 313
9 317
9 364
9 668
9 706
10 532
10 724
10 827
10 850
10 891
10 973
10 985
10 998
11 158
11 224
11 246
11 268
11 403
11 555
11 905
12 131
12 173
12 507
12 545
12 597
12 954
13 68
13 707
14 292
14 315
14 443
14 481
14 632
14 645
14 887
15 130
15 157
15 404
15 415
15 754
15 793
15 800
15 813
15 944
16 373
16 767
17 22
17 177
17 311
17 705
17 810
18 104
18 150
18 195
18 255
18 670
18 832
18 931
19 309
19 412
19 631
19 816
19 884
19 888
19 948
20 120
20 174
20 241
20 304
20 410
20 598
20 711
20 736
20 822
20 827
21 96
21 361
21 465
21 506
21 521
21 618
22 108
22 732
22 948
22 949
23 41
23 837
23 844
23 855
23 938
24 618
25 160
25 678
25 699
25 853
26 221
26 320
26 558
26 975
26 989
27 78
27 375
27 468
28 30
28 269
28 314
28 610
28 621
28 765
28 815
29 455
29 601
29 746
29 914
30 117
30 392
30 629
30 683
30 838
30 931
30 998
31 107
31 141
31 241
31 490
31 602
31 790
31 857
32 262
32 467
32 580
32 673
32 689
32 926
32 969
33 143
33 412
33 446
33 678
33 682
33 819
34 96
34 111
34 896
35 136
35 471
35 524
35 826
36 146
36 179
36 205
36 286
36 466
36 675
36 739
36 801
36 903
37 97
37 173
37 829
37 919
37 938
38 283
38 436
38 759
38 896
38 929
39 206
39 286
39 531
39 625
39 652
39 776
39 979
40 100
40 169
40 664
40 778
40 987
41 52
41 529
41 627
41 671
42 427
42 633
42 958
43 233
43 261
43 448
43 514
43 629
43 916
43 939
44 60
44 545
44 646
44 709
44 900
45 223
45 410
45 947
46 292
46 496
46 504
46 939
47 350
47 656
47 672
47 945
47 958
48 54
48 119
48 196
48 215
48 297
48 469
48 575
48 635
48 856
48 868
49 131
49 766
49 829
49 930
50 107
50 304
50 343
50 349
50 378
51 188
51 250
51 491
51 832
51 836
51 884
51 961
52 131
52 415
52 470
52 512
52 672
52 801
53 569
53 859
53 919
54 438
54 913
54 985
55 168
55 258
55 352
55 427
55 655
55 825
56 104
56 243
56 356
56 727
56 823
57 97
57 110
57 187
57 306
57 496
57 512
57 917
57 939
58 132
58 409
58 538
58 675
58 989
59 154
59 392
59 611
59 813
59 817
60 102
60 601
61 163
61 257
61 283
61 525
61 925
62 113
62 120
62 221
62 589
63 92
63 97
63 301
63 536
63 918
63 935
63 988
64 522
64 678
64 821
65 77
65 821
65 865
65 978
66 410
66 427
66 441
66 509
66 763
66 898
66 909
67 109
67 628
67 740
67 755
67 931
68 145
68 383
68 514
68 525
68 652
68 752
69 601
69 760
69 933
70 242
70 604
70 755
70 776
70 805
71 109
71 531
71 567
71 659
71 723
72 111
72 217
72 533
73 547
73 741
73 868
74 221
74 337
74 358
74 578
74 728
75 954
76 80
76 455
76 506
76 712
76 969
77 560
77 754
78 258
78 300
78 386
78 564
78 950
79 159
79 488
79 523
79 537
79 601
79 653
79 855
79 985
80 274
80 427
80 451
80 496
80 705
81 113
81 176
81 642
81 713
81 824
81 993
82 175
82 201
82 894
82 909
82 966
82 979
83 307
83 370
83 722
84 89
84 465
84 510
84 539
84 690
84 743
84 890
85 110
85 320
85 333
85 708
85 754
85 937
86 150
86 183
86 255
86 344
86 364
86 420
86 737
86 878
86 993
87 126
87 143
87 257
87 322
87 373
87 410
87 422
87 464
87 689
87 842
87 931
88 217
88 324
88 645
88 834
89 155
89 197
89 219
89 471
89 622
89 832
89 863
89 965
89 968
90 851
91 358
91 613
91 776
91 834
92 486
92 512
92 516
92 981
93 172
93 599
93 605
93 833
94 205
94 373
94 601
95 194
95 494
95 621
95 781
95 878
96 489
96 661
97 305
97 428
97 733
97 779
97 803
97 856
98 327
98 637
98 992
99 124
99 502
99 515
99 540
99 643
99 653
99 935
100 115
100 267
100 748
100 764
100 790
101 195
101 274
101 328
101 726
101 769
101 843
101 887
101 910
102 315
102 413
102 769
102 993
103 107
103 135
103 181
103 300
103 349
103 447
103 460
103 572
103 620
103 726
103 747
103 862
104 111
104 166
104 197
104 201
104 609
105 271
105 369
105 470
105 793
106 417
106 456
107 189
107 285
107 454
107 459
107 481
107 562
107 957
108 239
108 308
108 754
108 964
109 466
109 615
109 651
109 756
109 867
110 410
110 412
110 782
110 918
111 171
111 493
111 636
111 954
112 255
112 263
112 427
112 768
112 965
113 194
113 262
113 267
113 658
113 720
113 893
113 983
114 495
114 524
114 725
114 991
114 993
115 220
115 337
115 340
115 485
115 570
116 150
116 382
116 423
116 491
116 555
116 634
116 909
117 284
117 371
117 414
117 663
117 671
117 730
117 975
118 459
118 465
118 704
118 833
118 882
118 890
119 170
119 343
119 440
119 544
119 679
119 693
119 816
119 918
120 269
120 549
120 823
120 889
121 129
121 318
122 243
122 299
122 302
122 446
122 466
122 833
123 417
123 513
123 603
123 609
123 822
123 928
124 160
124 232
124 336
124 347
124 384
124 628
124 635
124 672
125 276
125 787
125 937
126 149
126 230
126 305
126 576
126 773
126 925
126 935
127 325
127 878
127 943
127 970
128 368
128 405
128 646
128 680
128 710
129 186
129 643
129 936
130 204
130 294
130 349
130 484
130 520
130 588
130 879
130 954
130 986
131 591
131 633
131 681
131 850
131 952
132 315
132 390
132 407
132 468
132 589
132 726
132 901
133 262
133 299
133 354
133 591
133 670
133 739
133 892
133 998
134 156
134 174
134 411
134 659
134 803
134 916
135 160
135 309
135 368
135 672
135 703
135 814
136 304
136 589
137 179
137 274
137 483
137 503
137 566
137 646
137 698
137 759
137 843
137 963
138 413
138 451
139 353
139 684
139 860
140 287
140 302
140 394
140 479
140 636
140 717
140 790
140 853
140 893
140 953
141 197
141 204
141 213
141 267
141 553
141 621
141 745
141 747
141 750
142 209
142 255
142 336
142 528
142 541
142 566
142 733
142 802
143 172
143 314
143 356
143 362
143 364
143 799
143 951
144 460
144 463
144 470
144 535
144 543
144 700
144 757
144 821
145 259
145 316
145 558
145 991
146 187
146 329
146 725
146 788
147 169
147 513
147 587
147 726
147 743
147 823
147 969
148 181
148 400
148 573
148 584
148 798
149 338
149 413
149 806
149 876
149 931
150 155
150 375
150 574
150 575
150 655
150 969
151 234
151 978
152 321
152 860
153 493
153 661
153 855
154 326
154 393
154 423
154 505
154 549
154 703
154 775
154 865
155 330
155 712
155 952
155 971
156 666
156 906
157 250
157 480
157 861
158 212
158 320
158 589
158 617
158 671
158 835
158 849
158 899
158 928
159 450
159 561
159 574
159 713
159 971
160 223
160 231
160 330
160 416
160 501
160 840
161 179
161 243
161 271
161 361
161 677
161 683
161 697
161 741
161 760
161 855
161 867
162 408
162 602
162 617
162 623
162 647
162 722
162 797
162 862
163 179
163 274
163 513
163 557
163 829
163 909
163 960
163 986
164 282
164 365
164 468
164 843
164 850
165 211
165 286
165 316
165 359
165 368
165 389
165 397
165 471
165 667
165 745
165 997
166 436
166 562
166 676
166 809
166 972
167 641
167 698
167 847
167 864
168 344
168 483
168 651
168 801
169 275
169 286
169 311
169 541
169 660
169 671
169 834
170 299
170 534
170 697
170 780
170 983
171 253
171 341
171 350
171 673
171 865
172 339
172 534
172 556
172 751
172 927
172 954
173 315
173 332
173 360
174 177
174 239
174 317
174 699
174 977
175 375
175 418
175 460
175 715
175 762
175 837
175 847
175 940
176 727
176 839
177 481
177 564
177 588
177 645
177 835
178 425
178 570
178 655
178 935
179 460
179 484
179 510
180 381
180 638
180 677
180 847
180 864
181 409
181 694
181 902
182 252
182 357
182 370
182 496
182 854
183 285
183 315
183 505
183 525
183 758
184 639
184 958
185 377
185 581
185 647
185 758
185 794
185 812
185 991
186 224
186 461
186 717
186 849
187 362
187 473
187 671
187 696
187 979
188 270
188 273
188 348
188 358
188 430
188 680
188 947
189 235
189 391
189 394
189 442
189 685
190 298
190 594
190 612
191 315
191 634
191 650
191 676
191 706
191 905
192 415
192 643
193 326
193 545
193 631
193 635
193 697
193 699
194 243
194 250
194 349
194 396
194 447
194 607
194 872
194 906
194 920
195 278
195 484
195 666
196 445
196 480
196 601
196 675
196 767
197 366
197 678
197 720
197 730
197 745
197 813
197 913
197 926
198 266
198 308
198 351
198 678
198 848
198 955
199 312
199 469
199 487
199 519
199 616
199 753
199 847
200 291
200 322
200 419
200 488
200 702
200 866
201 475
201 478
201 559
201 580
201 705
201 878
201 987
202 408
202 710
202 927
202 936
203 766
203 853
203 879
203 880
204 343
204 777
205 227
205 609
205 707
205 723
205 923
206 232
206 595
206 788
206 956
207 232
207 339
207 524
207 645
208 339
209 298
209 496
209 664
209 922
210 371
210 529
210 856
211 649
211 985
211 988
212 412
212 957
213 255
213 311
213 319
213 342
213 495
213 607
213 927
213 929
214 263
214 316
214 325
214 389
214 435
214 449
214 780
214 794
214 832
214 958
215 336
215 380
215 446
215 669
216 406
216 629
216 663
217 871
217 885
217 931
218 268
218 312
218 420
218 584
218 610
218 975
219 950
220 609
220 611
220 761
220 867
221 697
221 714
221 752
221 813
221 848
221 887
221 915
221 994
222 329
222 465
222 536
222 564
222 627
222 801
222 986
223 435
223 442
223 459
223 605
223 615
223 891
223 899
223 927
224 337
224 437
224 607
224 932
224 937
224 976
225 261
225 272
225 401
225 416
225 486
225 547
225 817
225 846
225 889
226 322
226 371
226 383
226 401
226 882
226 895
226 910
227 365
227 621
227 631
227 937
228 393
228 449
228 584
228 768
228 798
228 818
229 254
229 336
229 603
229 604
229 622
229 742
230 239
230 303
230 545
230 773
231 284
231 291
231 682
232 408
233 363
233 523
233 524
233 600
233 664
233 784
234 369
234 378
234 500
234 505
234 788
234 957
235 559
235 569
235 841
236 335
236 475
236 621
236 651
237 786
237 862
238 359
238 554
238 556
238 603
238 690
239 364
239 586
239 745
239 797
239 899
240 323
240 547
240 690
240 716
240 844
241 326
241 498
241 745
241 944
241 945
242 329
242 493
242 511
242 532
242 673
243 284
243 432
243 458
243 487
243 663
243 754
243 915
244 262
244 293
244 304
244 588
244 774
245 622
245 641
246 364
246 621
246 975
247 646
247 935
247 994
248 341
248 542
248 912
248 981
248 987
249 282
249 637
249 937
249 982
249 992
250 444
251 282
251 545
251 584
251 753
252 401
252 433
252 550
252 575
253 309
253 689
253 777
253 813
254 690
254 816
254 892
254 897
254 919
255 658
255 731
255 980
256 273
256 403
256 520
256 559
256 570
256 636
256 671
257 459
257 523
257 539
257 658
257 753
258 576
258 730
259 385
259 810
259 920
260 649
260 664
260 953
261 456
261 813
261 892
262 391
262 763
263 381
263 650
263 980
264 488
264 637
264 672
264 683
264 886
264 932
265 855
265 957
265 988
266 342
266 632
266 919
267 631
267 838
267 942
268 511
268 833
268 928
268 942
268 963
268 990
269 342
269 415
269 417
269 514
269 575
269 968
270 399
270 413
270 437
270 898
271 371
271 417
271 640
272 275
272 294
273 322
273 574
273 664
273 899
274 650
275 707
275 990
276 550
277 343
277 507
277 888
277 948
278 480
278 585
278 740
278 881
279 401
279 417
279 446
279 562
279 684
279 773
279 825
279 974
280 447
280 482
280 524
280 678
280 805
280 883
280 896
281 381
281 489
281 790
282 311
282 395
282 789
282 946
283 347
283 585
283 971
283 975
284 316
284 375
284 591
284 624
284 782
285 386
285 523
285 540
285 674
285 793
285 822
285 850
285 870
285 928
286 531
286 558
286 747
286 944
286 985
287 294
287 462
287 543
287 562
287 917
288 349
288 428
288 537
288 635
288 637
288 841
288 890
289 304
289 585
289 588
289 719
289 985
290 567
290 815
290 976
291 404
291 412
291 632
291 713
292 429
292 488
292 625
292 645
292 835
293 373
293 396
293 461
293 564
293 733
293 760
294 562
294 943
295 332
295 357
295 601
295 840
295 902
295 989
296 303
296 418
296 425
296 541
296 624
296 974
297 381
297 799
298 804
299 630
300 424
300 513
300 516
300 949
301 426
301 819
301 922
302 335
302 418
302 445
302 765
302 911
302 915
303 418
303 454
303 648
303 931
303 952
303 971
304 707
304 751
304 859
305 595
306 608
306 615
306 838
306 976
307 373
307 381
307 656
308 847
309 390
309 415
309 561
309 672
309 704
309 787
309 901
309 919
310 456
310 467
310 488
310 510
310 663
310 679
311 403
311 469
311 480
311 570
311 667
311 775
312 493
312 636
312 767
312 871
312 951
312 976
313 401
313 471
313 600
313 640
313 912
314 371
314 626
315 395
315 437
315 460
315 787
315 875
315 904
316 489
316 628
317 433
318 503
319 505
319 884
319 983
320 358
320 971
321 559
321 732
322 740
322 795
322 888
323 530
323 815
323 899
323 909
323 913
324 517
324 738
325 490
325 564
325 883
325 977
326 644
327 360
327 867
327 959
328 723
328 774
329 370
329 414
329 759
329 907
329 989
330 355
330 566
330 616
331 893
331 913
332 438
332 487
332 680
333 533
333 680
333 741
333 835
334 474
334 616
334 917
334 968
336 353
336 899
336 934
337 341
337 469
337 602
337 627
337 640
337 919
338 427
338 679
338 732
339 396
339 431
339 663
339 874
340 524
340 547
340 804
340 819
340 975
341 421
341 493
341 731
341 766
341 953
342 428
342 436
343 596
343 641
344 393
344 446
344 522
344 886
345 454
345 751
345 784
345 808
345 911
346 349
346 394
346 401
346 406
346 495
346 609
346 614
346 733
346 776
346 860
346 867
346 921
347 363
347 400
347 435
347 436
347 792
347 863
347 871
347 873
348 355
348 387
348 596
348 766
348 822
348 845
349 354
349 403
349 563
349 611
349 642
349 661
350 438
350 497
350 556
350 688
350 918
350 952
351 426
351 451
351 537
351 544
352 359
352 365
352 437
352 568
352 714
353 524
353 595
353 673
353 783
353 856
354 405
355 991
356 502
356 765
356 996
357 444
357 531
357 626
357 785
357 834
357 911
358 643
359 625
359 638
360 388
360 439
360 855
361 504
361 528
361 877
361 878
362 372
362 466
362 676
363 371
363 698
363 729
363 844
364 436
364 577
364 785
364 823
364 910
365 449
365 853
365 896
366 386
366 690
366 725
366 778
366 837
367 451
367 921
368 438
369 427
369 545
369 582
369 737
370 374
370 531
370 577
370 670
370 719
370 934
371 778
371 796
371 846
371 867
371 876
371 916
372 551
372 659
372 926
373 508
373 677
374 410
374 713
374 765
374 785
374 796
374 937
374 971
375 553
375 805
376 589
376 635
376 679
376 715
377 453
377 582
377 625
377 939
378 393
378 452
378 485
378 825
378 870
379 434
379 705
379 920
379 952
380 446
380 495
380 726
380 774
380 862
380 887
380 994
381 461
381 541
382 432
382 463
382 525
382 669
382 709
382 746
382 949
383 869
384 688
384 791
384 968
385 624
385 821
385 980
385 984
386 584
386 678
386 762
386 769
386 782
387 448
387 552
387 649
387 654
387 824
387 959
388 396
388 550
388 697
388 704
388 845
388 908
389 432
389 784
389 940
390 437
390 783
390 821
391 534
391 965
392 482
392 608
392 618
392 908
392 942
393 589
393 729
393 850
394 433
394 666
394 894
395 445
395 741
395 948
396 560
396 858
397 610
397 653
398 746
398 797
398 828
399 550
399 655
400 474
400 531
400 564
400 887
401 593
401 671
401 723
401 892
402 498
402 620
402 678
402 834
403 422
403 425
403 470
403 480
403 632
403 736
403 849
403 907
403 920
404 534
404 810
404 928
405 783
405 869
406 472
406 866
406 918
407 677
407 765
408 556
408 604
408 707
408 745
408 930
409 906
410 506
410 611
410 704
410 741
411 461
411 514
411 607
411 726
412 414
412 461
412 462
412 510
413 431
413 555
414 440
414 466
414 668
415 442
415 732
415 809
415 822
415 844
416 478
416 884
418 989
419 623
419 839
419 851
419 856
420 624
420 694
420 917
421 452
422 543
422 843
423 563
423 747
423 782
423 864
424 525
424 852
424 871
424 962
425 549
425 684
425 754
425 964
426 646
426 690
427 489
427 668
427 774
427 799
427 984
428 500
428 503
428 759
428 958
429 633
429 793
430 707
430 997
433 667
434 680
434 908
434 937
434 960
435 475
435 609
436 577
436 908
437 696
437 727
437 860
438 670
438 741
440 726
440 903
441 518
441 598
441 602
441 685
442 526
442 570
442 852
443 631
443 641
443 852
443 927
443 970
444 472
444 887
445 460
445 536
445 558
446 475
446 711
446 815
447 572
447 687
447 720
447 721
448 637
448 677
448 813
448 889
449 605
449 771
449 928
450 632
450 839
451 524
451 616
452 515
452 612
452 697
452 838
452 878
453 834
454 583
454 714
454 730
455 463
455 798
455 865
455 877
455 886
456 607
456 643
456 673
456 882
456 980
456 993
457 773
459 930
459 983
460 750
460 839
461 610
461 868
461 996
462 483
462 700
462 759
463 524
463 816
463 938
463 941
464 501
464 526
464 539
464 803
464 945
465 555
465 725
465 852
465 894
466 492
466 503
466 559
466 595
467 685
467 804
467 856
467 913
468 558
468 615
468 907
469 529
470 780
470 807
471 790
472 543
472 639
472 813
473 476
473 619
473 735
473 753
473 771
473 953
474 665
474 770
474 849
474 883
474 979
474 989
475 523
475 838
475 916
476 488
476 765
476 911
477 943
479 559
479 587
479 604
479 846
480 733
481 670
481 765
481 841
483 554
483 604
483 781
483 829
483 930
484 672
484 705
485 492
485 542
485 792
485 873
486 756
486 764
486 841
486 855
486 881
486 896
486 952
486 976
487 496
487 538
487 786
487 817
489 689
489 812
489 816
490 675
491 583
491 627
491 683
491 751
491 794
491 847
491 916
491 954
493 506
493 559
493 717
493 933
494 554
494 579
494 641
495 564
495 576
495 973
496 816
497 551
497 981
498 564
498 842
498 955
499 502
499 703
499 712
499 776
499 873
500 734
500 930
501 790
502 621
502 676
502 783
502 951
503 585
503 896
503 918
503 929
505 990
506 566
506 598
506 648
506 696
508 696
508 900
509 622
509 710
509 830
510 976
511 655
511 700
511 846
512 619
512 736
513 609
513 791
514 823
514 869
514 873
514 979
515 683
516 588
516 768
517 645
517 718
517 940
518 548
518 579
518 664
518 744
518 815
518 855
518 858
518 964
518 980
519 657
519 715
519 816
519 825
520 530
520 746
520 824
520 901
521 639
521 700
521 798
522 692
522 890
522 921
522 947
523 552
523 554
523 753
523 990
524 792
525 618
525 690
525 721
526 531
526 726
526 751
526 774
526 895
526 977
527 708
527 923
527 980
527 986
528 577
528 614
528 826
528 860
528 869
529 672
530 668
530 817
530 927
530 944
530 988
531 700
531 709
532 628
532 810
532 922
532 953
533 538
533 648
533 701
533 879
533 919
533 979
534 602
534 617
534 632
534 695
534 839
534 917
534 988
535 630
536 834
536 865
536 905
536 907
537 666
537 825
537 949
538 730
538 738
538 856
539 578
539 889
540 731
540 950
541 986
542 623
542 806
542 947
542 980
544 703
545 550
545 576
545 701
546 991
547 788
547 992
548 886
548 900
550 553
550 843
550 855
550 877
550 941
550 975
551 572
551 584
551 667
551 671
551 768
551 823
551 878
551 946
553 971
554 600
554 654
554 696
554 812
555 628
556 613
556 661
556 739
556 880
556 882
557 635
557 982
558 661
558 672
558 930
559 574
559 685
559 698
561 686
561 910
563 722
563 934
564 800
564 892
565 661
565 777
565 824
565 938
566 600
566 634
566 651
566 826
566 833
566 936
567 602
567 767
567 825
567 871
567 909
568 824
568 852
568 853
569 666
569 894
569 930
570 632
570 729
570 766
571 670
571 886
572 574
572 640
572 649
572 826
574 998
575 943
576 785
577 748
578 611
578 640
578 767
578 824
578 924
578 994
579 607
579 692
579 841
580 599
580 616
580 745
580 806
581 612
581 792
581 846
581 987
582 819
583 584
583 788
583 836
583 978
584 860
584 900
584 915
585 615
585 620
585 773
585 854
585 860
585 934
586 796
586 818
586 957
587 629
587 660
587 667
587 683
587 696
588 784
588 826
588 848
588 918
588 982
589 615
589 673
589 710
589 783
589 859
589 954
590 957
591 620
591 738
592 611
592 678
592 682
592 930
593 616
593 712
593 757
593 827
593 878
594 883
594 915
594 919
597 619
597 695
599 672
599 914
599 966
599 997
600 612
600 631
600 822
600 847
600 921
601 692
601 737
601 815
601 924
602 610
602 719
602 832
602 911
602 936
602 939
603 619
603 720
603 771
603 800
603 822
603 834
603 980
604 946
604 964
605 674
606 620
606 689
606 868
607 627
607 726
608 654
608 834
608 988
609 801
609 953
610 786
610 787
610 907
610 938
612 761
612 937
613 637
613 818
613 882
613 946
614 787
615 771
615 908
616 627
616 789
616 816
616 949
617 642
617 865
617 887
617 918
617 982
618 658
618 691
618 778
618 796
618 807
619 877
620 676
620 725
620 835
620 908
621 727
621 959
622 683
623 633
623 746
623 759
623 885
624 728
624 976
625 701
625 783
626 888
627 839
628 667
628 684
629 995
632 688
632 713
632 743
632 948
633 787
633 860
633 906
634 708
634 797
634 808
634 865
634 876
634 878
635 690
635 698
635 888
635 975
636 652
636 659
636 691
636 986
637 798
637 942
638 788
638 823
638 864
638 867
639 654
639 683
639 855
640 683
640 966
640 976
641 700
641 701
642 755
642 888
643 653
643 837
644 812
644 975
645 940
646 654
646 983
647 670
647 745
647 768
647 786
647 852
647 895
647 963
648 681
648 783
648 811
648 976
649 667
651 736
651 909
651 924
651 959
652 762
652 787
652 795
652 798
653 683
653 687
653 853
653 865
654 677
654 848
654 943
654 951
655 661
655 891
655 894
655 956
656 834
657 746
657 843
657 972
658 917
659 686
659 715
659 953
659 985
660 885
661 743
661 763
661 938
662 663
662 924
663 697
663 837
663 882
664 757
664 761
664 815
665 770
665 876
666 866
666 969
667 724
669 677
669 764
669 782
669 999
670 682
670 913
672 843
672 946
673 984
674 949
676 687
676 771
678 920
678 999
680 700
680 980
681 931
681 994
682 813
683 739
683 789
684 715
684 739
684 833
685 739
685 793
685 804
685 898
685 972
686 742
686 746
686 785
686 827
686 994
687 736
687 916
689 743
689 951
690 796
691 922
691 935
692 696
693 705
693 766
693 800
693 948
695 806
696 705
696 780
696 880
697 716
698 845
699 954
700 802
700 925
702 810
704 798
706 955
707 932
708 816
708 995
709 925
709 958
710 763
711 773
712 773
712 779
712 953
713 968
714 716
716 744
716 983
717 926
718 866
719 811
720 898
720 902
721 739
721 831
722 736
722 822
723 751
723 888
723 938
725 937
726 945
727 732
727 771
727 968
730 754
730 798
730 803
731 734
733 926
737 849
737 927
737 931
738 887
739 973
740 766
741 807
741 906
741 909
741 957
744 938
745 940
745 968
745 979
745 986
746 941
748 937
750 932
751 791
751 875
751 890
752 830
752 941
753 774
753 925
755 917
755 944
755 959
756 834
756 968
758 802
758 978
760 820
761 809
761 851
761 889
762 882
762 922
762 985
763 764
763 835
763 963
765 850
766 843
767 896
769 784
769 874
769 876
769 936
770 849
770 895
771 867
771 875
771 993
772 913
772 942
773 791
774 890
776 799
776 943
777 853
777 904
778 831
778 917
778 924
781 820
781 876
782 791
782 984
783 824
784 885
785 927
786 794
786 807
786 879
786 948
788 949
788 998
789 825
789 943
789 960
791 926
791 993
792 986
793 845
794 994
795 930
796 817
797 928
798 948
799 825
799 957
799 968
800 908
801 827
801 846
801 991
802 898
803 923
805 814
805 839
806 885
807 889
807 906
807 980
808 881
809 828
810 891
810 935
811 960
812 865
814 850
815 856
815 930
815 972
816 866
816 957
817 965
820 933
821 940
822 836
824 905
826 898
826 917
826 934
828 947
828 996
829 882
829 888
830 878
830 931
831 954
833 945
833 956
834 867
834 925
834 955
835 945
836 877
836 994
836 998
839 874
840 866
840 873
841 998
842 858
842 956
844 946
845 906
845 927
845 970
846 921
847 946
848 948
848 987
852 944
853 933
854 968
855 910
856 956
857 873
857 890
858 905
858 948
858 966
859 871
859 876
859 891
859 955
860 959
862 899
862 985
863 894
863 940
863 958
863 961
864 903
866 899
867 903
867 981
868 994
870 983
873 920
875 885
877 930
878 977
880 979
881 907
881 995
882 900
883 919
885 926
890 937
891 987
892 914
895 971
895 979
898 985
899 976
901 942
903 951
903 984
909 938
911 916
912 958
913 972
913 994
914 936
915 961
915 996
917 918
918 973
920 930
920 944
922 967
923 980
925 929
927 982
930 993
936 940
936 969
948 994
949 952
950 970
950 979
955 969
975 978
978 982
980 987
