0 65
0 151
0 192
0 290
0 442
0 659
0 708
1 435
1 482
1 588
1 674
1 711
1 769
1 937
2 55
2 324
2 386
2 424
2 450
2 584
3 194
3 516
3 532
3 626
3 778
4 72
4 138
4 147
4 437
4 497
4 568
4 807
4 888
4 920
5 164
5 222
5 694
5 816
5 946
5 964
6 210
7 144
7 156
7 202
7 246
7 265
7 311
7 398
7 670
7 736
7 763
8 164
8 543
8 647
8 739
8 863
8 951
8 954
9 93
9 509
9 712
9 737
10 197
10 276
10 321
10 324
10 374
10 725
10 734
10 744
10 796
11 54
11 69
11 608
11 619
11 697
11 865
11 935
12 47
12 200
12 454
12 614
13 74
13 81
13 367
13 570
14 54
14 230
14 315
14 416
14 417
14 456
14 659
14 721
14 762
14 773
15 69
15 114
15 253
15 737
15 863
15 900
15 919
16 24
16 60
16 78
16 244
16 355
16 376
16 475
16 905
17 18
17 896
17 934
18 99
18 113
18 142
18 216
18 265
18 368
18 468
18 684
19 26
19 96
19 240
19 986
20 89
20 343
20 357
20 731
20 743
20 748
20 755
20 925
21 478
21 578
21 630
21 833
22 75
22 371
22 871
23 563
23 582
23 831
24 41
24 50
24 565
24 853
24 867
25 334
25 379
25 404
25 440
25 457
25 520
25 578
25 955
25 984
26 29
26 62
26 222
26 351
26 478
26 855
26 923
27 93
27 107
27 183
27 290
27 337
27 578
27 581
27 906
28 120
28 207
28 214
28 268
28 665
29 316
29 410
29 705
29 925
30 84
30 96
30 331
30 367
30 598
30 706
30 864
31 108
31 284
31 415
31 738
32 277
32 494
32 656
32 781
32 835
32 907
32 980
33 364
34 213
34 270
34 334
34 348
34 759
34 834
34 980
35 37
35 63
35 361
35 445
35 509
35 549
35 655
35 949
36 166
36 410
36 529
36 791
36 938
36 986
37 442
37 527
37 545
37 613
37 687
38 48
38 363
38 725
38 728
38 904
39 82
39 544
39 583
39 601
39 778
39 987
40 55
40 111
40 162
40 591
41 109
41 257
41 367
41 371
41 559
41 818
42 551
42 600
42 662
42 720
42 752
42 804
43 55
43 164
43 263
43 439
43 840
43 928
43 979
44 69
44 125
44 319
44 639
44 793
44 820
45 80
45 200
45 358
45 370
45 386
45 496
45 497
45 750
46 636
46 672
46 752
46 758
46 871
47 176
47 455
47 504
47 509
47 516
47 687
47 738
47 755
47 928
48 624
48 661
49 130
49 784
49 798
49 868
50 127
50 188
50 253
50 280
50 293
50 718
50 898
51 141
51 169
51 408
51 763
51 867
51 975
52 354
52 373
52 729
52 836
53 232
53 272
53 660
54 72
54 120
54 323
54 329
54 483
54 859
55 480
55 506
55 664
56 217
56 238
56 477
56 946
57 387
57 915
58 122
58 579
58 591
58 743
58 766
58 803
59 76
59 131
59 291
59 418
59 540
59 671
59 795
60 615
60 746
61 228
61 230
61 373
61 465
61 493
61 829
61 974
62 343
62 355
62 816
62 912
63 254
63 429
63 467
63 851
63 950
63 961
64 391
64 473
64 496
64 507
65 73
65 227
65 371
65 543
65 580
65 612
65 785
65 811
66 347
66 538
66 719
66 776
66 808
67 173
67 249
67 642
67 644
67 662
67 696
68 80
68 164
68 220
68 520
68 616
68 800
68 809
68 814
68 894
68 926
69 195
69 576
69 602
69 883
69 943
70 367
70 627
70 647
70 759
70 817
71 392
71 412
71 670
71 765
71 826
72 284
72 399
72 762
72 860
72 997
73 96
73 215
73 367
73 380
73 688
73 820
73 944
74 107
74 192
74 233
74 693
74 770
74 849
74 870
75 146
75 199
75 286
75 462
75 939
76 212
76 533
76 787
76 866
76 944
77 221
77 222
77 347
77 472
78 138
78 228
78 745
78 816
78 953
79 148
79 563
79 590
79 755
80 170
80 218
80 663
80 826
80 858
80 992
81 86
81 95
81 131
81 249
81 444
81 534
81 608
81 640
81 717
81 905
82 99
82 431
82 757
82 791
82 840
82 966
83 227
83 508
83 516
83 519
83 738
83 743
84 394
84 644
84 705
84 910
85 240
85 475
85 495
85 499
86 379
86 486
86 824
86 863
87 102
87 197
87 492
87 588
88 239
88 415
88 534
88 818
88 845
89 309
89 352
89 490
89 527
89 901
90 174
90 227
90 828
90 843
90 999
91 148
91 178
91 224
91 225
91 627
91 901
92 107
92 196
92 278
92 637
92 703
92 821
92 951
93 109
93 295
93 449
93 568
94 340
94 360
94 492
94 750
94 769
94 777
94 792
95 151
95 349
95 900
96 365
97 159
97 401
97 488
97 777
97 900
98 124
98 863
99 202
99 256
99 321
99 354
99 362
99 446
99 569
99 844
99 925
100 146
100 455
100 944
101 496
101 675
101 873
101 992
102 140
102 517
102 703
102 732
102 775
102 954
103 398
103 562
103 902
103 955
104 133
104 159
104 306
104 397
104 446
104 871
104 966
105 136
105 250
105 430
105 513
105 794
105 825
105 860
105 864
105 924
105 948
106 323
106 477
106 516
106 584
106 816
106 886
107 682
107 861
107 931
108 197
108 224
108 291
108 469
108 627
108 874
108 925
108 994
109 150
109 151
109 416
109 753
109 820
110 670
110 839
110 943
111 180
111 479
111 573
111 655
111 927
111 957
112 247
112 315
112 589
112 603
113 416
113 485
113 717
113 865
114 192
114 409
114 693
114 774
114 832
115 130
115 663
115 834
115 894
116 155
116 292
116 372
116 392
116 509
116 581
116 685
116 702
116 824
117 565
117 594
117 616
117 784
117 832
117 917
117 950
118 152
118 677
118 822
119 251
119 490
119 813
119 970
120 321
120 467
120 711
120 943
121 612
121 757
121 944
122 132
122 157
122 376
122 663
122 759
122 889
123 354
123 670
123 881
123 950
124 315
124 397
124 535
124 623
124 632
124 693
124 833
124 838
125 130
125 489
125 764
125 872
125 966
126 295
126 395
126 512
126 833
127 227
127 837
127 887
127 953
127 961
128 329
128 585
128 607
128 676
128 781
128 881
128 919
129 217
129 282
129 316
129 446
130 702
130 940
131 341
131 389
131 390
131 806
131 912
132 192
132 210
132 726
132 937
132 938
133 200
133 333
133 511
133 625
133 670
133 721
133 890
134 228
134 523
134 635
134 854
135 494
135 515
135 762
135 812
135 879
136 432
136 446
136 667
136 687
136 906
137 250
137 713
137 726
137 732
137 820
138 237
138 439
138 535
138 858
138 897
139 256
139 268
139 467
139 497
139 506
139 607
139 836
139 849
139 915
140 192
140 397
140 743
140 777
141 159
141 239
141 821
141 898
142 226
142 268
142 299
142 752
142 822
142 982
143 492
143 831
143 880
144 156
144 299
144 365
144 508
144 690
144 791
144 832
144 885
145 316
145 367
145 373
145 457
145 510
145 672
145 738
145 863
145 984
146 227
146 432
146 476
146 506
146 861
146 898
147 342
147 349
147 406
147 509
147 631
147 913
147 962
147 994
148 218
148 236
148 350
148 773
149 649
149 656
149 748
149 885
149 971
149 979
150 190
150 257
150 329
150 713
150 759
150 851
150 858
151 261
151 363
151 422
151 428
151 528
151 733
152 169
152 241
152 327
152 389
152 419
152 474
152 512
152 699
152 821
152 823
153 162
153 194
153 369
153 849
153 938
154 188
154 189
154 512
154 561
154 707
154 785
155 368
155 467
155 681
155 826
156 712
156 753
156 825
156 871
157 205
157 302
157 380
157 454
157 743
157 905
157 951
158 346
158 771
159 864
160 355
160 642
160 721
160 887
160 952
161 621
161 841
162 188
162 245
162 836
162 916
163 287
163 291
163 377
163 500
163 531
163 723
163 980
164 322
164 422
165 185
165 365
165 647
165 670
165 953
166 180
166 515
166 685
166 764
166 830
166 848
166 996
167 197
167 457
167 496
167 963
168 206
168 383
168 490
168 579
168 616
168 674
168 715
168 824
168 827
168 941
169 285
169 463
169 482
169 693
169 740
169 803
169 920
170 184
170 321
170 376
170 428
170 460
170 665
170 803
170 911
171 267
171 326
171 342
171 437
171 561
171 599
171 649
171 691
171 870
171 949
171 968
172 186
172 427
172 566
172 629
173 182
173 261
173 494
173 825
173 991
174 340
174 404
174 564
174 593
174 663
174 715
174 735
174 743
175 310
175 459
175 574
175 603
175 794
175 832
175 902
176 444
176 679
176 825
176 928
177 503
177 701
177 713
177 783
177 916
178 389
178 532
178 568
178 644
179 216
179 299
179 313
179 317
179 609
179 636
179 852
179 925
180 314
180 578
180 750
180 972
181 555
181 663
181 676
181 866
181 959
182 240
182 552
182 676
182 808
182 851
183 282
183 401
183 630
184 258
184 417
184 435
184 837
184 906
184 961
184 966
185 346
185 413
186 264
186 886
187 297
187 334
187 574
187 820
187 891
187 931
188 591
188 655
188 708
189 319
189 323
189 390
189 746
189 748
189 803
190 293
190 460
190 722
190 756
191 215
191 596
191 784
191 989
192 390
192 410
192 456
192 473
192 546
192 933
193 205
193 320
193 372
193 624
193 775
193 800
193 883
193 984
194 716
194 920
195 258
195 455
195 552
195 699
195 847
195 878
195 922
196 292
196 377
196 398
196 528
196 573
196 630
196 909
197 303
197 327
197 597
197 611
198 604
198 648
198 695
198 950
198 994
199 274
200 468
201 494
201 868
202 387
202 451
202 578
202 700
202 998
203 285
203 823
204 434
204 533
204 612
204 644
204 811
204 912
205 218
205 360
205 536
205 600
205 684
205 742
205 830
205 864
205 895
206 418
206 659
206 989
207 283
207 634
207 693
207 983
208 750
208 846
208 868
208 984
209 686
209 879
209 905
209 964
210 520
210 860
211 264
211 647
211 690
211 721
211 740
211 791
211 856
212 380
212 639
212 696
212 886
212 896
213 598
213 835
213 939
214 372
214 563
214 771
214 812
215 227
215 372
215 652
215 796
215 883
216 453
216 711
216 740
216 798
216 877
216 981
217 266
217 482
217 527
217 549
217 624
217 955
218 248
218 271
218 454
219 305
219 604
220 317
220 893
221 231
221 789
222 430
222 562
222 803
222 861
222 900
223 314
223 319
223 354
223 478
224 455
224 565
224 668
224 736
224 782
225 228
225 232
225 294
225 352
225 475
225 559
225 656
225 663
225 674
225 735
225 921
226 256
226 336
226 369
226 506
226 533
227 235
227 575
227 771
227 907
227 935
228 319
228 361
228 452
228 742
228 902
229 392
229 454
229 548
229 646
229 823
230 274
230 479
230 696
230 723
231 560
231 692
231 715
231 719
231 790
232 677
232 816
232 943
233 557
233 663
233 929
234 481
234 981
235 315
235 370
235 697
235 870
236 327
236 769
237 277
237 336
237 344
237 394
237 428
237 645
237 968
238 539
238 718
238 750
239 245
239 268
239 327
239 388
239 471
239 580
239 690
239 705
239 812
239 900
239 943
239 953
240 287
240 294
240 536
240 565
240 781
240 885
241 487
241 489
241 663
241 877
241 959
241 988
242 320
242 622
242 730
243 310
243 412
243 432
243 574
243 632
243 819
243 845
244 316
244 332
244 348
244 362
244 377
244 397
244 593
244 679
244 707
244 998
245 277
245 350
245 364
245 368
245 376
245 460
245 712
246 498
246 597
246 702
246 714
246 738
246 796
246 858
247 543
247 728
247 836
247 931
248 364
248 977
249 314
249 381
249 615
249 697
249 879
249 921
250 300
251 679
251 808
251 935
252 336
252 435
252 474
252 511
252 731
252 970
253 267
253 323
253 397
253 694
253 709
253 803
253 897
254 488
254 619
255 256
255 307
255 340
255 345
255 443
255 455
255 485
255 655
255 859
255 970
256 581
256 625
256 639
257 312
257 464
257 676
257 901
257 960
258 436
258 467
258 816
258 845
258 996
259 617
259 708
259 849
259 976
260 360
260 536
260 785
260 843
260 895
260 899
261 769
262 383
262 436
262 666
262 849
262 990
263 439
263 484
263 633
263 643
263 655
264 493
264 709
265 296
265 378
265 561
265 627
265 655
266 381
266 408
266 446
266 462
266 549
267 346
267 462
267 755
268 310
268 709
268 729
268 819
268 920
269 324
269 479
269 600
269 662
269 837
270 570
270 618
270 622
270 646
270 738
270 843
270 992
271 416
271 842
271 940
272 288
272 417
272 472
272 492
272 633
272 886
272 923
272 994
273 585
273 909
274 827
275 359
275 877
275 957
276 281
276 762
276 969
277 429
278 736
278 812
278 843
279 283
279 531
280 651
280 730
280 844
280 853
280 923
281 373
281 521
281 720
282 375
282 690
282 716
282 876
283 488
283 512
283 787
284 535
284 935
284 985
285 482
285 540
285 909
286 417
286 486
287 315
287 377
287 739
287 839
287 842
287 845
287 868
288 550
289 739
289 903
289 981
290 556
290 699
290 776
291 694
291 780
291 844
292 395
292 593
292 799
292 909
293 319
293 981
294 310
294 601
294 750
294 819
294 915
294 955
295 415
295 478
295 599
295 748
295 768
295 786
295 841
295 979
295 981
296 524
296 577
297 624
297 661
297 810
297 843
297 880
297 947
298 680
298 708
298 710
298 778
298 880
299 477
299 613
299 672
299 705
299 711
299 732
299 817
300 403
300 708
300 973
301 616
301 834
301 874
301 996
302 525
303 344
303 984
304 497
304 544
304 778
305 324
305 637
305 872
305 952
306 315
306 506
306 620
306 677
306 701
306 720
306 851
307 325
307 535
307 694
307 962
308 423
308 644
308 787
309 435
309 485
309 486
309 512
309 594
310 622
310 885
311 672
311 703
311 720
312 541
312 632
312 706
312 876
312 911
313 757
313 841
313 905
313 971
314 338
314 501
314 737
314 972
314 974
314 980
315 322
315 323
315 740
315 788
316 439
316 563
316 592
317 430
317 947
318 658
318 819
319 523
320 413
320 564
320 612
321 419
321 596
321 649
322 384
322 867
322 922
323 401
323 478
323 727
323 799
323 988
324 344
324 360
324 501
324 552
324 857
325 402
325 524
325 603
325 809
325 924
326 389
326 692
326 908
327 388
327 835
327 874
327 954
328 419
328 493
328 686
328 810
329 681
330 528
330 629
330 703
330 772
330 817
330 910
331 577
331 619
331 812
332 365
332 367
332 837
332 947
332 960
333 768
333 865
333 894
333 979
333 989
334 358
334 417
334 728
334 809
335 524
335 680
335 729
335 740
335 888
336 476
336 550
336 553
336 656
336 830
337 382
337 770
338 529
338 556
338 690
338 714
338 769
339 370
339 393
339 451
339 723
339 807
339 908
339 925
340 372
340 576
340 649
341 751
341 770
341 869
341 974
341 986
342 413
342 486
342 527
342 575
342 692
342 710
343 464
343 688
343 716
344 664
344 702
345 376
345 380
345 395
345 470
345 551
345 558
345 615
345 803
345 851
346 481
346 579
346 827
347 550
347 778
347 839
347 894
347 963
348 505
348 664
348 731
348 910
348 943
348 945
349 419
349 858
349 922
349 952
350 533
350 631
350 641
350 657
350 668
351 440
351 608
351 653
351 697
351 896
352 376
352 647
352 755
352 808
353 529
353 543
353 685
353 993
354 438
354 621
354 673
354 804
354 849
355 460
356 519
356 572
356 765
356 839
356 958
357 369
357 624
357 637
357 651
357 881
358 669
358 718
358 914
359 363
359 536
359 917
359 947
359 989
360 378
360 448
361 377
361 657
361 769
361 829
361 888
361 955
361 957
362 845
362 926
362 951
363 607
363 652
363 817
363 853
364 503
364 868
365 379
365 502
365 513
365 794
365 992
366 717
366 791
367 607
367 728
368 821
368 907
369 472
369 691
369 900
370 520
370 811
371 630
371 823
371 946
371 958
372 424
372 539
373 818
374 377
374 392
374 996
375 389
375 428
375 565
375 594
375 638
375 668
375 691
375 809
375 923
376 421
376 583
376 731
376 816
376 929
376 956
377 398
377 634
377 985
378 947
379 761
379 793
380 496
380 567
380 630
380 760
380 761
381 470
381 503
381 563
382 426
382 489
382 576
382 889
383 779
383 888
383 915
384 762
385 399
385 401
385 484
385 521
385 546
386 704
386 860
387 504
387 525
389 714
389 980
390 724
390 759
390 781
390 952
391 766
391 822
392 743
392 836
392 962
393 470
393 636
393 926
394 439
394 644
394 894
395 448
395 518
395 791
396 434
396 473
396 547
396 598
397 668
399 415
399 460
399 544
399 561
399 689
400 433
400 488
400 624
400 928
400 971
401 475
401 664
401 777
401 807
401 923
402 420
402 462
402 468
402 629
402 636
402 813
402 930
402 979
403 772
403 821
403 880
403 993
404 434
404 826
405 742
405 833
405 977
407 473
407 502
407 583
407 730
407 811
407 973
408 577
408 786
409 480
409 506
409 666
409 817
410 469
410 578
410 695
410 723
410 829
411 418
411 461
411 604
411 615
411 654
411 735
411 760
411 776
412 487
412 742
413 577
413 853
413 857
413 992
414 939
414 952
414 963
415 467
415 558
415 717
415 842
415 916
415 918
415 931
416 492
416 555
416 698
416 761
417 849
418 628
419 777
419 851
419 921
419 961
420 958
421 544
421 695
422 677
422 731
422 927
423 894
423 996
424 597
424 800
424 845
425 652
425 788
425 887
426 487
426 615
426 772
426 862
426 889
427 453
427 651
427 687
427 793
427 860
428 495
428 963
429 516
429 607
429 608
429 740
429 745
429 992
430 459
430 516
430 532
430 602
430 646
430 655
430 767
430 987
431 455
431 609
431 731
432 916
433 563
434 478
434 490
434 814
435 472
435 691
436 560
436 687
436 706
436 801
436 806
436 821
436 870
437 441
437 746
437 836
437 921
437 977
438 791
439 523
439 995
440 681
440 685
440 742
440 790
441 663
441 905
441 920
441 935
442 463
442 485
442 501
442 514
442 553
442 638
442 786
443 465
443 555
443 616
443 620
443 686
443 842
444 509
444 613
444 743
445 593
445 674
445 688
445 840
446 501
446 573
446 677
446 694
446 730
446 920
446 963
447 518
447 537
447 688
447 868
447 928
448 513
448 624
448 752
448 961
448 986
449 724
449 785
450 495
450 504
450 735
450 769
450 910
450 939
451 522
451 788
451 982
452 484
452 756
452 816
453 472
453 542
453 589
453 594
453 754
453 779
454 468
454 678
454 736
454 748
454 904
454 925
454 987
454 997
455 476
456 561
456 644
456 920
456 952
457 783
458 538
458 731
459 562
459 654
459 755
459 893
459 969
460 525
460 561
460 716
460 736
461 690
461 709
461 877
462 501
463 644
463 901
464 664
464 846
464 898
464 937
465 524
465 561
465 740
465 914
466 468
466 524
466 958
467 532
467 547
467 634
467 753
468 472
468 578
468 596
468 843
468 941
469 644
469 779
470 511
470 651
470 802
471 512
471 698
471 877
472 880
472 906
472 941
473 557
473 765
473 899
473 956
473 963
473 984
474 808
474 819
474 893
475 479
475 525
475 549
475 620
475 977
476 625
477 484
477 568
477 754
477 893
477 894
478 613
478 697
478 776
478 781
478 962
479 526
479 686
479 786
480 737
480 764
480 835
481 540
481 753
481 776
481 903
481 993
482 830
482 837
482 841
483 518
483 535
483 560
483 770
484 712
484 769
484 871
485 651
485 892
486 579
486 596
486 619
486 722
486 758
487 584
487 716
487 794
487 841
487 886
487 968
488 547
488 571
488 817
488 843
488 934
488 987
489 584
489 716
489 826
489 845
489 944
490 530
490 594
490 645
490 646
490 696
490 730
491 636
491 755
491 811
492 800
493 643
493 688
493 738
493 839
494 561
494 642
494 700
494 797
494 872
494 898
494 901
495 506
495 554
496 608
496 615
496 906
497 669
497 703
497 921
497 987
497 999
498 664
498 889
498 904
499 654
499 946
500 515
500 543
500 961
501 591
501 787
501 792
501 996
502 573
502 735
502 751
502 972
503 587
503 630
503 834
503 845
504 587
504 589
504 624
504 625
504 704
504 803
504 923
505 765
505 823
505 856
505 986
506 561
506 939
507 621
507 976
508 551
508 621
508 855
508 944
509 633
509 785
511 530
511 643
511 725
511 822
511 934
512 828
512 998
513 805
513 937
514 662
514 769
514 856
515 532
515 581
515 705
515 817
515 995
516 628
516 791
517 700
517 772
518 522
518 705
518 974
519 646
519 752
519 921
520 790
520 837
521 659
521 957
522 970
524 609
524 923
524 962
525 540
525 543
525 899
525 930
526 881
526 891
526 895
527 746
527 967
528 821
529 779
529 840
530 795
530 954
532 971
533 539
533 755
533 784
534 779
534 849
534 880
534 933
535 549
535 583
535 746
535 849
535 900
536 537
536 572
536 601
536 619
536 891
537 619
537 722
537 724
538 549
538 586
538 903
539 874
540 733
540 751
540 868
540 869
540 898
540 954
541 617
541 711
541 869
541 892
542 615
542 653
542 747
543 673
543 928
544 758
544 788
544 827
546 657
546 676
546 778
547 693
547 942
547 964
548 603
548 745
548 962
549 579
549 781
549 828
549 861
550 650
550 713
550 879
550 911
550 981
551 845
552 556
552 586
552 810
552 845
552 869
552 902
553 772
554 621
554 641
554 661
554 893
554 947
554 953
555 629
555 743
555 757
556 568
557 585
557 722
557 775
557 802
558 576
558 616
558 752
558 798
559 689
559 998
560 565
560 569
560 659
561 637
561 929
561 961
562 615
562 623
562 627
562 662
563 577
563 641
563 729
564 565
564 653
566 799
566 820
566 889
567 587
567 660
567 686
567 751
567 839
567 950
567 956
568 634
568 783
568 978
569 575
569 691
570 762
570 914
570 921
571 599
571 664
571 746
571 815
571 998
572 865
572 933
572 943
572 944
572 991
573 702
573 859
573 875
574 668
574 682
574 969
575 660
576 623
576 829
577 856
578 698
578 792
578 897
578 903
579 681
579 792
579 824
580 766
580 795
581 769
581 904
581 936
582 637
582 698
582 816
582 957
583 602
584 710
584 712
584 766
584 795
584 805
584 849
584 899
585 831
586 875
586 969
587 690
588 634
588 901
589 618
589 641
589 725
589 749
589 865
589 912
589 928
589 957
590 698
590 824
591 932
592 975
593 766
593 770
593 814
593 887
594 977
594 989
595 598
595 676
595 907
595 985
595 996
596 733
596 765
596 962
597 640
597 705
597 783
597 984
598 644
598 725
598 746
598 963
599 606
599 672
599 773
599 963
600 931
601 655
601 691
601 988
602 853
602 886
603 626
603 746
603 965
604 664
605 850
605 872
605 882
607 625
607 808
607 975
608 843
609 947
610 873
610 990
611 772
612 651
612 716
612 772
612 866
613 646
613 718
614 790
614 821
615 627
616 739
616 801
617 637
617 664
617 986
618 747
619 636
619 710
619 723
619 925
620 644
620 722
620 927
621 913
622 654
622 764
622 834
622 868
623 728
623 857
624 830
625 626
625 893
626 754
626 881
626 934
626 973
627 747
627 944
628 710
628 800
628 822
628 882
628 975
629 902
629 921
629 931
631 805
631 971
633 861
634 836
634 839
634 889
634 942
635 745
635 894
636 696
636 864
636 963
637 787
637 838
637 857
637 862
637 920
637 933
638 708
638 766
638 784
638 896
639 640
639 742
639 946
640 648
640 872
641 681
642 709
642 734
642 788
644 768
644 906
645 818
646 679
646 785
647 867
647 914
648 713
648 879
648 986
649 829
649 952
649 961
651 712
652 710
653 671
653 732
653 777
653 823
654 787
654 868
655 694
655 715
655 801
655 870
656 746
657 669
657 677
657 778
657 809
657 895
658 719
659 662
659 842
660 837
661 788
661 828
661 846
662 920
662 942
665 742
665 780
665 870
665 905
665 964
666 750
666 935
667 690
667 693
670 944
670 998
671 756
671 946
672 745
672 841
673 707
673 770
673 856
674 690
674 724
674 816
674 882
675 969
676 795
676 830
676 940
677 824
677 865
677 897
677 985
677 989
678 775
678 938
679 751
679 806
679 936
680 769
681 881
682 830
682 879
683 720
684 702
684 883
686 696
686 986
688 862
688 937
688 969
689 789
689 797
689 819
689 839
689 973
692 857
693 753
693 866
695 760
695 910
695 936
696 911
697 804
697 840
697 945
698 892
698 893
698 901
698 903
699 863
700 733
700 835
700 840
701 815
701 945
703 947
703 960
704 800
704 983
705 790
705 899
707 790
707 917
708 965
709 935
710 856
711 961
711 991
712 716
712 845
712 986
713 890
714 813
714 899
715 836
716 878
716 884
717 785
717 788
717 848
717 902
718 872
718 946
718 965
718 994
719 869
719 928
719 938
720 747
720 903
720 947
721 825
721 900
722 757
722 777
722 853
722 899
723 883
724 973
725 991
726 820
726 949
727 819
728 825
728 924
728 931
729 776
729 821
729 846
729 897
729 922
729 957
730 797
731 757
731 775
731 821
731 990
732 765
734 974
736 777
736 879
737 804
737 812
737 865
738 771
738 824
738 990
739 799
739 817
739 951
741 774
741 976
741 980
741 983
742 854
742 897
743 758
743 783
743 819
744 846
745 763
746 854
748 869
749 953
750 766
750 898
751 940
752 849
752 895
754 956
755 861
755 888
755 938
756 812
756 938
756 984
757 857
759 792
760 796
760 908
761 820
761 957
762 931
763 950
764 894
764 988
765 783
765 829
765 950
765 999
766 783
767 769
767 794
767 933
768 801
770 790
771 942
773 868
773 896
773 908
773 921
773 997
774 809
776 926
777 824
781 875
783 855
784 910
785 921
786 829
788 812
788 861
789 790
790 922
791 888
792 820
792 934
793 818
794 852
794 992
795 871
796 958
796 967
799 916
800 825
800 936
800 947
801 922
801 993
804 858
804 905
806 836
806 924
807 811
808 820
808 877
808 951
808 959
809 847
809 982
811 832
814 846
814 850
814 943
815 906
816 937
817 920
820 971
821 965
822 965
823 878
823 921
824 883
825 976
826 828
826 851
827 859
829 939
831 869
832 986
834 899
838 942
838 945
838 955
839 885
841 921
842 895
845 956
845 984
846 889
846 910
846 993
847 894
847 916
850 964
851 937
851 986
852 993
852 996
854 921
854 965
855 895
859 920
860 863
861 907
861 916
861 962
861 983
862 899
862 900
863 955
864 932
866 928
866 932
866 940
867 972
868 923
868 952
868 958
869 945
870 952
870 995
872 876
875 926
880 902
884 989
886 966
888 889
888 901
888 911
890 898
891 910
891 922
891 975
892 993
893 962
900 987
900 990
900 996
904 969
905 919
905 948
907 946
907 985
908 948
910 934
910 950
911 989
917 925
918 948
919 936
922 986
923 971
924 999
941 967
945 960
946 965
949 976
951 959
953 976
966 971
972 977
974 985
976 985
986 989
